0.000000 0.000000
0.005002 -0.000474
0.010003 -0.000515
0.015005 -0.000440
0.020006 -0.000290
0.025008 -0.000167
0.030009 -0.000155
0.035011 -0.000234
0.040012 -0.000295
0.045014 -0.000272
0.050015 -0.000223
0.055017 -0.000258
0.060018 -0.000403
0.065020 -0.000585
0.070021 -0.000714
0.075023 -0.000746
0.080024 -0.000667
0.085026 -0.000490
0.090027 -0.000300
0.095029 -0.000235
0.100030 -0.000354
0.105032 -0.000539
0.110033 -0.000580
0.115035 -0.000374
0.120036 -0.000039
0.125038 0.000188
0.130039 0.000145
0.135041 -0.000131
0.140042 -0.000424
0.145044 -0.000506
0.150045 -0.000323
0.155047 -0.000025
0.160048 0.000200
0.165050 0.000310
0.170051 0.000388
0.175053 0.000479
0.180054 0.000498
0.185056 0.000342
0.190057 0.000058
0.195059 -0.000145
0.200060 -0.000087
0.205062 0.000169
0.210063 0.000364
0.215065 0.000321
0.220066 0.000122
0.225068 -0.000029
0.230069 -0.000040
0.235071 0.000029
0.240072 0.000089
0.245074 0.000091
0.250075 0.000005
0.255077 -0.000145
0.260078 -0.000231
0.265080 -0.000118
0.270081 0.000173
0.275083 0.000438
0.280084 0.000448
0.285086 0.000134
0.290087 -0.000365
0.295089 -0.000773
0.300090 -0.000815
0.305092 -0.000404
0.310093 0.000250
0.315095 0.000757
0.320096 0.000838
0.325098 0.000500
0.330099 -0.000015
0.335101 -0.000422
0.340102 -0.000553
0.345104 -0.000414
0.350105 -0.000134
0.355107 0.000156
0.360108 0.000378
0.365110 0.000510
0.370112 0.000549
0.375113 0.000498
0.380115 0.000366
0.385116 0.000190
0.390118 0.000044
0.395119 -0.000008
0.400121 0.000019
0.405122 0.000041
0.410124 -0.000001
0.415125 -0.000065
0.420127 -0.000045
0.425128 0.000107
0.430130 0.000305
0.435131 0.000378
0.440133 0.000217
0.445134 -0.000111
0.450136 -0.000391
0.455137 -0.000472
0.460139 -0.000429
0.465140 -0.000459
0.470142 -0.000596
0.475143 -0.000612
0.480145 -0.000280
0.485146 0.000325
0.490148 0.000860
0.495149 0.001043
0.500151 0.000867
0.505152 0.000512
0.510154 0.000154
0.515155 -0.000123
0.520157 -0.000279
0.525158 -0.000272
0.530160 -0.000080
0.535161 0.000243
0.540163 0.000554
0.545164 0.000705
0.550166 0.000653
0.555167 0.000456
0.560169 0.000178
0.565170 -0.000169
0.570172 -0.000553
0.575173 -0.000846
0.580175 -0.000843
0.585176 -0.000391
0.590178 0.000490
0.595179 0.001592
0.600181 0.002598
0.605182 0.003187
0.610184 0.003139
0.615185 0.002428
0.620187 0.001236
0.625188 -0.000152
0.630190 -0.001529
0.635191 -0.002852
0.640193 -0.004132
0.645194 -0.005247
0.650196 -0.005840
0.655197 -0.005395
0.660199 -0.003490
0.665200 -0.000092
0.670202 0.004268
0.675203 0.008555
0.680205 0.011519
0.685206 0.012151
0.690208 0.010101
0.695209 0.005785
0.700211 0.000156
0.705212 -0.005641
0.710214 -0.010454
0.715215 -0.013185
0.720217 -0.012978
0.725219 -0.009602
0.730220 -0.003747
0.735222 0.003096
0.740223 0.009148
0.745225 0.012944
0.750226 0.013669
0.755228 0.011186
0.760229 0.005975
0.765231 -0.000807
0.770232 -0.007275
0.775234 -0.011145
0.780235 -0.010618
0.785237 -0.005432
0.790238 0.002617
0.795240 0.010187
0.800241 0.013814
0.805243 0.011567
0.810244 0.004072
0.815246 -0.005673
0.820247 -0.013711
0.825249 -0.017066
0.830250 -0.015101
0.835252 -0.009432
0.840253 -0.002568
0.845255 0.003718
0.850256 0.009117
0.855258 0.014184
0.860259 0.018982
0.865261 0.022119
0.870262 0.021098
0.875264 0.013955
0.880265 0.001121
0.885267 -0.013902
0.890268 -0.025832
0.895270 -0.030263
0.900271 -0.026024
0.905273 -0.015651
0.910274 -0.003715
0.915276 0.005783
0.920277 0.011241
0.925279 0.013526
0.930280 0.014591
0.935282 0.015774
0.940283 0.016883
0.945285 0.016436
0.950286 0.012700
0.955288 0.004830
0.960289 -0.006397
0.965291 -0.018505
0.970292 -0.027882
0.975294 -0.030888
0.980295 -0.025228
0.985297 -0.011168
0.990298 0.007946
0.995300 0.026323
1.000301 0.037489
1.005303 0.036642
1.010304 0.022803
1.015306 -0.000184
1.020307 -0.024567
1.025309 -0.041467
1.030310 -0.044376
1.035312 -0.031752
1.040313 -0.007560
1.045315 0.020290
1.050316 0.042820
1.055318 0.052946
1.060319 0.047517
1.065321 0.028035
1.070322 0.000081
1.075324 -0.028337
1.080325 -0.049145
1.085327 -0.056598
1.090329 -0.048956
1.095330 -0.028882
1.100332 -0.002421
1.105333 0.023048
1.110335 0.041093
1.115336 0.047906
1.120338 0.042966
1.125339 0.028722
1.130341 0.009515
1.135342 -0.009827
1.140344 -0.025189
1.145345 -0.033782
1.150347 -0.034323
1.155348 -0.027115
1.160350 -0.014102
1.165351 0.001383
1.170353 0.015476
1.175354 0.024990
1.180356 0.028336
1.185357 0.025632
1.190359 0.018157
1.195360 0.007695
1.200362 -0.003789
1.205363 -0.014236
1.210365 -0.021649
1.215366 -0.024484
1.220368 -0.022092
1.225369 -0.015014
1.230371 -0.004883
1.235372 0.006065
1.240374 0.015580
1.245375 0.021774
1.250377 0.023280
1.255378 0.019489
1.260380 0.010949
1.265381 -0.000384
1.270383 -0.011426
1.275384 -0.018865
1.280386 -0.020363
1.285387 -0.015494
1.290389 -0.005913
1.295390 0.005292
1.300392 0.014648
1.305393 0.019278
1.310395 0.017628
1.315396 0.009881
1.320398 -0.001970
1.325399 -0.014440
1.330401 -0.023293
1.335402 -0.024796
1.340404 -0.017296
1.345405 -0.002448
1.350407 0.014850
1.355408 0.028178
1.360410 0.032298
1.365411 0.025500
1.370413 0.010430
1.375414 -0.007022
1.380416 -0.020285
1.385417 -0.024938
1.390419 -0.020508
1.395420 -0.010383
1.400422 0.000127
1.405423 0.006556
1.410425 0.007386
1.415426 0.004329
1.420428 0.000817
1.425429 -0.000193
1.430431 0.002252
1.435432 0.006931
1.440434 0.011356
1.445436 0.013002
1.450437 0.010302
1.455439 0.003240
1.460440 -0.006515
1.465442 -0.016025
1.470443 -0.021921
1.475445 -0.021463
1.480446 -0.013623
1.485448 0.000126
1.490449 0.015798
1.495451 0.028012
1.500452 0.031957
1.505454 0.025360
1.510455 0.009521
1.515457 -0.011002
1.520458 -0.029869
1.525460 -0.040967
1.530461 -0.040305
1.535463 -0.027297
1.540464 -0.005148
1.545466 0.019834
1.550467 0.039954
1.555469 0.048539
1.560470 0.042293
1.565472 0.022761
1.570473 -0.003753
1.575475 -0.028083
1.580476 -0.041477
1.585478 -0.039059
1.590479 -0.021962
1.595481 0.002928
1.600482 0.025629
1.605484 0.037031
1.610485 0.032489
1.615487 0.013603
1.620488 -0.012451
1.625490 -0.035639
1.630491 -0.046735
1.635493 -0.040643
1.640494 -0.018372
1.645496 0.012995
1.650497 0.042487
1.655499 0.059116
1.660500 0.056102
1.665502 0.033736
1.670503 -0.000470
1.675505 -0.034529
1.680506 -0.056578
1.685508 -0.059395
1.690509 -0.042991
1.695511 -0.014276
1.700512 0.015962
1.705514 0.037400
1.710515 0.044020
1.715517 0.035874
1.720518 0.018210
1.725520 -0.001313
1.730521 -0.015818
1.735523 -0.021518
1.740524 -0.018509
1.745526 -0.010081
1.750527 -0.000936
1.755529 0.004945
1.760530 0.005849
1.765532 0.002660
1.770533 -0.002016
1.775535 -0.005312
1.780536 -0.005388
1.785538 -0.002046
1.790539 0.003370
1.795541 0.008597
1.800542 0.011248
1.805544 0.009548
1.810546 0.002919
1.815547 -0.007551
1.820549 -0.018914
1.825550 -0.026852
1.830552 -0.027080
1.835553 -0.017325
1.840555 0.001070
1.845556 0.022887
1.850558 0.040564
1.855559 0.047012
1.860561 0.038587
1.865562 0.016867
1.870564 -0.011592
1.875565 -0.037523
1.880567 -0.052373
1.885568 -0.051440
1.890570 -0.035405
1.895571 -0.009739
1.900573 0.017469
1.905574 0.038170
1.910576 0.046667
1.915577 0.041188
1.920579 0.024383
1.925580 0.002373
1.930582 -0.017579
1.935583 -0.029815
1.940585 -0.032120
1.945586 -0.025832
1.950588 -0.014460
1.955589 -0.001776
1.960591 0.009527
1.965592 0.018093
1.970594 0.023268
1.975595 0.024327
1.980597 0.020376
1.985598 0.011122
1.990600 -0.002076
1.995601 -0.015835
2.000603 -0.025655
2.005604 -0.027814
2.010606 -0.021168
2.015607 -0.007786
2.020609 0.007871
2.025610 0.020743
2.030612 0.027094
2.035613 0.025764
2.040615 0.018222
2.045616 0.007489
2.050618 -0.003387
2.055619 -0.012452
2.060621 -0.019033
2.065622 -0.023112
2.070624 -0.024445
2.075625 -0.022178
2.080627 -0.015269
2.085628 -0.003515
2.090630 0.011547
2.095631 0.026556
2.100633 0.037221
2.105634 0.039728
2.110636 0.032106
2.115637 0.015187
2.120639 -0.007137
2.125640 -0.028665
2.130642 -0.042724
2.135643 -0.044563
2.140645 -0.033271
2.145646 -0.012290
2.150648 0.011776
2.155649 0.031569
2.160651 0.041571
2.165653 0.039842
2.170654 0.028272
2.175656 0.011438
2.180657 -0.005296
2.185659 -0.017563
2.190660 -0.023020
2.195662 -0.021465
2.200663 -0.014407
2.205665 -0.004482
2.210666 0.005144
2.215668 0.011497
2.220669 0.012615
2.225671 0.008212
2.230672 -0.000109
2.235674 -0.009269
2.240675 -0.015720
2.245677 -0.016761
2.250678 -0.011670
2.255680 -0.002128
2.260681 0.008368
2.265683 0.016010
2.270684 0.018438
2.275686 0.015733
2.280687 0.010043
2.285689 0.004201
2.290690 0.000184
2.295692 -0.001822
2.300693 -0.003373
2.305695 -0.006663
2.310696 -0.012855
2.315698 -0.020873
2.320699 -0.027538
2.325701 -0.029011
2.330702 -0.022682
2.335704 -0.008567
2.340705 0.010290
2.345707 0.028536
2.350708 0.040184
2.355710 0.040777
2.360711 0.029273
2.365713 0.008802
2.370714 -0.014181
2.375716 -0.032137
2.380717 -0.039281
2.385719 -0.033802
2.390720 -0.018431
2.395722 0.000940
2.400723 0.017809
2.405725 0.027445
2.410726 0.028074
2.415728 0.020744
2.420729 0.008355
2.425731 -0.005489
2.430732 -0.017351
2.435734 -0.024439
2.440735 -0.024918
2.445737 -0.018277
2.450738 -0.005716
2.455740 0.009691
2.460741 0.023410
2.465743 0.030712
2.470744 0.028541
2.475746 0.017141
2.480747 0.000380
2.485749 -0.015609
2.490750 -0.024872
2.495752 -0.024097
2.500753 -0.014079
2.505755 0.000409
2.510756 0.012486
2.515758 0.016197
2.520759 0.009402
2.525761 -0.004940
2.530763 -0.019846
2.535764 -0.027389
2.540766 -0.022448
2.545767 -0.005341
2.550769 0.017993
2.555770 0.038361
2.560772 0.047135
2.565773 0.039867
2.570775 0.018250
2.575776 -0.010387
2.580778 -0.035942
2.585779 -0.049558
2.590781 -0.047018
2.595782 -0.030068
2.600784 -0.005290
2.605785 0.018737
2.610787 0.034609
2.615788 0.038370
2.620790 0.030251
2.625791 0.013986
2.630793 -0.004680
2.635794 -0.019708
2.640796 -0.026348
2.645797 -0.022443
2.650799 -0.009262
2.655800 0.008528
2.660802 0.024139
2.665803 0.031105
2.670805 0.026043
2.675806 0.010384
2.680808 -0.009915
2.685809 -0.026707
2.690811 -0.033061
2.695812 -0.026218
2.700814 -0.008813
2.705815 0.012142
2.710817 0.028073
2.715818 0.032397
2.720820 0.023351
2.725821 0.004820
2.730823 -0.015313
2.735824 -0.028550
2.740826 -0.029392
2.745827 -0.017566
2.750829 0.002052
2.755830 0.021619
2.760832 0.033558
2.765833 0.033470
2.770835 0.021633
2.775836 0.002588
2.780838 -0.016859
2.785839 -0.030259
2.790841 -0.033676
2.795842 -0.026755
2.800844 -0.012589
2.805845 0.003446
2.810847 0.015626
2.815848 0.020027
2.820850 0.016000
2.825851 0.006231
2.830853 -0.004641
2.835854 -0.012042
2.840856 -0.013150
2.845857 -0.007700
2.850859 0.002108
2.855860 0.012396
2.860862 0.018842
2.865863 0.018104
2.870865 0.009122
2.875866 -0.006097
2.880868 -0.022668
2.885869 -0.034206
2.890871 -0.035191
2.895873 -0.023524
2.900874 -0.002102
2.905876 0.021629
2.910877 0.038396
2.915879 0.041148
2.920880 0.028447
2.925882 0.005377
2.930883 -0.018598
2.935885 -0.033806
2.940886 -0.034596
2.945888 -0.021615
2.950889 -0.001104
2.955891 0.018313
2.960892 0.029508
2.965894 0.029454
2.970895 0.019627
2.975897 0.004578
2.980898 -0.010331
2.985900 -0.020958
2.990901 -0.025486
2.995903 -0.024338
3.000904 -0.019219
3.005906 -0.011954
3.010907 -0.003766
3.015909 0.004704
3.020910 0.012840
3.025912 0.019506
3.030913 0.023025
3.035915 0.021795
3.040916 0.015190
3.045918 0.004251
3.050919 -0.008258
3.055921 -0.018621
3.060922 -0.023547
3.065924 -0.021585
3.070925 -0.013861
3.075927 -0.003709
3.080928 0.004746
3.085930 0.008532
3.090931 0.007349
3.095933 0.003749
3.100934 0.001657
3.105936 0.003940
3.110937 0.010456
3.115939 0.017826
3.120940 0.021111
3.125942 0.016441
3.130943 0.003163
3.135945 -0.015456
3.140946 -0.033208
3.145948 -0.043232
3.150949 -0.040757
3.155951 -0.025285
3.160952 -0.001230
3.165954 0.023501
3.170955 0.040583
3.175957 0.044624
3.180958 0.035185
3.185960 0.016581
3.190961 -0.004160
3.195963 -0.020010
3.200964 -0.026195
3.205966 -0.021463
3.210967 -0.008203
3.215969 0.008575
3.220970 0.023077
3.225972 0.030689
3.230973 0.029294
3.235975 0.019578
3.240976 0.004436
3.245978 -0.012105
3.250980 -0.026044
3.255981 -0.034330
3.260983 -0.035408
3.265984 -0.029343
3.270986 -0.017642
3.275987 -0.002876
3.280989 0.011803
3.285990 0.023251
3.290992 0.029019
3.295993 0.028063
3.300995 0.021269
3.305996 0.011437
3.310998 0.002399
3.315999 -0.002621
3.321001 -0.002674
3.326002 0.000236
3.331004 0.002144
3.336005 -0.000547
3.341007 -0.008697
3.346008 -0.019451
3.351010 -0.027339
3.356011 -0.026996
3.361013 -0.016126
3.366014 0.002810
3.371016 0.023127
3.376017 0.036537
3.381019 0.036710
3.386020 0.022197
3.391022 -0.002589
3.396023 -0.028776
3.401025 -0.046290
3.406026 -0.047758
3.411028 -0.031538
3.416029 -0.002605
3.421031 0.029223
3.426032 0.052968
3.431034 0.060520
3.436035 0.049377
3.441037 0.023235
3.446038 -0.009581
3.451040 -0.039185
3.456041 -0.057495
3.461043 -0.060670
3.466044 -0.049731
3.471046 -0.029378
3.476047 -0.005756
3.481049 0.015712
3.486050 0.031599
3.491052 0.040650
3.496053 0.043166
3.501055 0.040116
3.506056 0.032484
3.511058 0.021126
3.516059 0.007126
3.521061 -0.007797
3.526062 -0.021226
3.531064 -0.030497
3.536065 -0.033506
3.541067 -0.029596
3.546068 -0.020029
3.551070 -0.007713
3.556071 0.003783
3.561073 0.011424
3.566074 0.013580
3.571076 0.010320
3.576077 0.003212
3.581079 -0.005181
3.586080 -0.011975
3.591082 -0.014726
3.596083 -0.012159
3.601085 -0.004657
3.606086 0.005767
3.611088 0.016168
3.616090 0.023787
3.621091 0.026950
3.626093 0.025289
3.631094 0.019394
3.636096 0.010393
3.641097 -0.000275
3.646099 -0.010929
3.651100 -0.019765
3.656102 -0.025104
3.661103 -0.025760
3.666105 -0.021485
3.671106 -0.013302
3.676108 -0.003443
3.681109 0.005350
3.686111 0.010865
3.691112 0.012235
3.696114 0.010086
3.701115 0.006034
3.706117 0.001878
3.711118 -0.001086
3.716120 -0.002369
3.721121 -0.002139
3.726123 -0.000819
3.731124 0.001267
3.736126 0.003961
3.741127 0.007062
3.746129 0.010078
3.751130 0.012166
3.756132 0.012295
3.761133 0.009560
3.766135 0.003558
3.771136 -0.005261
3.776138 -0.015388
3.781139 -0.024356
3.786141 -0.029256
3.791142 -0.027701
3.796144 -0.019017
3.801145 -0.005016
3.806147 0.010263
3.811148 0.021983
3.816150 0.026520
3.821151 0.023033
3.826153 0.013813
3.831154 0.003266
3.836156 -0.004001
3.841157 -0.005195
3.846159 -0.000549
3.851160 0.006835
3.856162 0.012412
3.861163 0.012248
3.866165 0.004789
3.871166 -0.008313
3.876168 -0.022723
3.881169 -0.033090
3.886171 -0.035173
3.891172 -0.027498
3.896174 -0.011908
3.901175 0.007144
3.906177 0.024229
3.911178 0.034865
3.916180 0.036921
3.921181 0.031002
3.926183 0.019850
3.931184 0.007206
3.936186 -0.003464
3.941187 -0.010096
3.946189 -0.012612
3.951190 -0.012608
3.956192 -0.012197
3.961193 -0.012689
3.966195 -0.013895
3.971197 -0.014391
3.976198 -0.012504
3.981200 -0.007413
3.986201 0.000123
3.991203 0.007817
3.996204 0.012809
4.001206 0.013096
4.006207 0.008628
4.011209 0.001409
4.016210 -0.005381
4.021212 -0.008714
4.026213 -0.006989
4.031215 -0.000875
4.036216 0.006667
4.041218 0.011518
4.046219 0.010383
4.051221 0.002632
4.056222 -0.009050
4.061224 -0.019635
4.066225 -0.023852
4.071227 -0.018489
4.076228 -0.003959
4.081230 0.015475
4.086231 0.033006
4.091233 0.041757
4.096234 0.037547
4.101236 0.020796
4.106237 -0.003362
4.111239 -0.026922
4.116240 -0.042032
4.121242 -0.043908
4.126243 -0.032541
4.131245 -0.012615
4.136246 0.008323
4.141248 0.022776
4.146249 0.026199
4.151251 0.018659
4.156252 0.004581
4.161254 -0.009313
4.166255 -0.016911
4.171257 -0.015147
4.176258 -0.004990
4.181260 0.009292
4.186261 0.022090
4.191263 0.028709
4.196264 0.027027
4.201266 0.018054
4.206267 0.005315
4.211269 -0.006650
4.216270 -0.014143
4.221272 -0.015766
4.226273 -0.012800
4.231275 -0.008319
4.236276 -0.005520
4.241278 -0.006114
4.246279 -0.009559
4.251281 -0.013406
4.256282 -0.014539
4.261284 -0.010753
4.266285 -0.001977
4.271287 0.009488
4.276288 0.019864
4.281290 0.025453
4.286291 0.024129
4.291293 0.016158
4.296294 0.004050
4.301296 -0.008399
4.306297 -0.017387
4.311299 -0.020188
4.316300 -0.015868
4.321302 -0.005630
4.326303 0.007341
4.331305 0.018720
4.336307 0.024503
4.341308 0.022544
4.346310 0.013506
4.351311 0.000694
4.356313 -0.011239
4.361314 -0.018185
4.366316 -0.018174
4.371317 -0.011910
4.376319 -0.002111
4.381320 0.007812
4.386322 0.015004
4.391323 0.017879
4.396325 0.016318
4.401326 0.011501
4.406328 0.005430
4.411329 0.000166
4.416331 -0.002997
4.421332 -0.004089
4.426334 -0.004415
4.431335 -0.005771
4.436337 -0.009198
4.441338 -0.014016
4.446340 -0.017869
4.451341 -0.017875
4.456343 -0.012256
4.461344 -0.001496
4.466346 0.011571
4.471347 0.022773
4.476349 0.028244
4.481350 0.025952
4.486352 0.016515
4.491353 0.003093
4.496355 -0.009544
4.501356 -0.016518
4.506358 -0.014448
4.511359 -0.002602
4.516361 0.016790
4.521362 0.039125
4.526364 0.058674
4.531365 0.070087
4.536367 0.069690
4.541368 0.056330
4.546370 0.031648
4.551371 -0.000196
4.556373 -0.033361
4.561374 -0.061553
4.566376 -0.079353
4.571377 -0.083377
4.576379 -0.073178
4.581380 -0.051695
4.586382 -0.024892
4.591383 -0.000339
4.596385 0.015034
4.601386 0.017288
4.606388 0.007032
4.611389 -0.010561
4.616391 -0.027499
4.621392 -0.035902
4.626394 -0.030952
4.631395 -0.012599
4.636397 0.014623
4.641398 0.043455
4.646400 0.066543
4.651401 0.078805
4.656403 0.078624
4.661404 0.067551
4.666406 0.049015
4.671407 0.026952
4.676409 0.004900
4.681410 -0.014486
4.686412 -0.029668
4.691414 -0.040180
4.696415 -0.046247
4.701417 -0.048265
4.706418 -0.046480
4.711420 -0.041001
4.716421 -0.032060
4.721423 -0.020289
4.726424 -0.006818
4.731426 0.006919
4.736427 0.019618
4.741429 0.030512
4.746430 0.039470
4.751432 0.046724
4.756433 0.052380
4.761435 0.056028
4.766436 0.056653
4.771438 0.052848
4.776439 0.043226
4.781441 0.027003
4.786442 0.004675
4.791444 -0.021483
4.796445 -0.047489
4.801447 -0.068460
4.806448 -0.079908
4.811450 -0.079044
4.816451 -0.065689
4.821453 -0.042624
4.826454 -0.015319
4.831456 0.009029
4.836457 0.023208
4.841459 0.022143
4.846460 0.004803
4.851462 -0.024976
4.856463 -0.059313
4.861465 -0.088714
4.866466 -0.105314
4.871468 -0.105584
4.876469 -0.091303
4.881471 -0.068425
4.886472 -0.044484
4.891474 -0.025662
4.896475 -0.014633
4.901477 -0.009899
4.906478 -0.006778
4.911480 0.000432
4.916481 0.016068
4.921483 0.041405
4.926484 0.074148
4.931486 0.109084
4.936487 0.139463
4.941489 0.158466
4.946490 0.160367
4.951492 0.141383
4.956493 0.100389
4.961495 0.039527
4.966496 -0.035481
4.971498 -0.115585
4.976499 -0.189421
4.981501 -0.244994
4.986502 -0.271715
4.991504 -0.262372
4.996505 -0.214714
5.001507 -0.132337
5.006508 -0.024723
5.011510 0.093698
5.016511 0.205421
5.021513 0.292553
5.026514 0.340000
5.031516 0.338655
5.036517 0.287809
5.041519 0.195923
5.046520 0.079264
5.051522 -0.041390
5.056524 -0.145179
5.061525 -0.215638
5.066527 -0.244027
5.071528 -0.230563
5.076530 -0.183235
5.081531 -0.114745
5.086533 -0.038784
5.091534 0.033043
5.096536 0.092698
5.101537 0.135504
5.106539 0.158954
5.111540 0.161600
5.116542 0.142829
5.121543 0.103757
5.126545 0.048753
5.131546 -0.013478
5.136548 -0.070446
5.141549 -0.108623
5.146551 -0.117726
5.151552 -0.094861
5.156554 -0.046621
5.161555 0.012056
5.166557 0.062226
5.171558 0.087021
5.176560 0.077277
5.181561 0.034745
5.186563 -0.028089
5.191564 -0.091500
5.196566 -0.134408
5.201567 -0.141035
5.206569 -0.106267
5.211570 -0.037833
5.216572 0.045598
5.221573 0.119991
5.226575 0.163495
5.231576 0.163549
5.236578 0.121158
5.241579 0.050773
5.246581 -0.024385
5.251582 -0.080152
5.256584 -0.099839
5.261585 -0.080215
5.266587 -0.032664
5.271588 0.021256
5.276590 0.058231
5.281591 0.062239
5.286593 0.030582
5.291594 -0.025332
5.296596 -0.084547
5.301597 -0.124519
5.306599 -0.129462
5.311600 -0.096019
5.316602 -0.034266
5.321603 0.036189
5.326605 0.093427
5.331606 0.121050
5.336608 0.113677
5.341609 0.078075
5.346611 0.029685
5.351612 -0.013827
5.356614 -0.039297
5.361615 -0.042501
5.366617 -0.028750
5.371618 -0.009625
5.376620 0.002545
5.381621 -0.000000
5.386623 -0.017480
5.391624 -0.042837
5.396626 -0.064845
5.401627 -0.072721
5.406629 -0.060513
5.411631 -0.029721
5.416632 0.010781
5.421634 0.047574
5.426635 0.067442
5.431637 0.062407
5.436638 0.033081
5.441640 -0.011153
5.446641 -0.055356
5.451643 -0.084406
5.456644 -0.088468
5.461646 -0.066471
5.466647 -0.026379
5.471649 0.017736
5.476650 0.050640
5.481652 0.061181
5.486653 0.046113
5.491655 0.011199
5.496656 -0.030874
5.501658 -0.065048
5.506659 -0.079199
5.511661 -0.068297
5.516662 -0.035969
5.521664 0.007041
5.526665 0.046934
5.531667 0.071804
5.536668 0.075641
5.541670 0.059991
5.546671 0.032783
5.551673 0.004925
5.556674 -0.013816
5.561676 -0.017955
5.566677 -0.007314
5.571679 0.014127
5.576680 0.040634
5.581682 0.067008
5.586683 0.089810
5.591685 0.107356
5.596686 0.118867
5.601688 0.123382
5.606689 0.119121
5.611691 0.103752
5.616692 0.075474
5.621694 0.034379
5.626695 -0.016473
5.631697 -0.070724
5.636698 -0.119467
5.641700 -0.153167
5.646701 -0.164349
5.651703 -0.150219
5.656704 -0.114296
5.661706 -0.066240
5.666707 -0.019534
5.671709 0.012490
5.676710 0.020925
5.681712 0.004231
5.686713 -0.031265
5.691715 -0.073504
5.696716 -0.108724
5.701718 -0.125992
5.706719 -0.120627
5.711721 -0.095249
5.716722 -0.058189
5.721724 -0.020004
5.726725 0.010372
5.731727 0.028264
5.736728 0.033708
5.741730 0.029976
5.746731 0.021346
5.751733 0.011409
5.756734 0.002464
5.761736 -0.004134
5.766737 -0.007285
5.771739 -0.005631
5.776741 0.002393
5.781742 0.017858
5.786744 0.040253
5.791745 0.066560
5.796747 0.091283
5.801748 0.107815
5.806750 0.110843
5.811751 0.098738
5.816753 0.074755
5.821754 0.046288
5.826756 0.022322
5.831757 0.010096
5.836759 0.012425
5.841760 0.026748
5.846762 0.046215
5.851763 0.062237
5.856765 0.067444
5.861766 0.057909
5.866768 0.033977
5.871769 -0.000286
5.876771 -0.038572
5.881772 -0.074192
5.886774 -0.101794
5.891775 -0.118398
5.896777 -0.123462
5.901778 -0.118173
5.906780 -0.104513
5.911781 -0.084553
5.916783 -0.060200
5.921784 -0.033282
5.926786 -0.005700
5.931787 0.020572
5.936789 0.043609
5.941790 0.061669
5.946792 0.073342
5.951793 0.077772
5.956795 0.074880
5.961796 0.065482
5.966798 0.051342
5.971799 0.035231
5.976801 0.020835
5.981802 0.012144
5.986804 0.012170
5.991805 0.021517
5.996807 0.037580
6.001808 0.054961
6.006810 0.067091
6.011811 0.068522
6.016813 0.056993
6.021814 0.034392
6.026816 0.006214
6.031817 -0.020322
6.036819 -0.038822
6.041820 -0.045978
6.046822 -0.042752
6.051823 -0.034061
6.056825 -0.027020
6.061826 -0.028277
6.066828 -0.041341
6.071829 -0.064861
6.076831 -0.092597
6.081832 -0.115282
6.086834 -0.123784
6.091835 -0.112317
6.096837 -0.080429
6.101838 -0.033155
6.106840 0.020473
6.111841 0.069933
6.116843 0.105962
6.121844 0.122798
6.126846 0.119412
6.131847 0.099499
6.136849 0.070256
6.141851 0.040129
6.146852 0.016040
6.151854 0.001005
6.156855 -0.006866
6.161857 -0.013506
6.166858 -0.026421
6.171860 -0.051429
6.176861 -0.089699
6.181863 -0.136168
6.186864 -0.180098
6.191866 -0.207846
6.196867 -0.207130
6.201869 -0.171457
6.206870 -0.103108
6.211872 -0.013481
6.216873 0.079592
6.221875 0.156850
6.226876 0.203335
6.231878 0.212794
6.236879 0.189095
6.241881 0.144171
6.246882 0.093314
6.251884 0.049663
6.256885 0.019976
6.261887 0.003211
6.266888 -0.007663
6.271890 -0.021489
6.276891 -0.044212
6.281893 -0.075708
6.286894 -0.109445
6.291896 -0.134892
6.296897 -0.141498
6.301899 -0.122682
6.306900 -0.078440
6.311902 -0.015698
6.316903 0.053663
6.321905 0.116263
6.326906 0.160838
6.331908 0.180896
6.336909 0.175824
6.341911 0.150332
6.346912 0.112522
6.351914 0.071298
6.356915 0.033928
6.361917 0.004428
6.366918 -0.016861
6.371920 -0.032468
6.376921 -0.046014
6.381923 -0.060169
6.386924 -0.075147
6.391926 -0.088324
6.396927 -0.095046
6.401929 -0.090332
6.406930 -0.070884
6.411932 -0.036693
6.416933 0.008346
6.421935 0.057004
6.426936 0.100255
6.431938 0.129400
6.436939 0.138284
6.441941 0.124982
6.446942 0.092318
6.451944 0.046899
6.456945 -0.003077
6.461947 -0.050376
6.466948 -0.090593
6.471950 -0.122469
6.476951 -0.146602
6.481953 -0.163361
6.486954 -0.171133
6.491956 -0.165835
6.496958 -0.142074
6.501959 -0.095737
6.506961 -0.027056
6.511962 0.057369
6.516964 0.144775
6.521965 0.218743
6.526967 0.263128
6.531968 0.266206
6.536970 0.223913
6.541971 0.141308
6.546973 0.031898
6.551974 -0.084945
6.556976 -0.187932
6.561977 -0.258466
6.566979 -0.284956
6.571980 -0.265651
6.576982 -0.208909
6.581983 -0.130582
6.586985 -0.049223
6.591986 0.019270
6.596988 0.065653
6.601989 0.088576
6.606991 0.092919
6.611992 0.086368
6.616994 0.075980
6.621995 0.065996
6.626997 0.057363
6.631998 0.048795
6.637000 0.038824
6.642001 0.027711
6.647003 0.018009
6.652004 0.013285
6.657006 0.015751
6.662007 0.024277
6.667009 0.034028
6.672010 0.038125
6.677012 0.030750
6.682013 0.010324
6.687015 -0.018805
6.692016 -0.047090
6.697018 -0.062768
6.702019 -0.056066
6.707021 -0.023210
6.712022 0.031233
6.717024 0.094693
6.722025 0.149779
6.727027 0.179454
6.732028 0.172591
6.737030 0.127957
6.742031 0.055163
6.747033 -0.027861
6.752034 -0.100051
6.757036 -0.143443
6.762037 -0.148577
6.767039 -0.117309
6.772040 -0.062030
6.777042 -0.001480
6.782043 0.045414
6.787045 0.065560
6.792046 0.055613
6.797048 0.022508
6.802049 -0.019497
6.807051 -0.054129
6.812052 -0.068882
6.817054 -0.059201
6.822055 -0.029654
6.827057 0.008265
6.832058 0.040812
6.837060 0.057339
6.842061 0.054132
6.847063 0.035193
6.852064 0.009756
6.857066 -0.012216
6.862068 -0.024411
6.867069 -0.026346
6.872071 -0.022401
6.877072 -0.018463
6.882074 -0.018145
6.887075 -0.020619
6.892077 -0.021216
6.897078 -0.014489
6.902080 0.001955
6.907081 0.024993
6.912083 0.046282
6.917084 0.055284
6.922086 0.043824
6.927087 0.010304
6.932089 -0.038322
6.937090 -0.088032
6.942092 -0.122401
6.947093 -0.128633
6.952095 -0.102500
6.957096 -0.050264
6.962098 0.013086
6.967099 0.068639
6.972101 0.099666
6.977102 0.096883
6.982104 0.061030
6.987105 0.002046
6.992107 -0.064494
6.997108 -0.122097
7.002110 -0.157560
7.007111 -0.163643
7.012113 -0.139940
7.017114 -0.092188
7.022116 -0.030398
7.027117 0.033834
7.032119 0.090244
7.037120 0.132142
7.042122 0.157134
7.047123 0.166165
7.052125 0.161590
7.057126 0.145417
7.062128 0.118576
7.067129 0.081512
7.072131 0.035724
7.077132 -0.014653
7.082134 -0.062265
7.087135 -0.097612
7.092137 -0.111734
7.097138 -0.099765
7.102140 -0.063982
7.107141 -0.014788
7.112143 0.031422
7.117144 0.057321
7.122146 0.050999
7.127147 0.011073
7.132149 -0.051735
7.137150 -0.117517
7.142152 -0.163867
7.147153 -0.173996
7.152155 -0.143130
7.157156 -0.080461
7.162158 -0.005594
7.167159 0.059149
7.172161 0.097326
7.177162 0.104177
7.182164 0.087206
7.187165 0.061570
7.192167 0.042656
7.197168 0.039250
7.202170 0.050166
7.207171 0.065518
7.212173 0.071871
7.217175 0.058802
7.222176 0.023966
7.227178 -0.025453
7.232179 -0.075374
7.237181 -0.110258
7.242182 -0.119072
7.247184 -0.099372
7.252185 -0.057873
7.257187 -0.007406
7.262188 0.038307
7.267190 0.069706
7.272191 0.084176
7.277193 0.085584
7.282194 0.081120
7.287196 0.077191
7.292197 0.076361
7.297199 0.076542
7.302200 0.072470
7.307202 0.058589
7.312203 0.032044
7.317205 -0.005441
7.322206 -0.047561
7.327208 -0.085311
7.332209 -0.109967
7.337211 -0.115989
7.342212 -0.102751
7.347214 -0.074666
7.352215 -0.039855
7.357217 -0.007794
7.362218 0.013460
7.367220 0.019695
7.372221 0.011849
7.377223 -0.004300
7.382224 -0.020098
7.387226 -0.027066
7.392227 -0.020015
7.397229 0.000969
7.402230 0.030438
7.407232 0.059377
7.412233 0.078182
7.417235 0.079757
7.422236 0.061786
7.427238 0.027511
7.432239 -0.015138
7.437241 -0.055793
7.442242 -0.084660
7.447244 -0.095471
7.452245 -0.087291
7.457247 -0.064360
7.462248 -0.034023
7.467250 -0.003851
7.472251 0.020685
7.477253 0.037171
7.482254 0.045898
7.487256 0.048754
7.492257 0.047954
7.497259 0.045080
7.502260 0.040750
7.507262 0.034937
7.512263 0.027532
7.517265 0.018637
7.522266 0.008510
7.527268 -0.002484
7.532269 -0.013656
7.537271 -0.023633
7.542272 -0.030290
7.547274 -0.031164
7.552275 -0.024270
7.557277 -0.009150
7.562278 0.012258
7.567280 0.035485
7.572281 0.054472
7.577283 0.063337
7.582285 0.058291
7.587286 0.038994
7.592288 0.008864
7.597289 -0.025800
7.602291 -0.057572
7.607292 -0.079953
7.612294 -0.089065
7.617295 -0.084517
7.622297 -0.069273
7.627298 -0.048603
7.632300 -0.028370
7.637301 -0.013184
7.642303 -0.005056
7.647304 -0.003032
7.652306 -0.003916
7.657307 -0.003794
7.662309 0.000207
7.667310 0.008658
7.672312 0.019585
7.677313 0.029326
7.682315 0.034067
7.687316 0.031419
7.692318 0.021473
7.697319 0.006932
7.702321 -0.007825
7.707322 -0.018425
7.712324 -0.022177
7.717325 -0.019024
7.722327 -0.011407
7.727328 -0.003064
7.732330 0.002808
7.737331 0.005241
7.742333 0.006161
7.747334 0.009570
7.752336 0.019498
7.757337 0.037675
7.762339 0.062062
7.767340 0.086975
7.772342 0.104792
7.777343 0.108641
7.782345 0.095104
7.787346 0.066041
7.792348 0.028741
7.797349 -0.005988
7.802351 -0.027454
7.807352 -0.029168
7.812354 -0.011662
7.817355 0.017235
7.822357 0.044904
7.827358 0.058395
7.832360 0.049237
7.837361 0.016730
7.842363 -0.031505
7.847364 -0.081939
7.852366 -0.119728
7.857367 -0.133977
7.862369 -0.121734
7.867370 -0.089000
7.872372 -0.048292
7.877373 -0.013857
7.882375 0.003508
7.887376 0.000184
7.892378 -0.019141
7.897379 -0.043342
7.902381 -0.059185
7.907382 -0.056617
7.912384 -0.032966
7.917385 0.005754
7.922387 0.047056
7.927388 0.076791
7.932390 0.084577
7.937392 0.067691
7.942393 0.031945
7.947395 -0.010664
7.952396 -0.046479
7.957398 -0.065055
7.962399 -0.062569
7.967401 -0.042619
7.972402 -0.014278
7.977404 0.011719
7.982405 0.027140
7.987407 0.029091
7.992408 0.020405
7.997410 0.007566
8.002411 -0.002728
8.007413 -0.006647
8.012414 -0.004520
8.017416 0.000115
8.022417 0.002976
8.027419 0.001547
8.032420 -0.003660
8.037422 -0.009525
8.042423 -0.012027
8.047425 -0.008387
8.052426 0.001286
8.057428 0.013580
8.062429 0.022953
8.067431 0.024156
8.072432 0.014807
8.077434 -0.003134
8.082435 -0.023781
8.087437 -0.039557
8.092438 -0.044264
8.097440 -0.035628
8.102441 -0.016214
8.107443 0.007633
8.112444 0.028309
8.117446 0.039763
8.122447 0.039424
8.127449 0.028649
8.132450 0.011884
8.137452 -0.004991
8.142453 -0.016620
8.147455 -0.019771
8.152456 -0.013979
8.157458 -0.001093
8.162459 0.015783
8.167461 0.033297
8.172462 0.048462
8.177464 0.058867
8.182465 0.062625
8.187467 0.058306
8.192468 0.045126
8.197470 0.023463
8.202471 -0.004587
8.207473 -0.035028
8.212474 -0.062329
8.217476 -0.080365
8.222477 -0.083858
8.227479 -0.070068
8.232480 -0.040071
8.237482 0.001039
8.242483 0.045241
8.247485 0.083613
8.252486 0.108581
8.257488 0.115741
8.262489 0.104740
8.267491 0.079065
8.272492 0.044919
8.277494 0.009554
8.282495 -0.020477
8.287497 -0.040724
8.292498 -0.049537
8.297500 -0.047862
8.302502 -0.038299
8.307503 -0.023897
8.312505 -0.007230
8.317506 0.009885
8.322508 0.026040
8.327509 0.039552
8.332511 0.047931
8.337512 0.048033
8.342514 0.037094
8.347515 0.014240
8.352517 -0.018348
8.357518 -0.055287
8.362520 -0.089050
8.367521 -0.111914
8.372523 -0.118213
8.377524 -0.106189
8.382526 -0.078781
8.387527 -0.042950
8.392529 -0.007669
8.397530 0.018755
8.402532 0.031126
8.407533 0.028823
8.412535 0.015815
8.417536 -0.000890
8.422538 -0.013898
8.427539 -0.018125
8.432541 -0.012448
8.437542 0.000256
8.442544 0.014458
8.447545 0.024125
8.452547 0.024963
8.457548 0.016029
8.462550 0.000084
8.467551 -0.017497
8.472553 -0.030784
8.477554 -0.035458
8.482556 -0.030273
8.487557 -0.017272
8.492559 -0.000707
8.497560 0.014833
8.502562 0.026251
8.507563 0.032978
8.512565 0.036921
8.517566 0.041375
8.522568 0.049240
8.527569 0.061131
8.532571 0.074352
8.537572 0.083459
8.542574 0.082398
8.547575 0.067252
8.552577 0.038359
8.557578 0.000838
8.562580 -0.036705
8.567581 -0.064803
8.572583 -0.076118
8.577584 -0.067753
8.582586 -0.042216
8.587587 -0.006754
8.592589 0.028740
8.597590 0.054618
8.602592 0.064262
8.607593 0.055842
8.612595 0.032544
8.617596 0.001320
8.622598 -0.029376
8.627599 -0.052089
8.632601 -0.062299
8.637602 -0.059262
8.642604 -0.045682
8.647605 -0.026511
8.652607 -0.007355
8.657608 0.006995
8.662610 0.013549
8.667612 0.011532
8.672613 0.002287
8.677615 -0.011331
8.682616 -0.025877
8.687618 -0.038189
8.692619 -0.045840
8.697621 -0.047216
8.702622 -0.041555
8.707624 -0.029169
8.712625 -0.011567
8.717627 0.008827
8.722628 0.029182
8.727630 0.046603
8.732631 0.058233
8.737633 0.061436
8.742634 0.054290
8.747636 0.036254
8.752637 0.008698
8.757639 -0.025038
8.762640 -0.060101
8.767642 -0.090997
8.772643 -0.112617
8.777645 -0.121246
8.782646 -0.115293
8.787648 -0.095498
8.792649 -0.064585
8.797651 -0.026628
8.802652 0.013607
8.807654 0.051323
8.812655 0.082398
8.817657 0.104014
8.822658 0.114974
8.827660 0.115643
8.832661 0.107611
8.837663 0.093242
8.842664 0.075191
8.847666 0.055929
8.852667 0.037387
8.857669 0.020803
8.862670 0.006698
8.867672 -0.005079
8.872673 -0.015212
8.877675 -0.024602
8.882676 -0.033978
8.887678 -0.043660
8.892679 -0.053504
8.897681 -0.062869
8.902682 -0.070491
8.907684 -0.074533
8.912685 -0.073040
8.917687 -0.064711
8.922688 -0.049529
8.927690 -0.028899
8.932691 -0.005307
8.937693 0.018287
8.942694 0.039029
8.947696 0.054561
8.952697 0.063232
8.957699 0.064256
8.962700 0.057823
8.967702 0.045043
8.972703 0.027700
8.977705 0.007953
8.982706 -0.011801
8.987708 -0.028963
8.992709 -0.040858
8.997711 -0.045169
9.002712 -0.040661
9.007714 -0.027888
9.012715 -0.009415
9.017717 0.010659
9.022719 0.027739
9.027720 0.037945
9.032722 0.039147
9.037723 0.031531
9.042725 0.017575
9.047726 0.001369
9.052728 -0.012561
9.057729 -0.020624
9.062731 -0.021271
9.067732 -0.015409
9.072734 -0.005907
9.077735 0.003636
9.082737 0.010254
9.087738 0.012505
9.092740 0.010565
9.097741 0.005689
9.102743 -0.000538
9.107744 -0.006740
9.112746 -0.012031
9.117747 -0.016097
9.122749 -0.019043
9.127750 -0.020960
9.132752 -0.021529
9.137753 -0.020092
9.142755 -0.016161
9.147756 -0.009909
9.152758 -0.002281
9.157759 0.005324
9.162761 0.011585
9.167762 0.015809
9.172764 0.018233
9.177765 0.019881
9.182767 0.021943
9.187768 0.024952
9.192770 0.028217
9.197771 0.029835
9.202773 0.027337
9.207774 0.018732
9.212776 0.003578
9.217777 -0.016390
9.222779 -0.037457
9.227780 -0.054964
9.232782 -0.064745
9.237783 -0.064440
9.242785 -0.054290
9.247786 -0.037184
9.252788 -0.017886
9.257789 -0.001658
9.262791 0.007270
9.267792 0.006847
9.272794 -0.002353
9.277795 -0.017330
9.282797 -0.033442
9.287798 -0.045685
9.292800 -0.050151
9.297801 -0.045133
9.302803 -0.031457
9.307804 -0.012039
9.312806 0.009043
9.317807 0.027604
9.322809 0.040292
9.327810 0.045231
9.332812 0.042271
9.337813 0.032759
9.342815 0.018959
9.347816 0.003353
9.352818 -0.011857
9.357819 -0.024904
9.362821 -0.034365
9.367822 -0.039032
9.372824 -0.037903
9.377825 -0.030386
9.382827 -0.016706
9.387829 0.001617
9.392830 0.021591
9.397832 0.039224
9.402833 0.050576
9.407835 0.052984
9.412836 0.045892
9.417838 0.031069
9.422839 0.012193
9.427841 -0.006101
9.432842 -0.019507
9.437844 -0.025280
9.442845 -0.022940
9.447847 -0.014153
9.452848 -0.001846
9.457850 0.010963
9.462851 0.022001
9.467853 0.029972
9.472854 0.034333
9.477856 0.035002
9.482857 0.032267
9.487859 0.026949
9.492860 0.020560
9.497862 0.015139
9.502863 0.012703
9.507865 0.014568
9.512866 0.020878
9.517868 0.030444
9.522869 0.040841
9.527871 0.048877
9.532872 0.051512
9.537874 0.047008
9.542875 0.035658
9.547877 0.019661
9.552878 0.002196
9.557880 -0.013714
9.562881 -0.025966
9.567883 -0.033590
9.572884 -0.036637
9.577886 -0.036041
9.582887 -0.033417
9.587889 -0.030634
9.592890 -0.029180
9.597892 -0.029630
9.602893 -0.031451
9.607895 -0.033122
9.612896 -0.032512
9.617898 -0.027471
9.622899 -0.016622
9.627901 -0.000068
9.632902 0.020342
9.637904 0.041387
9.642905 0.059375
9.647907 0.071221
9.652908 0.075317
9.657910 0.071931
9.662911 0.063034
9.667913 0.051573
9.672914 0.040330
9.677916 0.030866
9.682917 0.023171
9.687919 0.016216
9.692920 0.008910
9.697922 0.000803
9.702923 -0.007727
9.707925 -0.015724
9.712926 -0.022065
9.717928 -0.025857
9.722929 -0.026770
9.727931 -0.025199
9.732932 -0.022124
9.737934 -0.018668
9.742936 -0.015694
9.747937 -0.013716
9.752939 -0.013037
9.757940 -0.013890
9.762942 -0.016484
9.767943 -0.020973
9.772945 -0.027297
9.777946 -0.034890
9.782948 -0.042411
9.787949 -0.047796
9.792951 -0.048843
9.797952 -0.044145
9.802954 -0.033886
9.807955 -0.019984
9.812957 -0.005353
9.817958 0.007315
9.822960 0.016559
9.827961 0.022479
9.832963 0.026457
9.837964 0.030465
9.842966 0.036119
9.847967 0.043720
9.852969 0.051776
9.857970 0.057333
9.862972 0.057090
9.867973 0.048840
9.872975 0.032648
9.877976 0.011209
9.882978 -0.010841
9.887979 -0.028406
9.892981 -0.037592
9.897982 -0.036914
9.902984 -0.027635
9.907985 -0.013268
9.912987 0.001529
9.917988 0.012296
9.922990 0.016039
9.927991 0.012040
9.932993 0.001899
9.937994 -0.011224
9.942996 -0.023864
9.947997 -0.033459
9.952999 -0.038952
9.958000 -0.040605
9.963002 -0.039368
9.968003 -0.036308
9.973005 -0.032375
9.978006 -0.028417
9.983008 -0.025301
9.988009 -0.023938
9.993011 -0.025094
9.998012 -0.028967
10.003014 -0.034721
10.008015 -0.040345
10.013017 -0.043064
10.018018 -0.040186
10.023020 -0.030032
10.028021 -0.012608
10.033023 0.010205
10.038024 0.035044
10.043026 0.057981
10.048027 0.075600
10.053029 0.085756
10.058030 0.087788
10.063032 0.082345
10.068033 0.071004
10.073035 0.055769
10.078036 0.038522
10.083038 0.020665
10.088039 0.003171
10.093041 -0.013029
10.098042 -0.026675
10.103044 -0.036202
10.108046 -0.040191
10.113047 -0.037980
10.118049 -0.030126
10.123050 -0.018527
10.128052 -0.006096
10.133053 0.003952
10.138055 0.009025
10.143056 0.007969
10.148058 0.001452
10.153059 -0.008216
10.158061 -0.017761
10.163062 -0.023886
10.168064 -0.024189
10.173065 -0.017828
10.178067 -0.005790
10.183068 0.009249
10.188070 0.023498
10.193071 0.033032
10.198073 0.034994
10.203074 0.028559
10.208076 0.015212
10.213077 -0.001729
10.218079 -0.018059
10.223080 -0.029786
10.228082 -0.034146
10.233083 -0.030295
10.238085 -0.019539
10.243086 -0.004972
10.248088 0.009496
10.253089 0.020513
10.258091 0.026481
10.263092 0.027921
10.268094 0.026825
10.273095 0.025435
10.278097 0.025143
10.283098 0.026008
10.288100 0.026974
10.293101 0.026485
10.298103 0.023172
10.303104 0.016413
10.308106 0.006640
10.313107 -0.004738
10.318109 -0.015872
10.323110 -0.025199
10.328112 -0.031931
10.333113 -0.036076
10.338115 -0.038093
10.343116 -0.038452
10.348118 -0.037253
10.353119 -0.034057
10.358121 -0.028080
10.363122 -0.018766
10.368124 -0.006374
10.373125 0.007760
10.378127 0.021404
10.383128 0.031906
10.388130 0.036888
10.393131 0.035003
10.398133 0.026529
10.403134 0.013522
10.408136 -0.000555
10.413137 -0.011623
10.418139 -0.016050
10.423140 -0.011767
10.428142 0.000836
10.433143 0.018771
10.438145 0.037320
10.443146 0.051610
10.448148 0.058104
10.453149 0.055478
10.458151 0.044705
10.463153 0.028475
10.468154 0.010167
10.473156 -0.007282
10.478157 -0.022175
10.483159 -0.034257
10.488160 -0.044281
10.493162 -0.053212
10.498163 -0.061398
10.503165 -0.068086
10.508166 -0.071537
10.513168 -0.069759
10.518169 -0.061532
10.523171 -0.047198
10.528172 -0.028837
10.533174 -0.009755
10.538175 0.006514
10.543177 0.017338
10.548178 0.021872
10.553180 0.021356
10.558181 0.018663
10.563183 0.017191
10.568184 0.019501
10.573186 0.026255
10.578187 0.035909
10.583189 0.045250
10.588190 0.050528
10.593192 0.048823
10.598193 0.039209
10.603195 0.023253
10.608196 0.004607
10.613198 -0.012159
10.618199 -0.023024
10.623201 -0.025811
10.628202 -0.020918
10.633204 -0.011163
10.638205 -0.000740
10.643207 0.006251
10.648208 0.007116
10.653210 0.001352
10.658211 -0.009308
10.663213 -0.021603
10.668214 -0.031949
10.673216 -0.037644
10.678217 -0.037555
10.683219 -0.032182
10.688220 -0.023218
10.693222 -0.012924
10.698223 -0.003519
10.703225 0.003290
10.708226 0.006613
10.713228 0.006508
10.718229 0.003929
10.723231 0.000473
10.728232 -0.002023
10.733234 -0.002038
10.738235 0.001140
10.743237 0.007224
10.748238 0.015188
10.753240 0.023770
10.758241 0.031832
10.763243 0.038364
10.768244 0.042353
10.773246 0.042887
10.778247 0.039519
10.783249 0.032541
10.788250 0.022912
10.793252 0.011978
10.798253 0.001243
10.803255 -0.007735
10.808256 -0.013462
10.813258 -0.014717
10.818259 -0.010830
10.823261 -0.002046
10.828263 0.010168
10.833264 0.023171
10.838266 0.033686
10.843267 0.038593
10.848269 0.035664
10.853270 0.024154
10.858272 0.005261
10.863273 -0.017767
10.868275 -0.040209
10.873276 -0.057175
10.878278 -0.065205
10.883279 -0.063500
10.888281 -0.054196
10.893282 -0.041560
10.898284 -0.030447
10.903285 -0.024590
10.908287 -0.025244
10.913288 -0.030697
10.918290 -0.036972
10.923291 -0.039472
10.928293 -0.034801
10.933294 -0.021999
10.938296 -0.002843
10.943297 0.018799
10.948299 0.038325
10.953300 0.051974
10.958302 0.057999
10.963303 0.057006
10.968305 0.051348
10.973306 0.043899
10.978308 0.036760
10.983309 0.030457
10.988311 0.023970
10.993312 0.015580
10.998314 0.004152
11.003315 -0.009874
11.008317 -0.024299
11.013318 -0.035872
11.018320 -0.041533
11.023321 -0.039662
11.028323 -0.030823
11.033324 -0.017700
11.038326 -0.004210
11.043327 0.005877
11.048329 0.010268
11.053330 0.008908
11.058332 0.003944
11.063333 -0.001072
11.068335 -0.002503
11.073336 0.001944
11.078338 0.012177
11.083339 0.025556
11.088341 0.037772
11.093342 0.044450
11.098344 0.042798
11.103345 0.032604
11.108347 0.016295
11.113348 -0.001891
11.118350 -0.017308
11.123351 -0.026436
11.128353 -0.027985
11.133354 -0.023150
11.138356 -0.014942
11.143357 -0.006934
11.148359 -0.001940
11.153360 -0.001101
11.158362 -0.003633
11.163363 -0.007292
11.168365 -0.009361
11.173366 -0.007817
11.178368 -0.002255
11.183369 0.005821
11.188371 0.013530
11.193373 0.017758
11.198374 0.016385
11.203376 0.009009
11.208377 -0.003050
11.213379 -0.017321
11.218380 -0.030978
11.223382 -0.041639
11.228383 -0.047919
11.233385 -0.049599
11.238386 -0.047402
11.243388 -0.042518
11.248389 -0.036071
11.253391 -0.028733
11.258392 -0.020643
11.263394 -0.011639
11.268395 -0.001683
11.273397 0.008701
11.278398 0.018187
11.283400 0.024812
11.288401 0.026650
11.293403 0.022743
11.298404 0.013813
11.303406 0.002340
11.308407 -0.008082
11.313409 -0.013882
11.318410 -0.012680
11.323412 -0.004123
11.328413 0.009895
11.333415 0.025752
11.338416 0.039258
11.343418 0.047002
11.348419 0.047414
11.353421 0.041240
11.358422 0.031299
11.363424 0.021505
11.368425 0.015383
11.373427 0.014679
11.378428 0.018774
11.383430 0.025136
11.388431 0.030463
11.393433 0.031919
11.398434 0.028008
11.403436 0.018888
11.408437 0.006101
11.413439 -0.008141
11.418440 -0.021742
11.423442 -0.033230
11.428443 -0.041864
11.433445 -0.047501
11.438446 -0.050355
11.443448 -0.050723
11.448449 -0.048769
11.453451 -0.044504
11.458452 -0.037956
11.463454 -0.029401
11.468455 -0.019519
11.473457 -0.009359
11.478458 -0.000102
11.483460 0.007271
11.488461 0.012268
11.493463 0.015011
11.498464 0.016092
11.503466 0.016198
11.508467 0.015751
11.513469 0.014808
11.518470 0.013251
11.523472 0.011074
11.528473 0.008520
11.533475 0.005987
11.538476 0.003804
11.543478 0.002032
11.548480 0.000390
11.553481 -0.001619
11.558483 -0.004435
11.563484 -0.008149
11.568486 -0.012423
11.573487 -0.016670
11.578489 -0.020321
11.583490 -0.022950
11.588492 -0.024222
11.593493 -0.023824
11.598495 -0.021529
11.603496 -0.017323
11.608498 -0.011450
11.613499 -0.004286
11.618501 0.003815
11.623502 0.012502
11.628504 0.021235
11.633505 0.029090
11.638507 0.034760
11.643508 0.036829
11.648510 0.034235
11.653511 0.026710
11.658513 0.014993
11.663514 0.000782
11.668516 -0.013545
11.673517 -0.025375
11.678519 -0.032404
11.683520 -0.033187
11.688522 -0.027531
11.693523 -0.016562
11.698525 -0.002428
11.703526 0.012270
11.708528 0.025162
11.713529 0.034663
11.718531 0.040184
11.723532 0.041921
11.728534 0.040446
11.733535 0.036363
11.738537 0.030113
11.743538 0.021918
11.748540 0.011844
11.753541 0.000055
11.758543 -0.012845
11.763544 -0.025593
11.768546 -0.036394
11.773547 -0.043357
11.778549 -0.045077
11.783550 -0.041165
11.788552 -0.032594
11.793553 -0.021650
11.798555 -0.011343
11.803556 -0.004374
11.808558 -0.002096
11.813559 -0.003999
11.818561 -0.007979
11.823562 -0.011207
11.828564 -0.011181
11.833565 -0.006559
11.838567 0.002481
11.843568 0.014393
11.848570 0.026789
11.853571 0.037098
11.858573 0.043166
11.863574 0.043663
11.868576 0.038286
11.873577 0.027854
11.878579 0.014275
11.883580 0.000271
11.888582 -0.011230
11.893583 -0.017880
11.898585 -0.018577
11.903586 -0.013698
11.908588 -0.004824
11.913590 0.005892
11.918591 0.016329
11.923593 0.024761
11.928594 0.030049
11.933596 0.031749
11.938597 0.030120
11.943599 0.025967
11.948600 0.020354
11.953602 0.014236
11.958603 0.008172
11.963605 0.002256
11.968606 -0.003678
11.973608 -0.009762
11.978609 -0.015924
11.983611 -0.021941
11.988612 -0.027550
11.993614 -0.032473
11.998615 -0.036343
12.003617 -0.038683
12.008618 -0.039005
12.013620 -0.036966
12.018621 -0.032410
12.023623 -0.025340
12.028624 -0.015941
12.033626 -0.004704
12.038627 0.007496
12.043629 0.019479
12.048630 0.029950
12.053632 0.037713
12.058633 0.041843
12.063635 0.041787
12.068636 0.037513
12.073638 0.029706
12.078639 0.019831
12.083641 0.009848
12.088642 0.001587
12.093644 -0.003877
12.098645 -0.006554
12.103647 -0.007417
12.108648 -0.007894
12.113650 -0.009242
12.118651 -0.012102
12.123653 -0.016370
12.128654 -0.021313
12.133656 -0.025764
12.138657 -0.028396
12.143659 -0.028188
12.148660 -0.025000
12.153662 -0.019815
12.158663 -0.014361
12.163665 -0.010295
12.168666 -0.008484
12.173668 -0.008723
12.178669 -0.009929
12.183671 -0.010666
12.188672 -0.009799
12.193674 -0.006978
12.198675 -0.002750
12.203677 0.001680
12.208678 0.004855
12.213680 0.005524
12.218681 0.003142
12.223683 -0.001713
12.228684 -0.007352
12.233686 -0.011558
12.238687 -0.012460
12.243689 -0.009212
12.248690 -0.002238
12.253692 0.006922
12.258693 0.016057
12.263695 0.022952
12.268697 0.026148
12.273698 0.025500
12.278700 0.022155
12.283701 0.017895
12.288703 0.014223
12.293704 0.011762
12.298706 0.010228
12.303707 0.008835
12.308709 0.006762
12.313710 0.003509
12.318712 -0.000905
12.323713 -0.005889
12.328715 -0.010464
12.333716 -0.013660
12.338718 -0.014979
12.343719 -0.014628
12.348721 -0.013390
12.353722 -0.012214
12.358724 -0.011834
12.363725 -0.012566
12.368727 -0.014250
12.373728 -0.016317
12.378730 -0.017984
12.383731 -0.018547
12.388733 -0.017602
12.393734 -0.015121
12.398736 -0.011324
12.403737 -0.006489
12.408739 -0.000869
12.413740 0.005186
12.418742 0.011062
12.423743 0.015913
12.428745 0.018932
12.433746 0.019674
12.438748 0.018249
12.443749 0.015322
12.448751 0.011908
12.453752 0.009037
12.458754 0.007429
12.463755 0.007291
12.468757 0.008288
12.473758 0.009732
12.478760 0.010872
12.483761 0.011087
12.488763 0.009938
12.493764 0.007203
12.498766 0.002985
12.503767 -0.002206
12.508769 -0.007500
12.513770 -0.011827
12.518772 -0.014148
12.523773 -0.013671
12.528775 -0.010033
12.533776 -0.003405
12.538778 0.005447
12.543779 0.015162
12.548781 0.023959
12.553782 0.030073
12.558784 0.032260
12.563785 0.030124
12.568787 0.024117
12.573788 0.015395
12.578790 0.005653
12.583791 -0.003136
12.588793 -0.009193
12.593794 -0.011421
12.598796 -0.009629
12.603797 -0.004492
12.608799 0.002589
12.613800 0.009713
12.618802 0.014928
12.623803 0.016805
12.628805 0.014853
12.633807 0.009591
12.638808 0.002287
12.643810 -0.005520
12.648811 -0.012511
12.653813 -0.017880
12.658814 -0.021358
12.663816 -0.023115
12.668817 -0.023670
12.673819 -0.023762
12.678820 -0.024097
12.683822 -0.024998
12.688823 -0.026158
12.693825 -0.026719
12.698826 -0.025713
12.703828 -0.022660
12.708829 -0.017918
12.713831 -0.012543
12.718832 -0.007766
12.723834 -0.004445
12.728835 -0.002772
12.733837 -0.002277
12.738838 -0.002095
12.743840 -0.001375
12.748841 0.000345
12.753843 0.002983
12.758844 0.006040
12.763846 0.008848
12.768847 0.010824
12.773849 0.011675
12.778850 0.011523
12.783852 0.010864
12.788853 0.010370
12.793855 0.010662
12.798856 0.012123
12.803858 0.014749
12.808859 0.018067
12.813861 0.021177
12.818862 0.022997
12.823864 0.022658
12.828865 0.019898
12.833867 0.015201
12.838868 0.009637
12.843870 0.004539
12.848871 0.001074
12.853873 -0.000213
12.858874 0.000379
12.863876 0.001895
12.868877 0.003172
12.873879 0.003237
12.878880 0.001551
12.883882 -0.001854
12.888883 -0.006386
12.893885 -0.011135
12.898886 -0.015220
12.903888 -0.018042
12.908889 -0.019352
12.913891 -0.019216
12.918892 -0.017945
12.923894 -0.016017
12.928895 -0.013972
12.933897 -0.012277
12.938898 -0.011204
12.943900 -0.010804
12.948901 -0.010945
12.953903 -0.011335
12.958904 -0.011528
12.963906 -0.010963
12.968907 -0.009095
12.973909 -0.005588
12.978910 -0.000473
12.983912 0.005772
12.988914 0.012283
12.993915 0.018001
12.998917 0.021917
13.003918 0.023265
13.008920 0.021620
13.013921 0.017007
13.018923 0.010005
13.023924 0.001757
13.028926 -0.006237
13.033927 -0.012535
13.038929 -0.016202
13.043930 -0.017068
13.048932 -0.015672
13.053933 -0.012939
13.058935 -0.009781
13.063936 -0.006844
13.068938 -0.004474
13.073939 -0.002743
13.078941 -0.001475
13.083942 -0.000326
13.088944 0.001023
13.093945 0.002666
13.098947 0.004379
13.103948 0.005709
13.108950 0.006183
13.113951 0.005524
13.118953 0.003717
13.123954 0.000929
13.128956 -0.002554
13.133957 -0.006291
13.138959 -0.009653
13.143960 -0.011971
13.148962 -0.012778
13.153963 -0.011922
13.158965 -0.009506
13.163966 -0.005798
13.168968 -0.001201
13.173969 0.003734
13.178971 0.008322
13.183972 0.011792
13.188974 0.013463
13.193975 0.013013
13.198977 0.010681
13.203978 0.007177
13.208980 0.003352
13.213981 -0.000131
13.218983 -0.002920
13.223984 -0.004916
13.228986 -0.006146
13.233987 -0.006667
13.238989 -0.006521
13.243990 -0.005679
13.248992 -0.003992
13.253993 -0.001217
13.258995 0.002857
13.263996 0.008231
13.268998 0.014592
13.273999 0.021303
13.279001 0.027476
13.284002 0.032102
13.289004 0.034283
13.294005 0.033552
13.299007 0.030136
13.304008 0.024972
13.309010 0.019404
13.314011 0.014725
13.319013 0.011786
13.324014 0.010743
13.329016 0.011036
13.334017 0.011695
13.339019 0.011836
13.344020 0.010994
13.349022 0.009105
13.354024 0.006317
13.359025 0.002895
13.364027 -0.000791
13.369028 -0.004304
13.374030 -0.007256
13.379031 -0.009417
13.384033 -0.010799
13.389034 -0.011687
13.394036 -0.012513
13.399037 -0.013562
13.404039 -0.014725
13.409040 -0.015554
13.414042 -0.015570
13.419043 -0.014539
13.424045 -0.012562
13.429046 -0.010057
13.434048 -0.007668
13.439049 -0.006113
13.444051 -0.005942
13.449052 -0.007297
13.454054 -0.009773
13.459055 -0.012530
13.464057 -0.014699
13.469058 -0.015828
13.474060 -0.015992
13.479061 -0.015489
13.484063 -0.014441
13.489064 -0.012668
13.494066 -0.009867
13.499067 -0.005897
13.504069 -0.000897
13.509070 0.004781
13.514072 0.010654
13.519073 0.016075
13.524075 0.020212
13.529076 0.022269
13.534078 0.021879
13.539079 0.019364
13.544081 0.015595
13.549082 0.011541
13.554084 0.007863
13.559085 0.004847
13.564087 0.002596
13.569088 0.001169
13.574090 0.000526
13.579091 0.000398
13.584093 0.000322
13.589094 -0.000145
13.594096 -0.001203
13.599097 -0.002733
13.604099 -0.004378
13.609100 -0.005685
13.614102 -0.006214
13.619103 -0.005616
13.624105 -0.003738
13.629106 -0.000777
13.634108 0.002630
13.639109 0.005522
13.644111 0.006919
13.649112 0.006164
13.654114 0.003138
13.659115 -0.001655
13.664117 -0.007178
13.669118 -0.012097
13.674120 -0.015150
13.679121 -0.015557
13.684123 -0.013332
13.689124 -0.009325
13.694126 -0.004888
13.699127 -0.001329
13.704129 0.000567
13.709131 0.000713
13.714132 -0.000410
13.719134 -0.002107
13.724135 -0.003794
13.729137 -0.005110
13.734138 -0.005810
13.739140 -0.005681
13.744141 -0.004509
13.749143 -0.002059
13.754144 0.001920
13.759146 0.007494
13.764147 0.014179
13.769149 0.020724
13.774150 0.025352
13.779152 0.026361
13.784153 0.022752
13.789155 0.014617
13.794156 0.003254
13.799158 -0.009039
13.804159 -0.019538
13.809161 -0.025925
13.814162 -0.027026
13.819164 -0.023108
13.824165 -0.015715
13.829167 -0.007141
13.834168 0.000274
13.839170 0.004855
13.844171 0.006010
13.849173 0.004191
13.854174 0.000504
13.859176 -0.003742
13.864177 -0.007391
13.869179 -0.009685
13.874180 -0.010422
13.879182 -0.010002
13.884183 -0.009273
13.889185 -0.009209
13.894186 -0.010504
13.899188 -0.013257
13.904189 -0.016876
13.909191 -0.020252
13.914192 -0.022109
13.919194 -0.021406
13.924195 -0.017697
13.929197 -0.011361
13.934198 -0.003476
13.939200 0.004731
13.944201 0.012464
13.949203 0.019466
13.954204 0.025707
13.959206 0.031014
13.964207 0.034945
13.969209 0.036875
13.974210 0.036193
13.979212 0.032500
13.984213 0.025799
13.989215 0.016658
13.994216 0.006266
13.999218 -0.003750
14.004219 -0.011805
14.009221 -0.016945
14.014222 -0.019230
14.019224 -0.019670
14.024225 -0.019691
14.029227 -0.020412
14.034228 -0.022097
14.039230 -0.024085
14.044231 -0.025189
14.049233 -0.024309
14.054234 -0.020899
14.059236 -0.015146
14.064237 -0.007864
14.069239 -0.000257
14.074241 0.006376
14.079242 0.010985
14.084244 0.013134
14.089245 0.013167
14.094247 0.012005
14.099248 0.010611
14.104250 0.009525
14.109251 0.008733
14.114253 0.007870
14.119254 0.006529
14.124256 0.004495
14.129257 0.001846
14.134259 -0.001061
14.139260 -0.003713
14.144262 -0.005639
14.149263 -0.006582
14.154265 -0.006516
14.159266 -0.005571
14.164268 -0.004033
14.169269 -0.002414
14.174271 -0.001386
14.179272 -0.001473
14.184274 -0.002694
14.189275 -0.004428
14.194277 -0.005658
14.199278 -0.005435
14.204280 -0.003255
14.209281 0.000807
14.214283 0.006154
14.219284 0.011817
14.224286 0.016676
14.229287 0.019753
14.234289 0.020482
14.239290 0.018847
14.244292 0.015341
14.249293 0.010825
14.254295 0.006329
14.259296 0.002750
14.264298 0.000516
14.269299 -0.000536
14.274301 -0.000969
14.279302 -0.001399
14.284304 -0.002260
14.289305 -0.003717
14.294307 -0.005640
14.299308 -0.007638
14.304310 -0.009187
14.309311 -0.009872
14.314313 -0.009571
14.319314 -0.008438
14.324316 -0.006764
14.329317 -0.004870
14.334319 -0.003045
14.339320 -0.001475
14.344322 -0.000178
14.349323 0.000941
14.354325 0.001974
14.359326 0.002910
14.364328 0.003613
14.369329 0.003854
14.374331 0.003413
14.379332 0.002156
14.384334 0.000023
14.389335 -0.002982
14.394337 -0.006694
14.399338 -0.010716
14.404340 -0.014500
14.409341 -0.017535
14.414343 -0.019470
14.419344 -0.020137
14.424346 -0.019469
14.429347 -0.017418
14.434349 -0.013932
14.439351 -0.009042
14.444352 -0.003004
14.449354 0.003589
14.454355 0.009890
14.459357 0.015059
14.464358 0.018546
14.469360 0.020160
14.474361 0.019907
14.479363 0.017808
14.484364 0.013940
14.489366 0.008669
14.494367 0.002875
14.499369 -0.002113
14.504370 -0.004891
14.509372 -0.004476
14.514373 -0.000645
14.519375 0.006005
14.524376 0.014221
14.529378 0.022399
14.534379 0.028933
14.539381 0.032527
14.544382 0.032439
14.549384 0.028652
14.554385 0.021942
14.559387 0.013761
14.564388 0.005836
14.569390 -0.000404
14.574391 -0.004264
14.579393 -0.005863
14.584394 -0.005948
14.589396 -0.005610
14.594397 -0.005959
14.599399 -0.007736
14.604400 -0.010992
14.609402 -0.015069
14.614403 -0.018935
14.619405 -0.021639
14.624406 -0.022656
14.629408 -0.021970
14.634409 -0.019891
14.639411 -0.016770
14.644412 -0.012806
14.649414 -0.008076
14.654415 -0.002671
14.659417 0.003201
14.664418 0.009144
14.669420 0.014520
14.674421 0.018452
14.679423 0.020012
14.684424 0.018555
14.689426 0.014083
14.694427 0.007396
14.699429 -0.000049
14.704430 -0.006595
14.709432 -0.010922
14.714433 -0.012412
14.719435 -0.011228
14.724436 -0.008203
14.729438 -0.004620
14.734439 -0.001889
14.739441 -0.001153
14.744442 -0.002938
14.749444 -0.006957
14.754445 -0.012155
14.759447 -0.017033
14.764448 -0.020163
14.769450 -0.020709
14.774451 -0.018675
14.779453 -0.014817
14.784454 -0.010302
14.789456 -0.006262
14.794458 -0.003397
14.799459 -0.001826
14.804461 -0.001210
14.809462 -0.001025
14.814464 -0.000785
14.819465 -0.000193
14.824467 0.000757
14.829468 0.001784
14.834470 0.002478
14.839471 0.002603
14.844473 0.002284
14.849474 0.001930
14.854476 0.001933
14.859477 0.002431
14.864479 0.003266
14.869480 0.004099
14.874482 0.004565
14.879483 0.004403
14.884485 0.003552
14.889486 0.002170
14.894488 0.000624
14.899489 -0.000524
14.904491 -0.000615
14.909492 0.000830
14.914494 0.003804
14.919495 0.007763
14.924497 0.011854
14.929498 0.015227
14.934500 0.017249
14.939501 0.017622
14.944503 0.016469
14.949504 0.014324
14.954506 0.011922
14.959507 0.009883
14.964509 0.008526
14.969510 0.007882
14.974512 0.007786
14.979513 0.007956
14.984515 0.008051
14.989516 0.007729
14.994518 0.006729
14.999519 0.004979
15.004521 0.002690
15.009522 0.000284
15.014524 -0.001809
15.019525 -0.003362
15.024527 -0.004431
15.029528 -0.005278
15.034530 -0.006175
15.039531 -0.007190
15.044533 -0.008123
15.049534 -0.008656
15.054536 -0.008583
15.059537 -0.007885
15.064539 -0.006660
15.069540 -0.005065
15.074542 -0.003351
15.079543 -0.001845
15.084545 -0.000823
15.089546 -0.000422
15.094548 -0.000662
15.099549 -0.001496
15.104551 -0.002780
15.109552 -0.004247
15.114554 -0.005551
15.119555 -0.006380
15.124557 -0.006528
15.129558 -0.005888
15.134560 -0.004427
15.139561 -0.002198
15.144563 0.000579
15.149564 0.003441
15.154566 0.005711
15.159568 0.006696
15.164569 0.005984
15.169571 0.003594
15.174572 -0.000110
15.179574 -0.004626
15.184575 -0.009416
15.189577 -0.013876
15.194578 -0.017318
15.199580 -0.019081
15.204581 -0.018737
15.209583 -0.016202
15.214584 -0.011711
15.219586 -0.005739
15.224587 0.001055
15.229589 0.007866
15.234590 0.013854
15.239592 0.018320
15.244593 0.020859
15.249595 0.021431
15.254596 0.020351
15.259598 0.018177
15.264599 0.015503
15.269601 0.012736
15.274602 0.009989
15.279604 0.007146
15.284605 0.004010
15.289607 0.000452
15.294608 -0.003459
15.299610 -0.007364
15.304611 -0.010678
15.309613 -0.012820
15.314614 -0.013448
15.319616 -0.012552
15.324617 -0.010391
15.329619 -0.007379
15.334620 -0.003940
15.339622 -0.000383
15.344623 0.003121
15.349625 0.006399
15.354626 0.009144
15.359628 0.010950
15.364629 0.011521
15.369631 0.010890
15.374632 0.009420
15.379634 0.007591
15.384635 0.005731
15.389637 0.003966
15.394638 0.002405
15.399640 0.001303
15.404641 0.001000
15.409643 0.001723
15.414644 0.003468
15.419646 0.005994
15.424647 0.008827
15.429649 0.011300
15.434650 0.012726
15.439652 0.012673
15.444653 0.011130
15.449655 0.008458
15.454656 0.005213
15.459658 0.002005
15.464659 -0.000596
15.469661 -0.002179
15.474662 -0.002597
15.479664 -0.001978
15.484665 -0.000655
15.489667 0.000848
15.494668 0.001830
15.499670 0.001639
15.504671 0.000111
15.509673 -0.002178
15.514675 -0.004180
15.519676 -0.004928
15.524678 -0.003939
15.529679 -0.001248
15.534681 0.002767
15.539682 0.007561
15.544684 0.012510
15.549685 0.016904
15.554687 0.019976
15.559688 0.021070
15.564690 0.019833
15.569691 0.016284
15.574693 0.010766
15.579694 0.003878
15.584696 -0.003605
15.589697 -0.010840
15.594699 -0.017035
15.599700 -0.021511
15.604702 -0.023743
15.609703 -0.023474
15.614705 -0.020867
15.619706 -0.016528
15.624708 -0.011333
15.629709 -0.006200
15.634711 -0.001924
15.639712 0.000926
15.644714 0.002085
15.649715 0.001606
15.654717 -0.000183
15.659718 -0.002786
15.664720 -0.005706
15.669721 -0.008608
15.674723 -0.011359
15.679724 -0.013864
15.684726 -0.015882
15.689727 -0.017087
15.694729 -0.017327
15.699730 -0.016757
15.704732 -0.015664
15.709733 -0.014166
15.714735 -0.012137
15.719736 -0.009437
15.724738 -0.006170
15.729739 -0.002706
15.734741 0.000520
15.739742 0.003211
15.744744 0.005255
15.749745 0.006646
15.754747 0.007408
15.759748 0.007586
15.764750 0.007290
15.769751 0.006730
15.774753 0.006182
15.779754 0.005900
15.784756 0.006028
15.789757 0.006519
15.794759 0.007139
15.799760 0.007591
15.804762 0.007669
15.809763 0.007314
15.814765 0.006577
15.819766 0.005578
15.824768 0.004488
15.829769 0.003503
15.834771 0.002783
15.839772 0.002387
15.844774 0.002220
15.849775 0.002041
15.854777 0.001573
15.859778 0.000666
15.864780 -0.000605
15.869781 -0.001984
15.874783 -0.003169
15.879785 -0.003929
15.884786 -0.004208
15.889788 -0.004221
15.894789 -0.004377
15.899791 -0.004991
15.904792 -0.005971
15.909794 -0.006809
15.914795 -0.006886
15.919797 -0.005824
15.924798 -0.003646
15.929800 -0.000682
15.934801 0.002660
15.939803 0.006045
15.944804 0.009202
15.949806 0.011870
15.954807 0.013866
15.959809 0.015220
15.964810 0.016162
15.969812 0.016922
15.974813 0.017531
15.979815 0.017832
15.984816 0.017617
15.989818 0.016729
15.994819 0.015099
15.999821 0.012711
16.004822 0.009514
16.009824 0.005344
16.014825 -0.000004
16.019827 -0.006515
16.024828 -0.013678
16.029830 -0.020451
16.034831 -0.025551
16.039833 -0.027914
16.044834 -0.027087
16.049836 -0.023351
16.054837 -0.017529
16.059839 -0.010705
16.064840 -0.004027
16.069842 0.001425
16.074843 0.004863
16.079845 0.006050
16.084846 0.005329
16.089848 0.003390
16.094849 0.000995
16.099851 -0.001172
16.104852 -0.002579
16.109854 -0.002918
16.114855 -0.002124
16.119857 -0.000333
16.124858 0.002183
16.129860 0.005044
16.134861 0.007777
16.139863 0.009867
16.144864 0.010842
16.149866 0.010356
16.154867 0.008276
16.159869 0.004754
16.164870 0.000260
16.169872 -0.004451
16.174873 -0.008471
16.179875 -0.010995
16.184876 -0.011612
16.189878 -0.010447
16.194879 -0.008079
16.199881 -0.005303
16.204882 -0.002883
16.209884 -0.001355
16.214885 -0.000891
16.219887 -0.001246
16.224888 -0.001853
16.229890 -0.002066
16.234892 -0.001375
16.239893 0.000450
16.244895 0.003268
16.249896 0.006542
16.254898 0.009497
16.259899 0.011436
16.264901 0.012030
16.269902 0.011352
16.274904 0.009701
16.279905 0.007422
16.284907 0.004855
16.289908 0.002322
16.294910 -0.000007
16.299911 -0.002258
16.304913 -0.004772
16.309914 -0.007819
16.314916 -0.011329
16.319917 -0.014819
16.324919 -0.017527
16.329920 -0.018681
16.334922 -0.017793
16.339923 -0.014843
16.344925 -0.010301
16.349926 -0.004978
16.354928 0.000218
16.359929 0.004570
16.364931 0.007724
16.369932 0.009685
16.374934 0.010693
16.379935 0.011075
16.384937 0.011073
16.389938 0.010701
16.394940 0.009742
16.399941 0.007937
16.404943 0.005229
16.409944 0.001893
16.414946 -0.001493
16.419947 -0.004223
16.424949 -0.005746
16.429950 -0.005890
16.434952 -0.004890
16.439953 -0.003274
16.444955 -0.001793
16.449956 -0.001359
16.454958 -0.002800
16.459959 -0.006416
16.464961 -0.011658
16.469962 -0.017248
16.474964 -0.021651
16.479965 -0.023619
16.484967 -0.022519
16.489968 -0.018370
16.494970 -0.011701
16.499971 -0.003474
16.504973 0.004985
16.509974 0.012207
16.514976 0.017011
16.519977 0.018897
16.524979 0.018165
16.529980 0.015731
16.534982 0.012762
16.539983 0.010299
16.544985 0.008983
16.549986 0.008919
16.554988 0.009666
16.559989 0.010380
16.564991 0.010178
16.569992 0.008640
16.574994 0.006093
16.579995 0.003428
16.584997 0.001486
16.589998 0.000524
16.595000 0.000232
