0.000000 0.000000
0.005001 0.002925
0.010003 0.002355
0.015004 0.001426
0.020006 0.000720
0.025007 0.000557
0.030009 0.000880
0.035010 0.001449
0.040012 0.002042
0.045013 0.002492
0.050015 0.002651
0.055016 0.002441
0.060018 0.001947
0.065019 0.001421
0.070021 0.001145
0.075022 0.001255
0.080024 0.001624
0.085025 0.001955
0.090027 0.002052
0.095028 0.001993
0.100030 0.001955
0.105031 0.001939
0.110033 0.001815
0.115034 0.001602
0.120036 0.001486
0.125037 0.001569
0.130039 0.001756
0.135040 0.001929
0.140042 0.002065
0.145043 0.002171
0.150045 0.002255
0.155046 0.002371
0.160048 0.002560
0.165049 0.002728
0.170051 0.002674
0.175052 0.002289
0.180054 0.001706
0.185055 0.001273
0.190057 0.001321
0.195058 0.001870
0.200060 0.002507
0.205061 0.002680
0.210063 0.002241
0.215064 0.001620
0.220066 0.001352
0.225067 0.001516
0.230069 0.001743
0.235070 0.001710
0.240072 0.001452
0.245073 0.001193
0.250075 0.001066
0.255076 0.001052
0.260078 0.001111
0.265079 0.001217
0.270081 0.001309
0.275082 0.001264
0.280084 0.001004
0.285085 0.000645
0.290087 0.000490
0.295088 0.000772
0.300090 0.001357
0.305091 0.001789
0.310093 0.001701
0.315094 0.001137
0.320096 0.000421
0.325097 -0.000143
0.330099 -0.000377
0.335100 -0.000178
0.340102 0.000400
0.345103 0.001067
0.350105 0.001463
0.355106 0.001442
0.360108 0.001127
0.365109 0.000747
0.370111 0.000503
0.375112 0.000516
0.380114 0.000759
0.385115 0.001039
0.390117 0.001205
0.395118 0.001308
0.400120 0.001444
0.405121 0.001476
0.410123 0.001136
0.415124 0.000395
0.420126 -0.000373
0.425127 -0.000681
0.430129 -0.000321
0.435130 0.000512
0.440132 0.001373
0.445133 0.001852
0.450135 0.001802
0.455136 0.001391
0.460138 0.000942
0.465139 0.000728
0.470141 0.000810
0.475142 0.001000
0.480144 0.000976
0.485145 0.000559
0.490147 -0.000050
0.495148 -0.000380
0.500150 -0.000112
0.505151 0.000595
0.510153 0.001196
0.515154 0.001179
0.520156 0.000494
0.525157 -0.000340
0.530159 -0.000590
0.535160 0.000045
0.540162 0.001078
0.545163 0.001628
0.550165 0.001266
0.555166 0.000433
0.560168 -0.000022
0.565169 0.000304
0.570171 0.001026
0.575172 0.001407
0.580174 0.001059
0.585175 0.000227
0.590177 -0.000484
0.595178 -0.000635
0.600180 -0.000287
0.605181 0.000114
0.610183 0.000196
0.615184 0.000017
0.620186 -0.000082
0.625187 0.000074
0.630189 0.000316
0.635190 0.000413
0.640192 0.000370
0.645193 0.000384
0.650195 0.000586
0.655196 0.000893
0.660198 0.001087
0.665199 0.001031
0.670201 0.000852
0.675202 0.000886
0.680204 0.001292
0.685205 0.001773
0.690207 0.001818
0.695208 0.001246
0.700210 0.000390
0.705211 -0.000224
0.710213 -0.000261
0.715214 0.000226
0.720216 0.000825
0.725217 0.001078
0.730219 0.000905
0.735220 0.000630
0.740222 0.000542
0.745223 0.000601
0.750225 0.000639
0.755226 0.000638
0.760228 0.000628
0.765229 0.000518
0.770231 0.000248
0.775232 0.000003
0.780234 0.000019
0.785235 0.000258
0.790237 0.000482
0.795238 0.000564
0.800240 0.000555
0.805241 0.000523
0.810243 0.000506
0.815244 0.000517
0.820246 0.000494
0.825247 0.000316
0.830249 0.000015
0.835250 -0.000136
0.840252 0.000068
0.845253 0.000437
0.850255 0.000538
0.855256 0.000211
0.860258 -0.000228
0.865259 -0.000354
0.870261 -0.000085
0.875262 0.000286
0.880264 0.000389
0.885265 0.000096
0.890267 -0.000374
0.895268 -0.000625
0.900270 -0.000412
0.905271 0.000156
0.910273 0.000719
0.915274 0.000934
0.920276 0.000676
0.925277 0.000070
0.930279 -0.000594
0.935280 -0.001007
0.940282 -0.001013
0.945283 -0.000712
0.950285 -0.000339
0.955286 -0.000047
0.960288 0.000140
0.965289 0.000178
0.970291 -0.000015
0.975292 -0.000382
0.980294 -0.000673
0.985295 -0.000667
0.990296 -0.000373
0.995298 0.000028
1.000299 0.000334
1.005301 0.000410
1.010302 0.000268
1.015304 0.000049
1.020305 -0.000146
1.025307 -0.000334
1.030308 -0.000462
1.035310 -0.000292
1.040311 0.000339
1.045313 0.001240
1.050314 0.001969
1.055316 0.002179
1.060317 0.001825
1.065319 0.001138
1.070320 0.000480
1.075322 0.000101
1.080323 -0.000054
1.085325 -0.000203
1.090326 -0.000390
1.095328 -0.000441
1.100329 -0.000281
1.105331 -0.000073
1.110332 0.000009
1.115334 -0.000028
1.120335 -0.000167
1.125337 -0.000510
1.130338 -0.001057
1.135340 -0.001502
1.140341 -0.001466
1.145343 -0.000920
1.150344 -0.000234
1.155346 0.000148
1.160347 0.000013
1.165349 -0.000521
1.170350 -0.001074
1.175352 -0.001239
1.180353 -0.000890
1.185355 -0.000299
1.190356 0.000076
1.195358 -0.000006
1.200359 -0.000381
1.205361 -0.000670
1.210362 -0.000648
1.215364 -0.000398
1.220365 -0.000165
1.225367 -0.000097
1.230368 -0.000125
1.235370 -0.000086
1.240371 0.000038
1.245373 0.000052
1.250374 -0.000211
1.255376 -0.000682
1.260377 -0.001147
1.265379 -0.001441
1.270380 -0.001476
1.275382 -0.001231
1.280383 -0.000819
1.285385 -0.000489
1.290386 -0.000412
1.295388 -0.000486
1.300389 -0.000479
1.305391 -0.000381
1.310392 -0.000474
1.315394 -0.000936
1.320395 -0.001491
1.325397 -0.001607
1.330398 -0.001040
1.335400 -0.000140
1.340401 0.000375
1.345403 0.000040
1.350404 -0.000881
1.355406 -0.001585
1.360407 -0.001482
1.365409 -0.000721
1.370410 0.000069
1.375412 0.000439
1.380413 0.000413
1.385415 0.000254
1.390416 0.000146
1.395418 0.000109
1.400419 0.000039
1.405421 -0.000177
1.410422 -0.000484
1.415424 -0.000584
1.420425 -0.000188
1.425427 0.000570
1.430428 0.001127
1.435430 0.001017
1.440431 0.000351
1.445433 -0.000327
1.450434 -0.000558
1.455436 -0.000299
1.460437 0.000114
1.465439 0.000223
1.470440 -0.000166
1.475442 -0.000746
1.480443 -0.000972
1.485445 -0.000629
1.490446 -0.000003
1.495448 0.000497
1.500449 0.000713
1.505451 0.000727
1.510452 0.000714
1.515454 0.000858
1.520455 0.001250
1.525457 0.001749
1.530458 0.002033
1.535460 0.001848
1.540461 0.001226
1.545463 0.000440
1.550464 -0.000211
1.555466 -0.000611
1.560467 -0.000899
1.565469 -0.001309
1.570470 -0.001888
1.575472 -0.002380
1.580473 -0.002414
1.585475 -0.001786
1.590476 -0.000587
1.595478 0.000860
1.600479 0.002124
1.605481 0.002854
1.610482 0.002980
1.615484 0.002708
1.620485 0.002265
1.625487 0.001668
1.630488 0.000758
1.635490 -0.000620
1.640491 -0.002409
1.645493 -0.004231
1.650494 -0.005466
1.655496 -0.005602
1.660497 -0.004597
1.665499 -0.002825
1.670500 -0.000643
1.675502 0.001871
1.680503 0.004673
1.685505 0.007387
1.690506 0.009325
1.695508 0.009826
1.700509 0.008553
1.705511 0.005663
1.710512 0.001802
1.715514 -0.002141
1.720515 -0.005443
1.725517 -0.007689
1.730518 -0.008580
1.735520 -0.007833
1.740521 -0.005458
1.745523 -0.001990
1.750524 0.001769
1.755526 0.005250
1.760527 0.008187
1.765529 0.010210
1.770530 0.010621
1.775532 0.008767
1.780533 0.004687
1.785535 -0.000582
1.790536 -0.005424
1.795538 -0.008606
1.800539 -0.010016
1.805541 -0.010451
1.810542 -0.010622
1.815544 -0.010462
1.820545 -0.009384
1.825547 -0.006987
1.830548 -0.003420
1.835550 0.000766
1.840551 0.004872
1.845553 0.008198
1.850554 0.010127
1.855556 0.010151
1.860557 0.007915
1.865559 0.003431
1.870560 -0.002549
1.875562 -0.008508
1.880563 -0.012797
1.885565 -0.014448
1.890566 -0.013381
1.895568 -0.010037
1.900569 -0.005095
1.905571 0.000497
1.910572 0.005569
1.915574 0.009075
1.920575 0.010435
1.925577 0.009635
1.930578 0.007159
1.935580 0.003834
1.940581 0.000570
1.945583 -0.001890
1.950584 -0.003049
1.955586 -0.002707
1.960587 -0.001101
1.965588 0.001060
1.970590 0.002880
1.975591 0.003661
1.980593 0.003018
1.985594 0.000859
1.990596 -0.002450
1.995597 -0.005919
2.000599 -0.008163
2.005600 -0.008043
2.010602 -0.005277
2.015603 -0.000627
2.020605 0.004478
2.025606 0.008679
2.030608 0.011268
2.035609 0.012188
2.040611 0.011606
2.045612 0.009617
2.050614 0.006302
2.055615 0.001905
2.060617 -0.003204
2.065618 -0.008656
2.070620 -0.013994
2.075621 -0.018417
2.080623 -0.020705
2.085624 -0.019549
2.090626 -0.014143
2.095627 -0.004714
2.100629 0.007283
2.105630 0.019490
2.110632 0.029412
2.115633 0.035111
2.120635 0.035463
2.125636 0.030163
2.130638 0.019860
2.135639 0.006276
2.140641 -0.008111
2.145642 -0.020794
2.150644 -0.029808
2.155645 -0.033864
2.160647 -0.032288
2.165648 -0.025157
2.170650 -0.013660
2.175651 -0.000272
2.180653 0.011782
2.185654 0.019745
2.190656 0.022393
2.195657 0.020124
2.200659 0.014220
2.205660 0.006198
2.210662 -0.002301
2.215663 -0.009489
2.220665 -0.013874
2.225666 -0.014911
2.230668 -0.013163
2.235669 -0.009792
2.240671 -0.005915
2.245672 -0.002293
2.250674 0.000704
2.255675 0.002981
2.260677 0.004528
2.265678 0.005285
2.270680 0.005190
2.275681 0.004318
2.280683 0.002951
2.285684 0.001502
2.290686 0.000400
2.295687 0.000008
2.300689 0.000544
2.305690 0.001977
2.310692 0.003994
2.315693 0.006096
2.320695 0.007722
2.325696 0.008364
2.330698 0.007676
2.335699 0.005566
2.340701 0.002245
2.345702 -0.001769
2.350704 -0.005707
2.355705 -0.008756
2.360707 -0.010390
2.365708 -0.010568
2.370710 -0.009555
2.375711 -0.007585
2.380713 -0.004836
2.385714 -0.001678
2.390716 0.001293
2.395717 0.003566
2.400719 0.004909
2.405720 0.005223
2.410722 0.004342
2.415723 0.002057
2.420725 -0.001713
2.425726 -0.006725
2.430728 -0.012277
2.435729 -0.017246
2.440731 -0.020437
2.445732 -0.021052
2.450734 -0.018931
2.455735 -0.014463
2.460737 -0.008354
2.465738 -0.001451
2.470740 0.005245
2.475741 0.010484
2.480743 0.012977
2.485744 0.012104
2.490746 0.008549
2.495747 0.004054
2.500749 0.000314
2.505750 -0.001952
2.510752 -0.002914
2.515753 -0.002846
2.520755 -0.001616
2.525756 0.001140
2.530758 0.005510
2.535759 0.010941
2.540761 0.016244
2.545762 0.019997
2.550764 0.021149
2.555765 0.019341
2.560767 0.014802
2.565768 0.008145
2.570770 0.000393
2.575771 -0.007012
2.580773 -0.012534
2.585774 -0.015049
2.590776 -0.014150
2.595777 -0.010209
2.600779 -0.004316
2.605780 0.001958
2.610782 0.007073
2.615783 0.010024
2.620785 0.010520
2.625786 0.008895
2.630788 0.005883
2.635789 0.002272
2.640791 -0.001448
2.645792 -0.005080
2.650794 -0.008379
2.655795 -0.010862
2.660797 -0.011977
2.665798 -0.011280
2.670800 -0.008474
2.675801 -0.003580
2.680803 0.002708
2.685804 0.008949
2.690806 0.013421
2.695807 0.014811
2.700809 0.012696
2.705810 0.007742
2.710812 0.001613
2.715813 -0.003494
2.720815 -0.005680
2.725816 -0.004122
2.730818 0.000661
2.735819 0.007063
2.740821 0.012929
2.745822 0.016260
2.750824 0.015979
2.755825 0.012385
2.760827 0.006934
2.765828 0.001499
2.770830 -0.002449
2.775831 -0.004363
2.780833 -0.004688
2.785834 -0.004433
2.790836 -0.004499
2.795837 -0.005248
2.800839 -0.006631
2.805840 -0.008540
2.810842 -0.010891
2.815843 -0.013472
2.820845 -0.015987
2.825846 -0.018340
2.830848 -0.020723
2.835849 -0.023244
2.840851 -0.025408
2.845852 -0.026020
2.850854 -0.023766
2.855855 -0.018140
2.860857 -0.010018
2.865858 -0.001401
2.870860 0.005469
2.875861 0.008976
2.880863 0.008530
2.885864 0.004572
2.890866 -0.001549
2.895867 -0.007858
2.900869 -0.012318
2.905870 -0.013468
2.910872 -0.010744
2.915873 -0.004395
2.920875 0.004694
2.925876 0.015142
2.930878 0.025288
2.935879 0.033536
2.940881 0.038634
2.945882 0.039804
2.950883 0.036862
2.955885 0.030292
2.960886 0.021203
2.965888 0.011187
2.970889 0.002096
2.975891 -0.004380
2.980892 -0.007183
2.985894 -0.006081
2.990895 -0.001521
2.995897 0.005518
3.000898 0.013447
3.005900 0.020084
3.010901 0.023159
3.015903 0.021120
3.020904 0.013767
3.025906 0.002433
3.030907 -0.010303
3.035909 -0.021326
3.040910 -0.027948
3.045912 -0.028706
3.050913 -0.023746
3.055915 -0.014824
3.060916 -0.004922
3.065918 0.002575
3.070919 0.005012
3.075921 0.001331
3.080922 -0.007749
3.085924 -0.020163
3.090925 -0.033146
3.095927 -0.043842
3.100928 -0.049878
3.105930 -0.049812
3.110931 -0.043382
3.115933 -0.031475
3.120934 -0.015876
3.125936 0.001139
3.130937 0.017219
3.135939 0.030183
3.140940 0.038120
3.145942 0.039642
3.150943 0.034426
3.155945 0.023667
3.160946 0.009985
3.165948 -0.003227
3.170949 -0.012604
3.175951 -0.015555
3.180952 -0.010909
3.185954 0.000672
3.190955 0.016789
3.195957 0.034001
3.200958 0.048810
3.205960 0.058544
3.210961 0.061786
3.215963 0.058262
3.220964 0.048518
3.225966 0.033890
3.230967 0.016685
3.235969 -0.000076
3.240970 -0.013565
3.245972 -0.022050
3.250973 -0.025114
3.255975 -0.023248
3.260976 -0.017403
3.265978 -0.008852
3.270979 0.000729
3.275981 0.009254
3.280982 0.014600
3.285984 0.015296
3.290985 0.011040
3.295987 0.002581
3.300988 -0.008911
3.305990 -0.022214
3.310991 -0.035875
3.315993 -0.047936
3.320994 -0.056175
3.325996 -0.058714
3.330997 -0.054448
3.335999 -0.043255
3.341000 -0.026267
3.346002 -0.006147
3.351003 0.013218
3.356005 0.027736
3.361006 0.034291
3.366008 0.031560
3.371009 0.020341
3.376011 0.003447
3.381012 -0.014833
3.386014 -0.029530
3.391015 -0.035949
3.396017 -0.030890
3.401018 -0.014003
3.406020 0.011531
3.411021 0.039794
3.416023 0.064161
3.421024 0.079489
3.426026 0.083467
3.431027 0.076787
3.436029 0.062367
3.441030 0.044110
3.446032 0.025778
3.451033 0.010302
3.456035 -0.000552
3.461036 -0.006364
3.466038 -0.008002
3.471039 -0.007085
3.476041 -0.005157
3.481042 -0.003105
3.486044 -0.001146
3.491045 0.000771
3.496047 0.002431
3.501048 0.002980
3.506050 0.000983
3.511051 -0.004950
3.516053 -0.015244
3.521054 -0.028730
3.526056 -0.042753
3.531057 -0.054026
3.536059 -0.059903
3.541060 -0.059428
3.546062 -0.053575
3.551063 -0.044562
3.556065 -0.034834
3.561066 -0.026390
3.566068 -0.020475
3.571069 -0.017315
3.576071 -0.016022
3.581072 -0.015051
3.586074 -0.013099
3.591075 -0.009830
3.596077 -0.005970
3.601078 -0.002770
3.606080 -0.001136
3.611081 -0.000964
3.616083 -0.001209
3.621084 -0.000707
3.626086 0.000994
3.631087 0.003590
3.636089 0.006674
3.641090 0.010224
3.646092 0.014436
3.651093 0.019283
3.656095 0.024326
3.661096 0.028784
3.666098 0.031666
3.671099 0.031906
3.676101 0.028589
3.681102 0.021349
3.686104 0.010810
3.691105 -0.001283
3.696107 -0.012588
3.701108 -0.021121
3.706110 -0.025866
3.711111 -0.026633
3.716113 -0.023560
3.721114 -0.016977
3.726116 -0.007705
3.731117 0.002742
3.736119 0.012458
3.741120 0.019783
3.746122 0.023860
3.751123 0.024816
3.756125 0.023448
3.761126 0.020578
3.766128 0.016566
3.771129 0.011493
3.776131 0.005778
3.781132 0.000510
3.786134 -0.002922
3.791135 -0.003514
3.796137 -0.000993
3.801138 0.004399
3.806140 0.012393
3.811141 0.022852
3.816143 0.035298
3.821144 0.048187
3.826146 0.058698
3.831147 0.063494
3.836149 0.060025
3.841150 0.047575
3.846152 0.027632
3.851153 0.003564
3.856155 -0.020335
3.861156 -0.040118
3.866158 -0.053216
3.871159 -0.058804
3.876161 -0.057508
3.881162 -0.050769
3.886164 -0.040237
3.891165 -0.027462
3.896167 -0.014000
3.901168 -0.001684
3.906170 0.007396
3.911171 0.011435
3.916173 0.009624
3.921174 0.002516
3.926176 -0.008054
3.931177 -0.019393
3.936178 -0.028622
3.941180 -0.033502
3.946181 -0.033131
3.951183 -0.028160
3.956184 -0.020429
3.961186 -0.012146
3.966187 -0.004940
3.971189 0.000724
3.976190 0.005336
3.981192 0.009518
3.986193 0.013370
3.991195 0.016541
3.996196 0.018588
4.001198 0.019020
4.006199 0.017176
4.011201 0.012519
4.016202 0.005280
4.021204 -0.003234
4.026205 -0.010959
4.031207 -0.015648
4.036208 -0.015403
4.041210 -0.009370
4.046211 0.001564
4.051213 0.014660
4.056214 0.026006
4.061216 0.031657
4.066217 0.028952
4.071219 0.017618
4.076220 -0.000048
4.081222 -0.020161
4.086223 -0.038615
4.091225 -0.051917
4.096226 -0.057542
4.101228 -0.054379
4.106229 -0.043223
4.111231 -0.026793
4.116232 -0.008969
4.121234 0.006506
4.126235 0.017300
4.131237 0.023174
4.136238 0.025668
4.141240 0.027073
4.146241 0.029344
4.151243 0.033376
4.156244 0.038616
4.161246 0.043082
4.166247 0.044076
4.171249 0.039401
4.176250 0.028359
4.181252 0.012081
4.186253 -0.006659
4.191255 -0.023924
4.196256 -0.035414
4.201258 -0.037579
4.206259 -0.028747
4.211261 -0.009866
4.216262 0.015438
4.221264 0.041615
4.226265 0.062567
4.231267 0.073149
4.236268 0.070209
4.241270 0.053159
4.246271 0.024374
4.251273 -0.010799
4.256274 -0.045189
4.261276 -0.072053
4.266277 -0.087101
4.271279 -0.089045
4.276280 -0.078814
4.281282 -0.058499
4.286283 -0.030665
4.291285 0.001948
4.296286 0.036387
4.301288 0.069200
4.306289 0.096273
4.311291 0.113175
4.316292 0.116030
4.321294 0.102640
4.326295 0.073661
4.331297 0.033422
4.336298 -0.010338
4.341300 -0.048274
4.346301 -0.072175
4.351303 -0.077360
4.356304 -0.063639
4.361306 -0.034756
4.366307 0.003087
4.371309 0.042814
4.376310 0.077678
4.381312 0.102084
4.386313 0.112296
4.391315 0.106979
4.396316 0.087195
4.401318 0.055754
4.406319 0.016564
4.411321 -0.025457
4.416322 -0.064250
4.421324 -0.093320
4.426325 -0.107580
4.431327 -0.105321
4.436328 -0.088983
4.441330 -0.064231
4.446331 -0.037952
4.451333 -0.016236
4.456334 -0.003263
4.461336 -0.001229
4.466337 -0.010735
4.471339 -0.031027
4.476340 -0.060243
4.481342 -0.095908
4.486343 -0.135394
4.491345 -0.175769
4.496346 -0.213163
4.501348 -0.242600
4.506349 -0.259034
4.511351 -0.259315
4.516352 -0.243939
4.521354 -0.217443
4.526355 -0.187083
4.531357 -0.160469
4.536358 -0.143397
4.541360 -0.138643
4.546361 -0.145652
4.551363 -0.160723
4.556364 -0.177683
4.561366 -0.189150
4.566367 -0.188328
4.571369 -0.170945
4.576370 -0.136656
4.581372 -0.089110
4.586373 -0.034483
4.591375 0.020737
4.596376 0.071592
4.601378 0.115631
4.606379 0.153093
4.611381 0.186314
4.616382 0.218171
4.621384 0.249982
4.626385 0.280177
4.631387 0.304805
4.636388 0.319530
4.641390 0.321663
4.646391 0.311129
4.651393 0.290209
4.656394 0.262514
4.661396 0.231831
4.666397 0.201421
4.671399 0.173774
4.676400 0.150373
4.681402 0.131293
4.686403 0.115099
4.691405 0.099421
4.696406 0.081840
4.701408 0.060639
4.706409 0.035359
4.711411 0.007239
4.716412 -0.020702
4.721414 -0.044148
4.726415 -0.058501
4.731417 -0.060152
4.736418 -0.047641
4.741420 -0.022183
4.746421 0.012781
4.751423 0.052841
4.756424 0.094017
4.761426 0.133733
4.766427 0.171194
4.771429 0.207071
4.776430 0.242479
4.781432 0.277731
4.786433 0.311716
4.791435 0.342214
4.796436 0.366704
4.801438 0.383151
4.806439 0.390625
4.811441 0.389609
4.816442 0.381543
4.821444 0.367454
4.826445 0.346383
4.831447 0.314901
4.836448 0.268501
4.841450 0.204392
4.846451 0.124107
4.851453 0.034065
4.856454 -0.056636
4.861456 -0.140022
4.866457 -0.212190
4.871459 -0.273571
4.876460 -0.326735
4.881462 -0.373566
4.886463 -0.413717
4.891465 -0.445087
4.896466 -0.465651
4.901468 -0.475217
4.906469 -0.476000
4.911471 -0.471826
4.916472 -0.466557
4.921473 -0.462557
4.926475 -0.459708
4.931476 -0.455239
4.936478 -0.444585
4.941479 -0.423088
4.946481 -0.387866
4.951482 -0.339026
4.956484 -0.279775
4.961485 -0.215316
4.966487 -0.150842
4.971488 -0.089832
4.976490 -0.034020
4.981491 0.015004
4.986493 0.054369
4.991494 0.080320
4.996496 0.090157
5.001497 0.084126
5.006499 0.066051
5.011500 0.042582
5.016502 0.021448
5.021503 0.009406
5.026505 0.010656
5.031506 0.026055
5.036508 0.052896
5.041509 0.085160
5.046511 0.114682
5.051512 0.133451
5.056514 0.136158
5.061515 0.121642
5.066517 0.092821
5.071518 0.055692
5.076520 0.017953
5.081521 -0.012729
5.086523 -0.030572
5.091524 -0.032921
5.096526 -0.020384
5.101527 0.003897
5.106529 0.035356
5.111530 0.069125
5.116532 0.100928
5.121533 0.127615
5.126535 0.147431
5.131536 0.160094
5.136538 0.166558
5.141539 0.168442
5.146541 0.167490
5.151542 0.165474
5.156544 0.164338
5.161545 0.165920
5.166547 0.171100
5.171548 0.178975
5.176550 0.186879
5.181551 0.191437
5.186553 0.190043
5.191554 0.181761
5.196556 0.167114
5.201557 0.147214
5.206559 0.123178
5.211560 0.096245
5.216562 0.067924
5.221563 0.039484
5.226565 0.011208
5.231566 -0.017544
5.236568 -0.047216
5.241569 -0.076888
5.246571 -0.104078
5.251572 -0.125737
5.256574 -0.139823
5.261575 -0.146484
5.266577 -0.148075
5.271578 -0.147995
5.276580 -0.149027
5.281581 -0.152076
5.286583 -0.155844
5.291584 -0.157503
5.296586 -0.154008
5.301587 -0.143345
5.306589 -0.125039
5.311590 -0.099961
5.316592 -0.070124
5.321593 -0.038950
5.326595 -0.011438
5.331596 0.006730
5.336598 0.011181
5.341599 0.000758
5.346601 -0.021755
5.351602 -0.050358
5.356604 -0.077613
5.361605 -0.096764
5.366607 -0.103479
5.371608 -0.096729
5.376610 -0.078701
5.381611 -0.053870
5.386613 -0.027509
5.391614 -0.004056
5.396616 0.014014
5.401617 0.026375
5.406619 0.034252
5.411620 0.039563
5.416622 0.044208
5.421623 0.049636
5.426625 0.056667
5.431626 0.065542
5.436628 0.076081
5.441629 0.087878
5.446631 0.100551
5.451632 0.113952
5.456634 0.127984
5.461635 0.142020
5.466637 0.154403
5.471638 0.162590
5.476640 0.163990
5.481641 0.157111
5.486643 0.142432
5.491644 0.122349
5.496646 0.100008
5.501647 0.077672
5.506649 0.055791
5.511650 0.033388
5.516652 0.009318
5.521653 -0.016642
5.526655 -0.043493
5.531656 -0.069465
5.536658 -0.092953
5.541659 -0.113413
5.546661 -0.131595
5.551662 -0.148898
5.556664 -0.166466
5.561665 -0.184717
5.566667 -0.203251
5.571668 -0.220800
5.576670 -0.235372
5.581671 -0.244931
5.586673 -0.248315
5.591674 -0.245541
5.596676 -0.237156
5.601677 -0.223201
5.606679 -0.202662
5.611680 -0.173840
5.616682 -0.135456
5.621683 -0.087854
5.626685 -0.033653
5.631686 0.022484
5.636688 0.074854
5.641689 0.118201
5.646691 0.149338
5.651692 0.168245
5.656694 0.178003
5.661695 0.183467
5.666697 0.189337
5.671698 0.198600
5.676700 0.211932
5.681701 0.228032
5.686703 0.244425
5.691704 0.258308
5.696706 0.267196
5.701707 0.269363
5.706709 0.264140
5.711710 0.252101
5.716712 0.234960
5.721713 0.215001
5.726715 0.194138
5.731716 0.173142
5.736718 0.151498
5.741719 0.127986
5.746721 0.101679
5.751722 0.072904
5.756724 0.043626
5.761725 0.016872
5.766727 -0.004667
5.771728 -0.020073
5.776730 -0.030719
5.781731 -0.039522
5.786733 -0.049474
5.791734 -0.062374
5.796736 -0.078393
5.801737 -0.096422
5.806739 -0.114737
5.811740 -0.131607
5.816742 -0.145767
5.821743 -0.156767
5.826745 -0.165113
5.831746 -0.172011
5.836748 -0.178734
5.841749 -0.185922
5.846751 -0.193112
5.851752 -0.198763
5.856754 -0.200989
5.861755 -0.198693
5.866757 -0.192240
5.871758 -0.183057
5.876760 -0.172613
5.881761 -0.161689
5.886763 -0.150208
5.891764 -0.137264
5.896765 -0.121233
5.901767 -0.100201
5.906768 -0.072807
5.911770 -0.039144
5.916771 -0.001208
5.921773 0.037474
5.926774 0.072975
5.931776 0.102346
5.936777 0.124465
5.941779 0.139939
5.946780 0.150386
5.951782 0.157797
5.956783 0.164269
5.961785 0.171846
5.966786 0.181995
5.971788 0.194791
5.976789 0.208390
5.981791 0.219379
5.986792 0.223927
5.991794 0.219090
5.996795 0.203528
6.001797 0.177422
6.006798 0.141965
6.011800 0.098921
6.016801 0.050362
6.021803 -0.001499
6.026804 -0.054407
6.031806 -0.106094
6.036807 -0.154401
6.041809 -0.197545
6.046810 -0.234313
6.051812 -0.264013
6.056813 -0.286397
6.061815 -0.301754
6.066816 -0.311061
6.071818 -0.315952
6.076819 -0.318512
6.081821 -0.320866
6.086822 -0.324472
6.091824 -0.329297
6.096825 -0.333503
6.101827 -0.334061
6.106828 -0.327914
6.111830 -0.312947
6.116831 -0.288372
6.121833 -0.254607
6.126834 -0.212853
6.131836 -0.164713
6.136837 -0.112231
6.141839 -0.058271
6.146840 -0.006555
6.151842 0.039152
6.156843 0.076323
6.161845 0.104506
6.166846 0.125230
6.171848 0.141237
6.176849 0.155467
6.181851 0.170088
6.186852 0.185855
6.191854 0.202139
6.196855 0.217578
6.201857 0.230868
6.206858 0.241240
6.211860 0.248485
6.216861 0.252617
6.221863 0.253449
6.226864 0.250457
6.231866 0.243070
6.236867 0.231032
6.241869 0.214505
6.246870 0.194008
6.251872 0.170433
6.256873 0.145095
6.261875 0.119665
6.266876 0.096016
6.271878 0.075968
6.276879 0.060774
6.281881 0.050556
6.286882 0.044293
6.291884 0.040580
6.296885 0.038442
6.301887 0.037597
6.306888 0.038274
6.311890 0.040955
6.316891 0.046044
6.321893 0.053475
6.326894 0.062526
6.331896 0.071970
6.336897 0.080354
6.341899 0.086244
6.346900 0.088625
6.351902 0.087390
6.356903 0.083572
6.361905 0.079053
6.366906 0.075945
6.371908 0.075941
6.376909 0.079804
6.381911 0.087117
6.386912 0.096348
6.391914 0.105158
6.396915 0.110793
6.401917 0.110441
6.406918 0.101567
6.411920 0.082350
6.416921 0.052237
6.421923 0.012459
6.426924 -0.033801
6.431926 -0.081880
6.436927 -0.126848
6.441929 -0.165053
6.446930 -0.195113
6.451932 -0.217803
6.456933 -0.235264
6.461935 -0.250234
6.466936 -0.265350
6.471938 -0.282301
6.476939 -0.301133
6.481941 -0.320190
6.486942 -0.336644
6.491944 -0.347302
6.496945 -0.349555
6.501947 -0.342296
6.506948 -0.326243
6.511950 -0.303302
6.516951 -0.275461
6.521953 -0.244072
6.526954 -0.209810
6.531956 -0.172940
6.536957 -0.133662
6.541959 -0.092479
6.546960 -0.050394
6.551962 -0.008785
6.556963 0.030825
6.561965 0.066962
6.566966 0.098398
6.571968 0.124439
6.576969 0.145172
6.581971 0.161439
6.586972 0.174442
6.591974 0.185091
6.596975 0.193552
6.601977 0.199372
6.606978 0.202025
6.611980 0.201329
6.616981 0.197375
6.621983 0.190253
6.626984 0.180160
6.631986 0.167864
6.636987 0.154755
6.641989 0.142077
6.646990 0.130044
6.651992 0.117815
6.656993 0.104371
6.661995 0.089486
6.666996 0.074181
6.671998 0.060516
6.676999 0.050788
6.682001 0.046409
6.687002 0.047116
6.692004 0.051075
6.697005 0.055753
6.702007 0.058947
6.707008 0.059460
6.712010 0.057267
6.717011 0.053238
6.722013 0.048708
6.727014 0.045202
6.732016 0.044292
6.737017 0.047236
6.742019 0.054304
6.747020 0.064324
6.752022 0.075008
6.757023 0.083996
6.762025 0.089884
6.767026 0.092592
6.772028 0.092883
6.777029 0.091416
6.782031 0.087993
6.787032 0.081522
6.792034 0.070626
6.797035 0.054345
6.802037 0.032523
6.807038 0.005892
6.812040 -0.023993
6.817041 -0.055069
6.822043 -0.085293
6.827044 -0.112994
6.832046 -0.136722
6.837047 -0.154949
6.842049 -0.166103
6.847050 -0.168941
6.852052 -0.162897
6.857053 -0.148239
6.862055 -0.126131
6.867056 -0.098548
6.872058 -0.067905
6.877059 -0.036459
6.882060 -0.005802
6.887062 0.023311
6.892063 0.050795
6.897065 0.076801
6.902066 0.101231
6.907068 0.123489
6.912069 0.142618
6.917071 0.157643
6.922072 0.167850
6.927074 0.172981
6.932075 0.173341
6.937077 0.169675
6.942078 0.162731
6.947080 0.152778
6.952081 0.139454
6.957083 0.122003
6.962084 0.099789
6.967086 0.072828
6.972087 0.041972
6.977089 0.008525
6.982090 -0.026332
6.987092 -0.061660
6.992093 -0.096376
6.997095 -0.129078
7.002096 -0.158494
7.007098 -0.184035
7.012099 -0.205696
7.017101 -0.223440
7.022102 -0.236866
7.027104 -0.245447
7.032105 -0.248962
7.037107 -0.247679
7.042108 -0.242253
7.047110 -0.233508
7.052111 -0.222321
7.057113 -0.209719
7.062114 -0.196922
7.067116 -0.184995
7.072117 -0.174176
7.077119 -0.163560
7.082120 -0.151530
7.087122 -0.136534
7.092123 -0.117573
7.097125 -0.094331
7.102126 -0.067263
7.107128 -0.037728
7.112129 -0.007796
7.117131 0.020409
7.122132 0.045479
7.127134 0.067002
7.132135 0.085136
7.137137 0.099767
7.142138 0.109943
7.147140 0.114100
7.152141 0.111011
7.157143 0.100712
7.162144 0.084731
7.167146 0.065550
7.172147 0.045697
7.177149 0.026949
7.182150 0.010032
7.187152 -0.004996
7.192153 -0.018014
7.197155 -0.028423
7.202156 -0.035339
7.207158 -0.037964
7.212159 -0.035662
7.217161 -0.027957
7.222162 -0.014884
7.227164 0.002474
7.232165 0.021880
7.237167 0.040501
7.242168 0.055738
7.247170 0.065933
7.252171 0.070834
7.257173 0.071673
7.262174 0.070719
7.267176 0.070531
7.272177 0.073366
7.277179 0.080798
7.282180 0.093287
7.287182 0.109787
7.292183 0.127768
7.297185 0.143821
7.302186 0.154595
7.307188 0.157731
7.312189 0.152396
7.317191 0.139187
7.322192 0.119563
7.327194 0.095310
7.332195 0.068363
7.337197 0.040822
7.342198 0.014915
7.347200 -0.007134
7.352201 -0.023352
7.357203 -0.032494
7.362204 -0.034593
7.367206 -0.031079
7.372207 -0.024273
7.377209 -0.016719
7.382210 -0.010767
7.387212 -0.008272
7.392213 -0.010193
7.397215 -0.016303
7.402216 -0.025249
7.407218 -0.034971
7.412219 -0.043309
7.417221 -0.048680
7.422222 -0.050539
7.427224 -0.049279
7.432225 -0.045662
7.437227 -0.040356
7.442228 -0.033971
7.447230 -0.027339
7.452231 -0.021579
7.457233 -0.017877
7.462234 -0.017144
7.467236 -0.019668
7.472237 -0.024961
7.477239 -0.032091
7.482240 -0.040375
7.487242 -0.049665
7.492243 -0.059741
7.497245 -0.069520
7.502246 -0.077183
7.507248 -0.081161
7.512249 -0.080904
7.517251 -0.076887
7.522252 -0.070209
7.527254 -0.062200
7.532255 -0.054066
7.537257 -0.046632
7.542258 -0.040313
7.547260 -0.035243
7.552261 -0.031356
7.557263 -0.028400
7.562264 -0.026041
7.567266 -0.024014
7.572267 -0.022165
7.577269 -0.020374
7.582270 -0.018429
7.587272 -0.015986
7.592273 -0.012733
7.597275 -0.008742
7.602276 -0.004592
7.607278 -0.000951
7.612279 0.001991
7.617281 0.004440
7.622282 0.006266
7.627284 0.006542
7.632285 0.004051
7.637287 -0.001752
7.642288 -0.010329
7.647290 -0.020380
7.652291 -0.030351
7.657293 -0.038793
7.662294 -0.044627
7.667296 -0.047321
7.672297 -0.046899
7.677299 -0.043881
7.682300 -0.039176
7.687302 -0.033803
7.692303 -0.028408
7.697305 -0.022911
7.702306 -0.016515
7.707308 -0.007967
7.712309 0.004152
7.717311 0.021108
7.722312 0.043617
7.727314 0.071442
7.732315 0.103147
7.737317 0.136132
7.742318 0.167123
7.747320 0.193106
7.752321 0.212261
7.757323 0.224290
7.762324 0.230012
7.767326 0.230701
7.772327 0.227697
7.777329 0.222311
7.782330 0.215675
7.787332 0.208486
7.792333 0.200863
7.797335 0.192402
7.802336 0.182316
7.807338 0.169675
7.812339 0.153748
7.817341 0.134284
7.822342 0.111516
7.827344 0.085967
7.832345 0.058334
7.837347 0.029499
7.842348 0.000500
7.847350 -0.027523
7.852351 -0.053355
7.857353 -0.075903
7.862354 -0.094573
7.867355 -0.109404
7.872357 -0.120693
7.877358 -0.128608
7.882360 -0.133403
7.887361 -0.135948
7.892363 -0.137780
7.897364 -0.140462
7.902366 -0.144861
7.907367 -0.150943
7.912369 -0.157991
7.917370 -0.164947
7.922372 -0.170684
7.927373 -0.174196
7.932375 -0.174704
7.937376 -0.171781
7.942378 -0.165530
7.947379 -0.156614
7.952381 -0.146029
7.957382 -0.134865
7.962384 -0.124235
7.967385 -0.115126
7.972387 -0.108047
7.977388 -0.102907
7.982390 -0.099360
7.987391 -0.097207
7.992393 -0.096356
7.997394 -0.096519
8.002396 -0.097056
8.007397 -0.097046
8.012399 -0.095373
8.017400 -0.090909
8.022402 -0.082884
8.027403 -0.071183
8.032405 -0.056404
8.037406 -0.039768
8.042408 -0.022884
8.047409 -0.007138
8.052411 0.007026
8.057412 0.020171
8.062414 0.033055
8.067415 0.045777
8.072417 0.057709
8.077418 0.068036
8.082420 0.076093
8.087421 0.081305
8.092423 0.083242
8.097424 0.081993
8.102426 0.078420
8.107427 0.073976
8.112429 0.070250
8.117430 0.068577
8.122432 0.069712
8.127433 0.073670
8.132435 0.079822
8.137436 0.087245
8.142438 0.095052
8.147439 0.102576
8.152441 0.109382
8.157442 0.115190
8.162444 0.119808
8.167445 0.123240
8.172447 0.125841
8.177448 0.128174
8.182450 0.130540
8.187451 0.132695
8.192453 0.134109
8.197454 0.134418
8.202456 0.133498
8.207457 0.131261
8.212459 0.127596
8.217460 0.122465
8.222462 0.115852
8.227463 0.107625
8.232465 0.097556
8.237466 0.085446
8.242468 0.071199
8.247469 0.054957
8.252471 0.037254
8.257472 0.018909
8.262474 0.000641
8.267475 -0.017109
8.272477 -0.033961
8.277478 -0.049438
8.282480 -0.063213
8.287481 -0.075375
8.292483 -0.086246
8.297484 -0.095910
8.302486 -0.104008
8.307487 -0.109913
8.312489 -0.112986
8.317490 -0.112766
8.322492 -0.109150
8.327493 -0.102561
8.332495 -0.093952
8.337496 -0.084680
8.342498 -0.076342
8.347499 -0.070549
8.352501 -0.068608
8.357502 -0.071161
8.362504 -0.077884
8.367505 -0.087362
8.372507 -0.097393
8.377508 -0.105786
8.382510 -0.111175
8.387511 -0.113172
8.392513 -0.111865
8.397514 -0.107372
8.402516 -0.099932
8.407517 -0.090193
8.412519 -0.079165
8.417520 -0.067820
8.422522 -0.056736
8.427523 -0.046022
8.432525 -0.035423
8.437526 -0.024581
8.442528 -0.013272
8.447529 -0.001319
8.452531 0.011747
8.457532 0.026701
8.462534 0.044057
8.467535 0.063593
8.472537 0.084494
8.477538 0.105758
8.482540 0.126233
8.487541 0.144480
8.492543 0.158933
8.497544 0.168274
8.502546 0.171613
8.507547 0.168604
8.512549 0.159728
8.517550 0.146505
8.522552 0.131157
8.527553 0.115785
8.532555 0.101583
8.537556 0.088520
8.542558 0.075593
8.547559 0.061471
8.552561 0.045125
8.557562 0.026065
8.562564 0.004290
8.567565 -0.019716
8.572567 -0.044912
8.577568 -0.069815
8.582570 -0.092884
8.587571 -0.112932
8.592573 -0.129293
8.597574 -0.141754
8.602576 -0.150428
8.607577 -0.155605
8.612579 -0.157561
8.617580 -0.156450
8.622582 -0.152420
8.627583 -0.145746
8.632585 -0.136768
8.637586 -0.125769
8.642588 -0.112890
8.647589 -0.098037
8.652591 -0.080853
8.657592 -0.061028
8.662594 -0.038850
8.667595 -0.015430
8.672597 0.007718
8.677598 0.029292
8.682600 0.048407
8.687601 0.064439
8.692603 0.076968
8.697604 0.085963
8.702606 0.091849
8.707607 0.095234
8.712609 0.096519
8.717610 0.095804
8.722612 0.093167
8.727613 0.089082
8.732615 0.084575
8.737616 0.080794
8.742618 0.078297
8.747619 0.076829
8.752621 0.075900
8.757622 0.075521
8.762624 0.076320
8.767625 0.079118
8.772627 0.084451
8.777628 0.092259
8.782630 0.101751
8.787631 0.111634
8.792633 0.120751
8.797634 0.128605
8.802636 0.135276
8.807637 0.140935
8.812639 0.145572
8.817640 0.149070
8.822642 0.151300
8.827643 0.152075
8.832645 0.151103
8.837646 0.148019
8.842647 0.142459
8.847649 0.134201
8.852650 0.123271
8.857652 0.109861
8.862653 0.094091
8.867655 0.075999
8.872656 0.055830
8.877658 0.034281
8.882659 0.012343
8.887661 -0.009113
8.892662 -0.029632
8.897664 -0.049167
8.902665 -0.067876
8.907667 -0.085845
8.912668 -0.102883
8.917670 -0.118617
8.922671 -0.132785
8.927673 -0.145385
8.932674 -0.156465
8.937676 -0.165811
8.942677 -0.172884
8.947679 -0.177027
8.952680 -0.177738
8.957682 -0.174920
8.962683 -0.169038
8.967685 -0.161018
8.972686 -0.151856
8.977688 -0.142290
8.982689 -0.132798
8.987691 -0.123699
8.992692 -0.115213
8.997694 -0.107609
9.002695 -0.101386
9.007697 -0.097173
9.012698 -0.095386
9.017700 -0.096094
9.022701 -0.099123
9.027703 -0.104059
9.032704 -0.110122
9.037706 -0.116322
9.042707 -0.121998
9.047709 -0.127150
9.052710 -0.132124
9.057712 -0.136922
9.062713 -0.140891
9.067715 -0.143118
9.072716 -0.143026
9.077718 -0.140589
9.082719 -0.136021
9.087721 -0.129212
9.092722 -0.119377
9.097724 -0.105370
9.102725 -0.086546
9.107727 -0.063301
9.112728 -0.036682
9.117730 -0.007665
9.122731 0.023001
9.127733 0.054449
9.132734 0.085590
9.137736 0.115416
9.142737 0.143233
9.147739 0.168554
9.152740 0.190933
9.157742 0.209968
9.162743 0.225357
9.167745 0.236909
9.172746 0.244617
9.177748 0.248746
9.182749 0.249712
9.187751 0.247787
9.192752 0.242950
9.197754 0.235033
9.202755 0.224038
9.207757 0.210336
9.212758 0.194652
9.217760 0.177819
9.222761 0.160526
9.227763 0.143280
9.232764 0.126508
9.237766 0.110417
9.242767 0.094625
9.247769 0.078193
9.252770 0.060318
9.257772 0.040978
9.262773 0.020806
9.267775 0.000488
9.272776 -0.019514
9.277778 -0.038849
9.282779 -0.057254
9.287781 -0.074685
9.292782 -0.091246
9.297784 -0.106951
9.302785 -0.121690
9.307787 -0.135474
9.312788 -0.148608
9.317790 -0.161528
9.322791 -0.174454
9.327793 -0.187139
9.332794 -0.198885
9.337796 -0.208905
9.342797 -0.216746
9.347799 -0.222298
9.352800 -0.225424
9.357802 -0.225837
9.362803 -0.223442
9.367805 -0.218543
9.372806 -0.211589
9.377808 -0.202943
9.382809 -0.193001
9.387811 -0.182255
9.392812 -0.171020
9.397814 -0.159205
9.402815 -0.146537
9.407817 -0.132965
9.412818 -0.118758
9.417820 -0.104311
9.422821 -0.089915
9.427823 -0.075607
9.432824 -0.061129
9.437826 -0.046008
9.442827 -0.029783
9.447829 -0.012307
9.452830 0.005975
9.457832 0.023999
9.462833 0.040497
9.467835 0.054658
9.472836 0.066494
9.477838 0.076571
9.482839 0.085367
9.487841 0.092957
9.492842 0.099285
9.497844 0.104566
9.502845 0.109249
9.507847 0.113645
9.512848 0.117748
9.517850 0.121422
9.522851 0.124626
9.527853 0.127410
9.532854 0.129848
9.537856 0.132036
9.542857 0.134027
9.547859 0.135668
9.552860 0.136543
9.557862 0.136122
9.562863 0.134002
9.567865 0.130094
9.572866 0.124656
9.577868 0.118075
9.582869 0.110504
9.587871 0.101812
9.592872 0.091985
9.597874 0.081480
9.602875 0.071068
9.607877 0.061401
9.612878 0.052798
9.617880 0.045278
9.622881 0.038618
9.627883 0.032460
9.632884 0.026637
9.637886 0.021431
9.642887 0.017403
9.647889 0.014950
9.652890 0.014049
9.657892 0.014267
9.662893 0.014863
9.667895 0.015033
9.672896 0.014397
9.677898 0.013401
9.682899 0.013200
9.687901 0.015130
9.692902 0.020209
9.697904 0.028826
9.702905 0.040631
9.707907 0.054695
9.712908 0.069901
9.717910 0.085254
9.722911 0.099856
9.727913 0.112753
9.732914 0.122991
9.737916 0.129856
9.742917 0.133046
9.747919 0.132774
9.752920 0.129776
9.757922 0.124963
9.762923 0.118727
9.767925 0.110596
9.772926 0.099752
9.777928 0.085826
9.782929 0.069078
9.787931 0.049947
9.792932 0.028717
9.797934 0.005642
9.802935 -0.018785
9.807937 -0.043779
9.812938 -0.068467
9.817940 -0.092227
9.822941 -0.114932
9.827942 -0.136806
9.832944 -0.157961
9.837945 -0.178054
9.842947 -0.196318
9.847948 -0.211859
9.852950 -0.223943
9.857951 -0.232202
9.862953 -0.236703
9.867954 -0.237762
9.872956 -0.235576
9.877957 -0.230107
9.882959 -0.221427
9.887960 -0.210086
9.892962 -0.196945
9.897963 -0.182621
9.902965 -0.167164
9.907966 -0.150200
9.912968 -0.131316
9.917969 -0.110402
9.922971 -0.087839
9.927972 -0.064448
9.932974 -0.041258
9.937975 -0.019308
9.942977 0.000393
9.947978 0.017012
9.952980 0.030192
9.957981 0.040130
9.962983 0.047228
9.967984 0.051742
9.972986 0.053922
9.977987 0.054395
9.982989 0.054169
9.987990 0.054171
9.992992 0.054785
9.997993 0.055793
10.002995 0.056685
10.007996 0.057070
10.012998 0.056824
10.017999 0.055870
10.023001 0.053933
10.028002 0.050753
10.033004 0.046586
10.038005 0.042232
10.043007 0.038281
10.048008 0.034509
10.053010 0.030255
10.058011 0.025295
10.063013 0.020087
10.068014 0.015258
10.073016 0.011122
10.078017 0.007630
10.083019 0.004544
10.088020 0.001614
10.093022 -0.001269
10.098023 -0.004079
10.103025 -0.006854
10.108026 -0.009773
10.113028 -0.012919
10.118029 -0.016055
10.123031 -0.018743
10.128032 -0.020649
10.133034 -0.021583
10.138035 -0.021254
10.143037 -0.019103
10.148038 -0.014415
10.153040 -0.006617
10.158041 0.004370
10.163043 0.017947
10.168044 0.033024
10.173046 0.048504
10.178047 0.063591
10.183049 0.077633
10.188050 0.089830
10.193052 0.099346
10.198053 0.105729
10.203055 0.109086
10.208056 0.109820
10.213058 0.108295
10.218059 0.104772
10.223061 0.099523
10.228062 0.092881
10.233064 0.085099
10.238065 0.076091
10.243067 0.065348
10.248068 0.052289
10.253070 0.036829
10.258071 0.019623
10.263073 0.001781
10.268074 -0.015613
10.273076 -0.031766
10.278077 -0.046116
10.283079 -0.058214
10.288080 -0.067741
10.293082 -0.074588
10.298083 -0.078886
10.303085 -0.080983
10.308086 -0.081283
10.313088 -0.080059
10.318089 -0.077472
10.323091 -0.073774
10.328092 -0.069358
10.333094 -0.064567
10.338095 -0.059545
10.343097 -0.054363
10.348098 -0.049193
10.353100 -0.044252
10.358101 -0.039595
10.363103 -0.035062
10.368104 -0.030420
10.373106 -0.025475
10.378107 -0.020075
10.383109 -0.014129
10.388110 -0.007679
10.393112 -0.000890
10.398113 0.006045
10.403115 0.012962
10.408116 0.019738
10.413118 0.026322
10.418119 0.032725
10.423121 0.038932
10.428122 0.044856
10.433124 0.050436
10.438125 0.055689
10.443127 0.060558
10.448128 0.064751
10.453130 0.067759
10.458131 0.068994
10.463133 0.067968
10.468134 0.064509
10.473136 0.058940
10.478137 0.051993
10.483139 0.044432
10.488140 0.036729
10.493142 0.029092
10.498143 0.021725
10.503145 0.014939
10.508146 0.009103
10.513148 0.004649
10.518149 0.002101
10.523151 0.001851
10.528152 0.003800
10.533154 0.007319
10.538155 0.011600
10.543157 0.015962
10.548158 0.019808
10.553160 0.022425
10.558161 0.023022
10.563163 0.021009
10.568164 0.016303
10.573166 0.009383
10.578167 0.000963
10.583169 -0.008496
10.588170 -0.018968
10.593172 -0.030459
10.598173 -0.042461
10.603175 -0.053896
10.608176 -0.063604
10.613178 -0.070874
10.618179 -0.075666
10.623181 -0.078476
10.628182 -0.079925
10.633184 -0.080300
10.638185 -0.079467
10.643187 -0.077208
10.648188 -0.073514
10.653190 -0.068569
10.658191 -0.062590
10.663193 -0.055722
10.668194 -0.047919
10.673196 -0.038863
10.678197 -0.028137
10.683199 -0.015593
10.688200 -0.001615
10.693202 0.012914
10.698203 0.026836
10.703205 0.039028
10.708206 0.048841
10.713208 0.056399
10.718209 0.062347
10.723211 0.067137
10.728212 0.070616
10.733214 0.072300
10.738215 0.071928
10.743217 0.069626
10.748218 0.065637
10.753220 0.060089
10.758221 0.053043
10.763223 0.044636
10.768224 0.035085
10.773226 0.024602
10.778227 0.013443
10.783229 0.002085
10.788230 -0.008757
10.793232 -0.018423
10.798233 -0.026700
10.803235 -0.033915
10.808236 -0.040602
10.813237 -0.047060
10.818239 -0.053227
10.823240 -0.058940
10.828242 -0.064250
10.833243 -0.069435
10.838245 -0.074774
10.843246 -0.080331
10.848248 -0.085869
10.853249 -0.090900
10.858251 -0.094895
10.863252 -0.097514
10.868254 -0.098578
10.873255 -0.097807
10.878257 -0.094725
10.883258 -0.089004
10.888260 -0.080954
10.893261 -0.071577
10.898263 -0.062069
10.903264 -0.053256
10.908266 -0.045434
10.913267 -0.038538
10.918269 -0.032358
10.923270 -0.026673
10.928272 -0.021316
10.933273 -0.016235
10.938275 -0.011529
10.943276 -0.007315
10.948278 -0.003391
10.953279 0.000857
10.958281 0.005955
10.963282 0.011767
10.968284 0.017584
10.973285 0.022752
10.978287 0.027000
10.983288 0.030238
10.988290 0.032385
10.993291 0.033510
10.998293 0.033973
11.003294 0.034246
11.008296 0.034622
11.013297 0.035144
11.018299 0.035728
11.023300 0.036236
11.028302 0.036477
11.033303 0.036277
11.038305 0.035502
11.043306 0.033939
11.048308 0.031224
11.053309 0.027021
11.058311 0.021249
11.063312 0.014040
11.068314 0.005566
11.073315 -0.003976
11.078317 -0.014181
11.083318 -0.024333
11.088320 -0.033469
11.093321 -0.040618
11.098323 -0.045133
11.103324 -0.046959
11.108326 -0.046519
11.113327 -0.044234
11.118329 -0.040221
11.123330 -0.034574
11.128332 -0.027783
11.133333 -0.020627
11.138335 -0.013611
11.143336 -0.006642
11.148338 0.000776
11.153339 0.009126
11.158341 0.018553
11.163342 0.028706
11.168344 0.038923
11.173345 0.048662
11.178347 0.057777
11.183348 0.066343
11.188350 0.074328
11.193351 0.081512
11.198353 0.087609
11.203354 0.092408
11.208356 0.095940
11.213357 0.098604
11.218359 0.100959
11.223360 0.103196
11.228362 0.104831
11.233363 0.105059
11.238365 0.103439
11.243366 0.100182
11.248368 0.095891
11.253369 0.091086
11.258371 0.085859
11.263372 0.079783
11.268374 0.072253
11.273375 0.063130
11.278377 0.053054
11.283378 0.042929
11.288380 0.033090
11.293381 0.023114
11.298383 0.012469
11.303384 0.001230
11.308386 -0.009854
11.313387 -0.019810
11.318389 -0.027941
11.323390 -0.034089
11.328392 -0.038531
11.333393 -0.041638
11.338395 -0.043677
11.343396 -0.044930
11.348398 -0.045722
11.353399 -0.046128
11.358401 -0.045774
11.363402 -0.044173
11.368404 -0.041223
11.373405 -0.037208
11.378407 -0.032372
11.383408 -0.026743
11.388410 -0.020394
11.393411 -0.013688
11.398413 -0.007117
11.403414 -0.000944
11.408416 0.004989
11.413417 0.011087
11.418419 0.017544
11.423420 0.023981
11.428422 0.029633
11.433423 0.033974
11.438425 0.037130
11.443426 0.039640
11.448428 0.041852
11.453429 0.043608
11.458431 0.044384
11.463432 0.043594
11.468434 0.040894
11.473435 0.036420
11.478437 0.030714
11.483438 0.024203
11.488440 0.016760
11.493441 0.007970
11.498443 -0.002136
11.503444 -0.012751
11.508446 -0.022686
11.513447 -0.030997
11.518449 -0.037310
11.523450 -0.041810
11.528452 -0.045050
11.533453 -0.047627
11.538455 -0.049901
11.543456 -0.051995
11.548458 -0.053975
11.553459 -0.055933
11.558461 -0.057908
11.563462 -0.059863
11.568464 -0.061792
11.573465 -0.063758
11.578467 -0.065828
11.583468 -0.067953
11.588470 -0.069905
11.593471 -0.071282
11.598473 -0.071668
11.603474 -0.070864
11.608476 -0.069024
11.613477 -0.066503
11.618479 -0.063577
11.623480 -0.060336
11.628482 -0.056809
11.633483 -0.053084
11.638485 -0.049331
11.643486 -0.045833
11.648488 -0.043003
11.653489 -0.041187
11.658491 -0.040422
11.663492 -0.040498
11.668494 -0.041231
11.673495 -0.042512
11.678497 -0.044094
11.683498 -0.045547
11.688500 -0.046480
11.693501 -0.046687
11.698503 -0.046065
11.703504 -0.044565
11.708506 -0.042287
11.713507 -0.039476
11.718509 -0.036335
11.723510 -0.032899
11.728512 -0.029064
11.733513 -0.024651
11.738515 -0.019514
11.743516 -0.013678
11.748518 -0.007274
11.753519 -0.000272
11.758521 0.007535
11.763522 0.016144
11.768524 0.025017
11.773525 0.033322
11.778527 0.040440
11.783528 0.046197
11.788529 0.050772
11.793531 0.054528
11.798532 0.057826
11.803534 0.060778
11.808535 0.063140
11.813537 0.064549
11.818538 0.064914
11.823540 0.064589
11.828541 0.064172
11.833543 0.064183
11.838544 0.064867
11.843546 0.066196
11.848547 0.068073
11.853549 0.070547
11.858550 0.073754
11.863552 0.077622
11.868553 0.081738
11.873555 0.085507
11.878556 0.088337
11.883558 0.089708
11.888559 0.089263
11.893561 0.086995
11.898562 0.083268
11.903564 0.078562
11.908565 0.073160
11.913567 0.067143
11.918568 0.060609
11.923570 0.053756
11.928571 0.046703
11.933573 0.039344
11.938574 0.031449
11.943576 0.022880
11.948577 0.013706
11.953579 0.004184
11.958580 -0.005387
11.963582 -0.014832
11.968583 -0.024117
11.973585 -0.033099
11.978586 -0.041364
11.983588 -0.048401
11.988589 -0.053917
11.993591 -0.057972
11.998592 -0.060920
12.003594 -0.063238
12.008595 -0.065254
12.013597 -0.066933
12.018598 -0.067973
12.023600 -0.068204
12.028601 -0.067829
12.033603 -0.067209
12.038604 -0.066478
12.043606 -0.065511
12.048607 -0.064231
12.053609 -0.062782
12.058610 -0.061322
12.063612 -0.059705
12.068613 -0.057486
12.073615 -0.054274
12.078616 -0.050108
12.083618 -0.045422
12.088619 -0.040592
12.093621 -0.035513
12.098622 -0.029692
12.103624 -0.022762
12.108625 -0.014818
12.113627 -0.006208
12.118628 0.002887
12.123630 0.012499
12.128631 0.022582
12.133633 0.032746
12.138634 0.042299
12.143636 0.050463
12.148637 0.056642
12.153639 0.060657
12.158640 0.062731
12.163642 0.063207
12.168643 0.062295
12.173645 0.060134
12.178646 0.056897
12.183648 0.052654
12.188649 0.047232
12.193651 0.040444
12.198652 0.032446
12.203654 0.023699
12.208655 0.014546
12.213657 0.005004
12.218658 -0.004972
12.223660 -0.015124
12.228661 -0.024898
12.233663 -0.033817
12.238664 -0.041816
12.243666 -0.049257
12.248667 -0.056638
12.253669 -0.064205
12.258670 -0.071781
12.263672 -0.078827
12.268673 -0.084619
12.273675 -0.088411
12.278676 -0.089690
12.283678 -0.088451
12.288679 -0.085146
12.293681 -0.080234
12.298682 -0.073797
12.303684 -0.065642
12.308685 -0.055714
12.313687 -0.044375
12.318688 -0.032372
12.323690 -0.020552
12.328691 -0.009441
12.333693 0.001107
12.338694 0.011786
12.343696 0.023171
12.348697 0.035068
12.353699 0.046566
12.358700 0.056711
12.363702 0.065057
12.368703 0.071664
12.373705 0.076648
12.378706 0.079790
12.383708 0.080634
12.388709 0.079004
12.393711 0.075302
12.398712 0.070195
12.403714 0.064001
12.408715 0.056505
12.413717 0.047414
12.418718 0.036908
12.423720 0.025665
12.428721 0.014437
12.433723 0.003712
12.438724 -0.006301
12.443726 -0.015532
12.448727 -0.023839
12.453729 -0.030802
12.458730 -0.035850
12.463732 -0.038745
12.468733 -0.039852
12.473735 -0.039715
12.478736 -0.038455
12.483738 -0.035754
12.488739 -0.031313
12.493741 -0.025147
12.498742 -0.017538
12.503744 -0.008996
12.508745 -0.000237
12.513747 0.008086
12.518748 0.015728
12.523750 0.022771
12.528751 0.029193
12.533753 0.034647
12.538754 0.038667
12.543756 0.040950
12.548757 0.041434
12.553759 0.040272
12.558760 0.037809
12.563762 0.034497
12.568763 0.030754
12.573765 0.026885
12.578766 0.023079
12.583768 0.019376
12.588769 0.015639
12.593771 0.011684
12.598772 0.007536
12.603774 0.003531
12.608775 0.000067
12.613777 -0.002765
12.618778 -0.005264
12.623780 -0.007807
12.628781 -0.010471
12.633783 -0.012925
12.638784 -0.014690
12.643786 -0.015494
12.648787 -0.015369
12.653789 -0.014421
12.658790 -0.012649
12.663792 -0.010051
12.668793 -0.006755
12.673795 -0.002898
12.678796 0.001511
12.683798 0.006376
12.688799 0.011218
12.693801 0.015332
12.698802 0.018262
12.703804 0.019977
12.708805 0.020641
12.713807 0.020361
12.718808 0.019116
12.723810 0.016726
12.728811 0.012868
12.733813 0.007250
12.738814 -0.000135
12.743816 -0.008886
12.748817 -0.018346
12.753819 -0.027956
12.758820 -0.037583
12.763822 -0.047552
12.768823 -0.058255
12.773824 -0.069614
12.778826 -0.080959
12.783827 -0.091509
12.788829 -0.100851
12.793830 -0.108802
12.798832 -0.115007
12.803833 -0.118993
12.808835 -0.120594
12.813836 -0.120040
12.818838 -0.117579
12.823839 -0.113162
12.828841 -0.106536
12.833842 -0.097540
12.838844 -0.086282
12.843845 -0.073067
12.848847 -0.058133
12.853848 -0.041438
12.858850 -0.022798
12.863851 -0.002275
12.868853 0.019649
12.873854 0.042347
12.878856 0.065329
12.883857 0.088087
12.888859 0.109874
12.893860 0.129924
12.898862 0.147877
12.903863 0.163746
12.908865 0.177469
12.913866 0.188649
12.918868 0.196788
12.923869 0.201662
12.928871 0.203482
12.933872 0.202814
12.938874 0.200356
12.943875 0.196570
12.948877 0.191423
12.953878 0.184511
12.958880 0.175471
12.963881 0.164207
12.968883 0.150807
12.973884 0.135394
12.978886 0.118108
12.983887 0.099160
12.988889 0.078939
12.993890 0.058036
12.998892 0.037082
13.003893 0.016520
13.008895 -0.003396
13.013896 -0.022414
13.018898 -0.040230
13.023899 -0.056663
13.028901 -0.071701
13.033902 -0.085235
13.038904 -0.096896
13.043905 -0.106313
13.048907 -0.113476
13.053908 -0.118734
13.058910 -0.122498
13.063911 -0.125020
13.068913 -0.126372
13.073914 -0.126517
13.078916 -0.125435
13.083917 -0.123283
13.088919 -0.120460
13.093920 -0.117439
13.098922 -0.114490
13.103923 -0.111598
13.108925 -0.108647
13.113926 -0.105625
13.118928 -0.102597
13.123929 -0.099514
13.128931 -0.096148
13.133932 -0.092245
13.138934 -0.087790
13.143935 -0.083159
13.148937 -0.078932
13.153938 -0.075425
13.158940 -0.072457
13.163941 -0.069649
13.168943 -0.066868
13.173944 -0.064262
13.178946 -0.061925
13.183947 -0.059652
13.188949 -0.056968
13.193950 -0.053380
13.198952 -0.048686
13.203953 -0.043127
13.208955 -0.037173
13.213956 -0.031099
13.218958 -0.024768
13.223959 -0.017910
13.228961 -0.010575
13.233962 -0.003231
13.238964 0.003529
13.243965 0.009293
13.248967 0.013916
13.253968 0.017462
13.258970 0.020085
13.263971 0.021942
13.268973 0.023257
13.273974 0.024434
13.278976 0.025894
13.283977 0.027674
13.288979 0.029341
13.293980 0.030397
13.298982 0.030712
13.303983 0.030550
13.308985 0.030353
13.313986 0.030516
13.318988 0.031257
13.323989 0.032632
13.328991 0.034686
13.333992 0.037619
13.338994 0.041733
13.343995 0.047162
13.348997 0.053653
13.353998 0.060666
13.359000 0.067684
13.364001 0.074355
13.369003 0.080445
13.374004 0.085834
13.379006 0.090542
13.384007 0.094623
13.389009 0.097973
13.394010 0.100380
13.399012 0.101757
13.404013 0.102247
13.409015 0.102073
13.414016 0.101369
13.419018 0.100123
13.424019 0.098175
13.429021 0.095309
13.434022 0.091441
13.439024 0.086690
13.444025 0.081169
13.449027 0.074773
13.454028 0.067283
13.459030 0.058653
13.464031 0.049128
13.469033 0.039111
13.474034 0.028983
13.479036 0.018979
13.484037 0.009157
13.489039 -0.000512
13.494040 -0.009941
13.499042 -0.018831
13.504043 -0.026870
13.509045 -0.034000
13.514046 -0.040435
13.519048 -0.046453
13.524049 -0.052190
13.529051 -0.057514
13.534052 -0.062025
13.539054 -0.065254
13.544055 -0.067044
13.549057 -0.067701
13.554058 -0.067688
13.559060 -0.067175
13.564061 -0.065977
13.569063 -0.063862
13.574064 -0.060802
13.579066 -0.056923
13.584067 -0.052400
13.589069 -0.047436
13.594070 -0.042234
13.599072 -0.036930
13.604073 -0.031580
13.609075 -0.026164
13.614076 -0.020608
13.619078 -0.014950
13.624079 -0.009590
13.629081 -0.005224
13.634082 -0.002373
13.639084 -0.001010
13.644085 -0.000729
13.649087 -0.001229
13.654088 -0.002517
13.659090 -0.004750
13.664091 -0.007998
13.669093 -0.012155
13.674094 -0.016952
13.679096 -0.022100
13.684097 -0.027462
13.689099 -0.032989
13.694100 -0.038455
13.699102 -0.043386
13.704103 -0.047371
13.709105 -0.050339
13.714106 -0.052406
13.719108 -0.053577
13.724109 -0.053732
13.729111 -0.052799
13.734112 -0.050784
13.739114 -0.047723
13.744115 -0.043750
13.749117 -0.039138
13.754118 -0.034102
13.759119 -0.028625
13.764121 -0.022626
13.769122 -0.016219
13.774124 -0.009672
13.779125 -0.003186
13.784127 0.003126
13.789128 0.009128
13.794130 0.014710
13.799131 0.019918
13.804133 0.024829
13.809134 0.029285
13.814136 0.032906
13.819137 0.035403
13.824139 0.036788
13.829140 0.037325
13.834142 0.037324
13.839143 0.036927
13.844145 0.036004
13.849146 0.034346
13.854148 0.031989
13.859149 0.029289
13.864151 0.026585
13.869152 0.023880
13.874154 0.020927
13.879155 0.017550
13.884157 0.013800
13.889158 0.009845
13.894160 0.005798
13.899161 0.001677
13.904163 -0.002504
13.909164 -0.006629
13.914166 -0.010411
13.919167 -0.013440
13.924169 -0.015393
13.929170 -0.016276
13.934172 -0.016461
13.939173 -0.016426
13.944175 -0.016455
13.949176 -0.016525
13.954178 -0.016442
13.959179 -0.016030
13.964181 -0.015191
13.969182 -0.013843
13.974184 -0.011848
13.979185 -0.009048
13.984187 -0.005365
13.989188 -0.000861
13.994190 0.004324
13.999191 0.010025
14.004193 0.016041
14.009194 0.022146
14.014196 0.028180
14.019197 0.034089
14.024199 0.039822
14.029200 0.045213
14.034202 0.049989
14.039203 0.053895
14.044205 0.056825
14.049206 0.058876
14.054208 0.060284
14.059209 0.061197
14.064211 0.061514
14.069212 0.061021
14.074214 0.059715
14.079215 0.057904
14.084217 0.055922
14.089218 0.053857
14.094220 0.051622
14.099221 0.049187
14.104223 0.046628
14.109224 0.044012
14.114226 0.041352
14.119227 0.038672
14.124229 0.036065
14.129230 0.033715
14.134232 0.031839
14.139233 0.030452
14.144235 0.029126
14.149236 0.027147
14.154238 0.024052
14.159239 0.019944
14.164241 0.015249
14.169242 0.010292
14.174244 0.005197
14.179245 0.000078
14.184247 -0.004849
14.189248 -0.009367
14.194250 -0.013403
14.199251 -0.017061
14.204253 -0.020505
14.209254 -0.023776
14.214256 -0.026684
14.219257 -0.028977
14.224259 -0.030723
14.229260 -0.032462
14.234262 -0.034831
14.239263 -0.038031
14.244265 -0.041741
14.249266 -0.045490
14.254268 -0.048992
14.259269 -0.052197
14.264271 -0.055190
14.269272 -0.058028
14.274274 -0.060594
14.279275 -0.062664
14.284277 -0.064188
14.289278 -0.065417
14.294280 -0.066605
14.299281 -0.067611
14.304283 -0.067915
14.309284 -0.067040
14.314286 -0.064946
14.319287 -0.062038
14.324289 -0.058795
14.329290 -0.055334
14.334292 -0.051262
14.339293 -0.045997
14.344295 -0.039338
14.349296 -0.031700
14.354298 -0.023737
14.359299 -0.015805
14.364301 -0.007896
14.369302 0.000059
14.374304 0.008005
14.379305 0.015793
14.384307 0.023136
14.389308 0.029553
14.394310 0.034586
14.399311 0.038138
14.404313 0.040536
14.409314 0.042297
14.414316 0.043848
14.419317 0.045314
14.424319 0.046387
14.429320 0.046447
14.434322 0.044967
14.439323 0.041893
14.444325 0.037675
14.449326 0.033037
14.454328 0.028665
14.459329 0.024843
14.464331 0.021180
14.469332 0.016873
14.474334 0.011496
14.479335 0.005534
14.484337 0.000047
14.489338 -0.004164
14.494340 -0.007030
14.499341 -0.009078
14.504343 -0.011009
14.509344 -0.013253
14.514346 -0.015732
14.519347 -0.018055
14.524349 -0.019975
14.529350 -0.021586
14.534352 -0.023096
14.539353 -0.024566
14.544355 -0.025885
14.549356 -0.026878
14.554358 -0.027434
14.559359 -0.027602
14.564361 -0.027575
14.569362 -0.027472
14.574364 -0.027088
14.579365 -0.025906
14.584367 -0.023462
14.589368 -0.019711
14.594370 -0.015008
14.599371 -0.009737
14.604373 -0.004088
14.609374 0.001851
14.614376 0.007943
14.619377 0.013995
14.624379 0.019811
14.629380 0.025216
14.634382 0.030082
14.639383 0.034324
14.644385 0.037886
14.649386 0.040729
14.654388 0.042811
14.659389 0.044058
14.664391 0.044375
14.669392 0.043749
14.674394 0.042328
14.679395 0.040299
14.684397 0.037641
14.689398 0.034104
14.694400 0.029559
14.699401 0.024245
14.704403 0.018526
14.709404 0.012473
14.714406 0.005919
14.719407 -0.001047
14.724409 -0.007837
14.729410 -0.013725
14.734412 -0.018439
14.739413 -0.022411
14.744414 -0.026448
14.749416 -0.031050
14.754417 -0.035984
14.759419 -0.040530
14.764420 -0.044136
14.769422 -0.046798
14.774423 -0.048893
14.779425 -0.050800
14.784426 -0.052683
14.789428 -0.054383
14.794429 -0.055417
14.799431 -0.055268
14.804432 -0.053844
14.809434 -0.051531
14.814435 -0.048663
14.819437 -0.045112
14.824438 -0.040558
14.829440 -0.035014
14.834441 -0.028883
14.839443 -0.022606
14.844444 -0.016359
14.849446 -0.010018
14.854447 -0.003335
14.859449 0.003751
14.864450 0.010913
14.869452 0.017656
14.874453 0.023819
14.879455 0.029683
14.884456 0.035467
14.889458 0.040887
14.894459 0.045407
14.899461 0.048788
14.904462 0.051222
14.909464 0.053001
14.914465 0.054210
14.919467 0.054644
14.924468 0.053891
14.929470 0.051557
14.934471 0.047585
14.939473 0.042364
14.944474 0.036444
14.949476 0.030176
14.954477 0.023725
14.959479 0.017280
14.964480 0.011076
14.969482 0.005203
14.974483 -0.000394
14.979485 -0.005722
14.984486 -0.010646
14.989488 -0.015011
14.994489 -0.018731
14.999491 -0.021815
15.004492 -0.024461
15.009494 -0.027045
15.014495 -0.029800
15.019497 -0.032511
15.024498 -0.034689
15.029500 -0.036065
15.034501 -0.036785
15.039503 -0.037117
15.044504 -0.037096
15.049506 -0.036500
15.054507 -0.035125
15.059509 -0.033082
15.064510 -0.030860
15.069512 -0.029028
15.074513 -0.027754
15.079515 -0.026605
15.084516 -0.024912
15.089518 -0.022347
15.094519 -0.019090
15.099521 -0.015542
15.104522 -0.012037
15.109524 -0.008774
15.114525 -0.005808
15.119527 -0.003049
15.124528 -0.000318
15.129530 0.002584
15.134531 0.005845
15.139533 0.009583
15.144534 0.013718
15.149536 0.017977
15.154537 0.022097
15.159539 0.026038
15.164540 0.029991
15.169542 0.034192
15.174543 0.038690
15.179545 0.043237
15.184546 0.047376
15.189548 0.050659
15.194549 0.052789
15.199551 0.053581
15.204552 0.052854
15.209554 0.050432
15.214555 0.046251
15.219557 0.040414
15.224558 0.033120
15.229560 0.024652
15.234561 0.015464
15.239563 0.006170
15.244564 -0.002724
15.249566 -0.011039
15.254567 -0.018816
15.259569 -0.026102
15.264570 -0.032914
15.269572 -0.039274
15.274573 -0.045114
15.279575 -0.050227
15.284576 -0.054403
15.289578 -0.057514
15.294579 -0.059427
15.299581 -0.059981
15.304582 -0.059110
15.309584 -0.056890
15.314585 -0.053366
15.319587 -0.048392
15.324588 -0.041734
15.329590 -0.033330
15.334591 -0.023400
15.339593 -0.012373
15.344594 -0.000803
15.349596 0.010764
15.354597 0.021990
15.359599 0.032752
15.364600 0.042862
15.369602 0.051876
15.374603 0.059307
15.379605 0.064975
15.384606 0.069078
15.389608 0.071897
15.394609 0.073422
15.399611 0.073280
15.404612 0.071106
15.409614 0.067012
15.414615 0.061685
15.419617 0.055993
15.424618 0.050421
15.429620 0.044875
15.434621 0.039031
15.439623 0.032811
15.444624 0.026425
15.449626 0.020062
15.454627 0.013722
15.459629 0.007329
15.464630 0.000786
15.469632 -0.006055
15.474633 -0.013180
15.479635 -0.020080
15.484636 -0.025919
15.489638 -0.030217
15.494639 -0.033267
15.499641 -0.035765
15.504642 -0.038115
15.509644 -0.040118
15.514645 -0.041244
15.519647 -0.041178
15.524648 -0.040141
15.529650 -0.038689
15.534651 -0.037173
15.539653 -0.035434
15.544654 -0.033039
15.549656 -0.029744
15.554657 -0.025680
15.559659 -0.021250
15.564660 -0.016991
15.569662 -0.013417
15.574663 -0.010726
15.579665 -0.008607
15.584666 -0.006465
15.589668 -0.003892
15.594669 -0.000857
15.599671 0.002442
15.604672 0.005687
15.609674 0.008449
15.614675 0.010338
15.619677 0.011225
15.624678 0.011223
15.629680 0.010492
15.634681 0.009211
15.639683 0.007614
15.644684 0.005881
15.649686 0.003981
15.654687 0.001739
15.659689 -0.000964
15.664690 -0.004171
15.669692 -0.007898
15.674693 -0.012009
15.679695 -0.016052
15.684696 -0.019381
15.689698 -0.021566
15.694699 -0.022661
15.699701 -0.023111
15.704702 -0.023393
15.709704 -0.023695
15.714705 -0.023830
15.719706 -0.023469
15.724708 -0.022481
15.729709 -0.021110
15.734711 -0.019880
15.739712 -0.019340
15.744714 -0.019823
15.749715 -0.021309
15.754717 -0.023425
15.759718 -0.025611
15.764720 -0.027445
15.769721 -0.028940
15.774723 -0.030450
15.779724 -0.032241
15.784726 -0.034137
15.789727 -0.035628
15.794729 -0.036320
15.799730 -0.036253
15.804732 -0.035818
15.809733 -0.035372
15.814735 -0.034928
15.819736 -0.034198
15.824738 -0.032934
15.829739 -0.031163
15.834741 -0.029025
15.839742 -0.026440
15.844744 -0.023098
15.849745 -0.018754
15.854747 -0.013417
15.859748 -0.007262
15.864750 -0.000505
15.869751 0.006652
15.874753 0.014046
15.879754 0.021541
15.884756 0.029009
15.889757 0.036382
15.894759 0.043683
15.899760 0.050919
15.904762 0.057968
15.909763 0.064669
15.914765 0.071050
15.919766 0.077324
15.924768 0.083562
15.929769 0.089470
15.934771 0.094636
15.939772 0.098917
15.944774 0.102414
15.949775 0.105109
15.954777 0.106698
15.959778 0.106802
15.964780 0.105228
15.969781 0.102023
15.974783 0.097415
15.979784 0.091692
15.984786 0.085013
15.989787 0.077268
15.994789 0.068236
15.999790 0.057925
16.004792 0.046705
16.009793 0.035085
16.014795 0.023432
16.019796 0.011913
16.024798 0.000615
16.029799 -0.010341
16.034801 -0.020756
16.039802 -0.030394
16.044804 -0.039072
16.049805 -0.046708
16.054807 -0.053278
16.059808 -0.058782
16.064810 -0.063233
16.069811 -0.066629
16.074813 -0.068931
16.079814 -0.070160
16.084816 -0.070515
16.089817 -0.070239
16.094819 -0.069237
16.099820 -0.067007
16.104822 -0.063117
16.109823 -0.057748
16.114825 -0.051634
16.119826 -0.045506
16.124828 -0.039633
16.129829 -0.033822
16.134831 -0.027804
16.139832 -0.021678
16.144834 -0.016063
16.149835 -0.011735
16.154837 -0.009063
16.159838 -0.007771
16.164840 -0.007257
16.169841 -0.007078
16.174843 -0.007183
16.179844 -0.007866
16.184846 -0.009580
16.189847 -0.012646
16.194849 -0.016985
16.199850 -0.022138
16.204852 -0.027582
16.209853 -0.032965
16.214855 -0.038066
16.219856 -0.042780
16.224858 -0.047259
16.229859 -0.051841
16.234861 -0.056603
16.239862 -0.061126
16.244864 -0.064834
16.249865 -0.067434
16.254867 -0.068868
16.259868 -0.068971
16.264870 -0.067415
16.269871 -0.063935
16.274873 -0.058497
16.279874 -0.051278
16.284876 -0.042591
16.289877 -0.032836
16.294879 -0.022433
16.299880 -0.011808
16.304882 -0.001381
16.309883 0.008542
16.314885 0.017948
16.319886 0.027049
16.324888 0.035889
16.329889 0.044126
16.334891 0.051367
16.339892 0.057618
16.344894 0.063211
16.349895 0.068295
16.354897 0.072577
16.359898 0.075558
16.364900 0.076955
16.369901 0.076909
16.374903 0.075885
16.379904 0.074337
16.384906 0.072332
16.389907 0.069447
16.394909 0.065127
16.399910 0.059213
16.404912 0.052119
16.409913 0.044503
16.414915 0.036842
16.419916 0.029261
16.424918 0.021634
16.429919 0.013790
16.434921 0.005701
16.439922 -0.002433
16.444924 -0.010263
16.449925 -0.017444
16.454927 -0.023746
16.459928 -0.029161
16.464930 -0.033994
16.469931 -0.038712
16.474933 -0.043519
16.479934 -0.048071
16.484936 -0.051756
16.489937 -0.054248
16.494939 -0.055702
16.499940 -0.056468
16.504942 -0.056741
16.509943 -0.056443
16.514945 -0.055336
16.519946 -0.053250
16.524948 -0.050266
16.529949 -0.046613
16.534951 -0.042420
16.539952 -0.037700
16.544954 -0.032567
16.549955 -0.027329
16.554957 -0.022233
16.559958 -0.017210
16.564960 -0.011995
16.569961 -0.006486
16.574963 -0.000872
16.579964 0.004596
16.584966 0.009891
16.589967 0.015288
16.594969 0.021234
16.599970 0.028098
16.604972 0.035827
16.609973 0.043815
16.614975 0.051303
16.619976 0.057976
16.624978 0.064038
16.629979 0.069724
16.634981 0.074854
16.639982 0.078821
16.644984 0.080939
16.649985 0.081023
16.654987 0.079880
16.659988 0.079055
16.664990 0.079434
16.669991 0.079541
16.674993 0.075361
16.679994 0.062957
16.684996 0.042721
16.689997 0.021179
16.694999 0.006367
16.700000 0.000433
