0.000000 0.000000
0.005001 0.000040
0.010002 0.000016
0.015003 0.000117
0.020004 -0.000055
0.025005 -0.000094
0.030006 0.000074
0.035007 0.000122
0.040008 -0.000065
0.045009 -0.000232
0.050010 -0.000060
0.055011 0.000007
0.060012 -0.000151
0.065013 -0.000156
0.070014 0.000050
0.075015 0.000040
0.080016 -0.000098
0.085017 -0.000113
0.090018 -0.000060
0.095019 0.000031
0.100020 0.000021
0.105021 -0.000026
0.110022 0.000069
0.115023 0.000155
0.120024 0.000084
0.125025 -0.000041
0.130026 -0.000003
0.135027 0.000088
0.140028 -0.000007
0.145029 -0.000070
0.150030 -0.000017
0.155031 -0.000003
0.160032 -0.000050
0.165033 0.000017
0.170034 0.000069
0.175035 -0.000007
0.180036 -0.000046
0.185037 -0.000017
0.190038 0.000112
0.195039 0.000026
0.200040 -0.000007
0.205041 0.000065
0.210042 0.000055
0.215043 0.000108
0.220044 -0.000036
0.225045 -0.000050
0.230046 -0.000007
0.235047 -0.000022
0.240048 -0.000002
0.245049 -0.000065
0.250050 -0.000031
0.255051 -0.000017
0.260052 0.000050
0.265053 0.000036
0.270054 0.000065
0.275055 0.000184
0.280056 -0.000026
0.285057 -0.000026
0.290058 0.000093
0.295059 0.000098
0.300060 0.000089
0.305061 -0.000045
0.310062 0.000074
0.315063 0.000093
0.320064 -0.000017
0.325065 -0.000022
0.330066 -0.000026
0.335067 0.000041
0.340068 -0.000055
0.345069 -0.000026
0.350070 0.000036
0.355071 -0.000088
0.360072 -0.000069
0.365073 0.000007
0.370074 -0.000007
0.375075 -0.000041
0.380076 -0.000065
0.385077 -0.000026
0.390078 0.000089
0.395079 0.000141
0.400080 0.000012
0.405081 -0.000065
0.410082 0.000046
0.415083 0.000050
0.420084 -0.000031
0.425085 -0.000098
0.430086 -0.000007
0.435087 0.000050
0.440088 -0.000079
0.445089 0.000055
0.450090 0.000132
0.455091 0.000074
0.460092 0.000108
0.465093 0.000007
0.470093 0.000084
0.475094 0.000060
0.480095 -0.000131
0.485096 -0.000045
0.490097 0.000060
0.495098 0.000065
0.500099 -0.000045
0.505100 -0.000050
0.510101 -0.000012
0.515102 -0.000031
0.520103 0.000041
0.525104 -0.000002
0.530105 0.000007
0.535106 0.000089
0.540107 0.000022
0.545108 0.000022
0.550109 0.000175
0.555110 0.000146
0.560111 0.000065
0.565112 0.000132
0.570113 0.000127
0.575114 0.000036
0.580115 -0.000026
0.585116 0.000007
0.590117 0.000027
0.595118 0.000084
0.600119 -0.000002
0.605120 -0.000155
0.610121 0.000022
0.615122 0.000132
0.620123 -0.000016
0.625124 -0.000036
0.630125 0.000122
0.635126 0.000137
0.640127 0.000027
0.645128 0.000012
0.650129 0.000041
0.655130 0.000041
0.660131 0.000007
0.665132 0.000007
0.670133 0.000108
0.675134 0.000098
0.680135 -0.000055
0.685136 -0.000007
0.690137 0.000175
0.695138 0.000156
0.700139 0.000008
0.705140 0.000031
0.710141 0.000027
0.715142 -0.000079
0.720143 -0.000040
0.725144 0.000051
0.730145 0.000156
0.735146 0.000142
0.740147 0.000008
0.745148 0.000008
0.750149 0.000113
0.755150 0.000079
0.760151 -0.000107
0.765152 -0.000069
0.770153 0.000108
0.775154 0.000046
0.780155 -0.000069
0.785156 -0.000093
0.790157 0.000046
0.795158 0.000118
0.800159 0.000032
0.805160 0.000032
0.810161 0.000003
0.815162 -0.000007
0.820163 -0.000045
0.825164 -0.000045
0.830165 0.000079
0.835166 0.000060
0.840167 -0.000098
0.845168 -0.000131
0.850169 0.000084
0.855170 0.000180
0.860171 0.000055
0.865172 0.000051
0.870173 0.000022
0.875174 0.000017
0.880175 0.000041
0.885176 -0.000026
0.890177 0.000108
0.895178 0.000099
0.900179 -0.000145
0.905180 -0.000074
0.910181 0.000041
0.915182 -0.000040
0.920183 -0.000126
0.925184 -0.000083
0.930185 0.000056
0.935186 -0.000007
0.940187 -0.000098
0.945188 -0.000026
0.950189 -0.000007
0.955190 -0.000007
0.960191 -0.000136
0.965192 -0.000098
0.970193 0.000065
0.975194 0.000022
0.980195 -0.000026
0.985196 -0.000040
0.990197 0.000036
0.995198 0.000089
1.000199 0.000036
1.005200 -0.000002
1.010201 0.000056
1.015202 0.000113
1.020203 0.000060
1.025204 0.000036
1.030205 0.000060
1.035206 0.000108
1.040207 0.000037
1.045208 -0.000083
1.050209 0.000056
1.055210 0.000156
1.060211 -0.000026
1.065212 -0.000064
1.070213 0.000060
1.075214 0.000027
1.080215 -0.000117
1.085216 -0.000097
1.090217 0.000013
1.095218 -0.000030
1.100219 -0.000050
1.105220 -0.000002
1.110221 -0.000002
1.115222 -0.000002
1.120223 -0.000069
1.125224 -0.000131
1.130225 -0.000064
1.135226 -0.000006
1.140227 0.000032
1.145228 -0.000064
1.150229 -0.000093
1.155230 0.000032
1.160231 -0.000050
1.165232 -0.000078
1.170233 0.000041
1.175234 0.000104
1.180235 -0.000045
1.185236 -0.000073
1.190237 0.000099
1.195238 0.000070
1.200239 0.000046
1.205240 -0.000016
1.210241 0.000013
1.215242 0.000094
1.220243 -0.000102
1.225244 -0.000102
1.230245 -0.000073
1.235246 -0.000078
1.240247 -0.000002
1.245248 -0.000078
1.250249 0.000061
1.255250 0.000108
1.260251 -0.000026
1.265252 -0.000069
1.270253 -0.000002
1.275254 0.000113
1.280255 0.000070
1.285256 0.000051
1.290257 0.000123
1.295258 0.000056
1.300259 0.000027
1.305260 0.000056
1.310261 -0.000016
1.315262 0.000099
1.320263 -0.000016
1.325264 -0.000140
1.330265 0.000085
1.335266 -0.000025
1.340267 -0.000107
1.345268 -0.000059
1.350269 -0.000025
1.355270 -0.000025
1.360271 0.000013
1.365272 0.000018
1.370273 -0.000021
1.375274 0.000109
1.380275 -0.000011
1.385276 0.000037
1.390277 0.000133
1.395278 0.000032
1.400278 0.000003
1.405279 -0.000054
1.410280 0.000046
1.415281 0.000061
1.420282 0.000003
1.425283 -0.000021
1.430284 0.000080
1.435285 0.000214
1.440286 0.000070
1.445287 -0.000001
1.450288 0.000104
1.455289 0.000056
1.460290 -0.000044
1.465291 0.000027
1.470292 0.000176
1.475293 0.000223
1.480294 0.000008
1.485295 -0.000083
1.490296 0.000046
1.495297 0.000051
1.500298 -0.000021
1.505299 0.000032
1.510300 0.000152
1.515301 0.000204
1.520302 0.000070
1.525303 -0.000030
1.530304 0.000166
1.535305 0.000109
1.540306 -0.000011
1.545307 0.000046
1.550308 0.000075
1.555309 0.000176
1.560310 0.000094
1.565311 0.000023
1.570312 0.000128
1.575313 0.000224
1.580314 0.000137
1.585315 0.000042
1.590316 0.000123
1.595317 0.000075
1.600318 0.000090
1.605319 -0.000025
1.610320 -0.000083
1.615321 0.000099
1.620322 -0.000102
1.625323 -0.000111
1.630324 0.000147
1.635325 0.000128
1.640326 0.000032
1.645327 -0.000011
1.650328 0.000128
1.655329 0.000133
1.660330 -0.000006
1.665331 0.000013
1.670332 -0.000025
1.675333 0.000004
1.680334 -0.000059
1.685335 -0.000078
1.690336 0.000032
1.695337 -0.000078
1.700338 -0.000188
1.705339 -0.000130
1.710340 0.000051
1.715341 0.000094
1.720342 0.000099
1.725343 -0.000059
1.730344 -0.000059
1.735345 0.000166
1.740346 0.000004
1.745347 0.000047
1.750348 0.000075
1.755349 0.000013
1.760350 -0.000025
1.765351 -0.000164
1.770352 0.000008
1.775353 0.000004
1.780354 -0.000217
1.785355 -0.000140
1.790356 -0.000001
1.795357 0.000032
1.800358 0.000061
1.805359 -0.000001
1.810360 0.000008
1.815361 0.000157
1.820362 0.000080
1.825363 -0.000078
1.830364 0.000008
1.835365 0.000085
1.840366 -0.000006
1.845367 -0.000073
1.850368 -0.000006
1.855369 0.000142
1.860370 0.000042
1.865371 -0.000020
1.870372 0.000085
1.875373 0.000032
1.880374 0.000008
1.885375 -0.000025
1.890376 0.000032
1.895377 -0.000035
1.900378 -0.000097
1.905379 0.000047
1.910380 0.000023
1.915381 0.000104
1.920382 0.000018
1.925383 0.000009
1.930384 0.000076
1.935385 0.000042
1.940386 -0.000001
1.945387 -0.000226
1.950388 -0.000030
1.955389 0.000061
1.960390 -0.000102
1.965391 -0.000011
1.970392 0.000066
1.975393 0.000052
1.980394 -0.000063
1.985395 -0.000097
1.990396 -0.000068
1.995397 0.000004
2.000398 0.000023
2.005399 -0.000082
2.010400 0.000028
2.015401 0.000037
2.020402 -0.000054
2.025403 -0.000015
2.030404 0.000023
2.035405 0.000109
2.040406 0.000023
2.045407 0.000018
2.050408 0.000128
2.055409 0.000052
2.060410 -0.000006
2.065411 -0.000063
2.070412 0.000042
2.075413 0.000042
2.080414 -0.000111
2.085415 -0.000039
2.090416 -0.000025
2.095417 -0.000039
2.100418 -0.000063
2.105419 -0.000039
2.110420 0.000076
2.115421 0.000109
2.120422 -0.000015
2.125423 -0.000183
2.130424 -0.000058
2.135425 0.000023
2.140426 -0.000101
2.145427 -0.000116
2.150428 0.000066
2.155429 0.000066
2.160430 -0.000025
2.165431 -0.000001
2.170432 0.000009
2.175433 -0.000015
2.180434 -0.000164
2.185435 -0.000120
2.190436 0.000018
2.195437 0.000057
2.200438 0.000114
2.205439 0.000124
2.210440 0.000167
2.215441 0.000171
2.220442 0.000124
2.225443 0.000090
2.230444 0.000009
2.235445 -0.000106
2.240446 -0.000183
2.245447 -0.000173
2.250448 -0.000096
2.255449 -0.000101
2.260450 -0.000159
2.265451 -0.000130
2.270452 -0.000058
2.275453 -0.000053
2.280454 -0.000020
2.285455 0.000124
2.290456 0.000205
2.295457 0.000042
2.300458 -0.000096
2.305459 -0.000139
2.310460 -0.000068
2.315461 0.000076
2.320462 -0.000144
2.325463 -0.000173
2.330463 -0.000044
2.335464 -0.000077
2.340465 -0.000058
2.345466 -0.000072
2.350467 0.000133
2.355468 0.000162
2.360469 0.000004
2.365470 0.000014
2.370471 0.000038
2.375472 0.000033
2.380473 -0.000025
2.385474 0.000018
2.390475 0.000076
2.395476 -0.000049
2.400477 -0.000240
2.405478 -0.000187
2.410479 -0.000092
2.415480 -0.000144
2.420481 -0.000144
2.425482 -0.000139
2.430483 0.000038
2.435484 0.000138
2.440485 0.000004
2.445486 0.000086
2.450487 0.000138
2.455488 0.000042
2.460489 -0.000068
2.465490 -0.000120
2.470491 -0.000001
2.475492 -0.000020
2.480493 -0.000149
2.485494 -0.000173
2.490495 -0.000091
2.495496 -0.000082
2.500497 -0.000149
2.505498 -0.000077
2.510499 -0.000039
2.515500 0.000095
2.520501 0.000153
2.525502 0.000129
2.530503 0.000277
2.535504 0.000086
2.540505 -0.000101
2.545506 -0.000106
2.550507 -0.000173
2.555508 -0.000111
2.560509 -0.000120
2.565510 -0.000201
2.570511 -0.000120
2.575512 -0.000024
2.580513 -0.000096
2.585514 -0.000024
2.590515 0.000220
2.595516 0.000191
2.600517 0.000043
2.605518 0.000014
2.610519 0.000019
2.615520 0.000014
2.620521 -0.000034
2.625522 -0.000158
2.630523 -0.000168
2.635524 -0.000149
2.640525 -0.000249
2.645526 -0.000101
2.650527 0.000138
2.655528 0.000153
2.660529 0.000095
2.665530 0.000134
2.670531 0.000224
2.675532 0.000138
2.680533 0.000024
2.685534 -0.000020
2.690535 -0.000067
2.695536 -0.000020
2.700537 -0.000106
2.705538 -0.000125
2.710539 -0.000000
2.715540 -0.000072
2.720541 -0.000053
2.725542 -0.000096
2.730543 -0.000187
2.735544 -0.000024
2.740545 -0.000015
2.745546 -0.000000
2.750547 0.000138
2.755548 0.000172
2.760549 0.000162
2.765550 0.000191
2.770551 0.000239
2.775552 0.000124
2.780553 -0.000000
2.785554 -0.000000
2.790555 -0.000067
2.795556 -0.000058
2.800557 -0.000072
2.805558 -0.000067
2.810559 0.000095
2.815560 0.000124
2.820561 0.000138
2.825562 0.000062
2.830563 0.000024
2.835564 0.000081
2.840565 0.000067
2.845566 0.000086
2.850567 0.000038
2.855568 0.000057
2.860569 -0.000077
2.865570 -0.000187
2.870571 -0.000082
2.875572 -0.000077
2.880573 0.000005
2.885574 -0.000048
2.890575 -0.000000
2.895576 0.000186
2.900577 -0.000019
2.905578 0.000057
2.910579 0.000258
2.915580 0.000143
2.920581 0.000110
2.925582 -0.000043
2.930583 -0.000005
2.935584 0.000043
2.940585 -0.000043
2.945586 -0.000019
2.950587 0.000029
2.955588 0.000091
2.960589 0.000024
2.965590 0.000029
2.970591 0.000081
2.975592 0.000124
2.980593 0.000076
2.985594 0.000024
2.990595 0.000139
2.995596 0.000100
3.000597 -0.000091
3.005598 -0.000081
3.010599 0.000081
3.015600 -0.000034
3.020601 -0.000062
3.025602 -0.000000
3.030603 0.000043
3.035604 0.000143
3.040605 -0.000024
3.045606 0.000009
3.050607 0.000139
3.055608 0.000067
3.060609 0.000038
3.065610 -0.000019
3.070611 0.000062
3.075612 0.000009
3.080613 -0.000053
3.085614 0.000029
3.090615 0.000014
3.095616 0.000143
3.100617 0.000029
3.105618 -0.000043
3.110619 0.000100
3.115620 0.000010
3.120621 -0.000043
3.125622 -0.000043
3.130623 0.000067
3.135624 0.000024
3.140625 -0.000081
3.145626 0.000024
3.150627 0.000067
3.155628 0.000100
3.160629 0.000053
3.165630 0.000024
3.170631 0.000048
3.175632 0.000072
3.180633 -0.000005
3.185634 -0.000115
3.190635 0.000072
3.195636 0.000096
3.200637 -0.000033
3.205638 -0.000014
3.210639 0.000096
3.215640 0.000144
3.220641 0.000053
3.225642 0.000048
3.230643 0.000105
3.235644 0.000072
3.240645 -0.000086
3.245646 -0.000043
3.250647 0.000072
3.255648 0.000101
3.260648 0.000000
3.265649 -0.000076
3.270650 0.000091
3.275651 -0.000005
3.280652 -0.000062
3.285653 0.000014
3.290654 0.000029
3.295655 0.000029
3.300656 -0.000096
3.305657 -0.000009
3.310658 0.000029
3.315659 0.000034
3.320660 -0.000053
3.325661 -0.000191
3.330662 0.000019
3.335663 0.000034
3.340664 -0.000019
3.345665 0.000101
3.350666 0.000168
3.355667 0.000153
3.360668 0.000043
3.365669 0.000010
3.370670 0.000110
3.375671 0.000139
3.380672 0.000077
3.385673 0.000058
3.390674 0.000139
3.395675 0.000149
3.400676 -0.000048
3.405677 -0.000038
3.410678 0.000120
3.415679 0.000034
3.420680 -0.000139
3.425681 -0.000086
3.430682 0.000125
3.435683 0.000005
3.440684 -0.000210
3.445685 -0.000143
3.450686 0.000015
3.455687 0.000034
3.460688 -0.000014
3.465689 0.000029
3.470690 0.000091
3.475691 0.000101
3.480692 0.000015
3.485693 -0.000043
3.490694 0.000019
3.495695 0.000125
3.500696 -0.000014
3.505697 -0.000048
3.510698 0.000144
3.515699 0.000034
3.520700 0.000015
3.525701 0.000091
3.530702 0.000096
3.535703 0.000115
3.540704 0.000015
3.545705 -0.000004
3.550706 0.000077
3.555707 0.000120
3.560708 -0.000062
3.565709 -0.000057
3.570710 0.000077
3.575711 -0.000009
3.580712 -0.000009
3.585713 -0.000024
3.590714 -0.000019
3.595715 0.000072
3.600716 0.000005
3.605717 -0.000110
3.610718 0.000034
3.615719 0.000120
3.620720 -0.000086
3.625721 -0.000110
3.630722 0.000029
3.635723 0.000125
3.640724 0.000005
3.645725 -0.000143
3.650726 -0.000014
3.655727 0.000087
3.660728 -0.000038
3.665729 -0.000114
3.670730 0.000048
3.675731 0.000125
3.680732 -0.000028
3.685733 -0.000043
3.690734 0.000063
3.695735 0.000125
3.700736 0.000063
3.705737 -0.000067
3.710738 0.000048
3.715739 0.000020
3.720740 -0.000129
3.725741 -0.000062
3.730742 0.000044
3.735743 0.000096
3.740744 0.000053
3.745745 0.000058
3.750746 0.000067
3.755747 0.000063
3.760748 0.000106
3.765749 0.000082
3.770750 0.000091
3.775751 0.000154
3.780752 0.000058
3.785753 -0.000114
3.790754 -0.000023
3.795755 0.000087
3.800756 -0.000066
3.805757 -0.000148
3.810758 -0.000028
3.815759 -0.000023
3.820760 -0.000062
3.825761 0.000044
3.830762 0.000158
3.835763 0.000063
3.840764 -0.000114
3.845765 -0.000100
3.850766 0.000020
3.855767 0.000025
3.860768 0.000020
3.865769 0.000015
3.870770 0.000072
3.875771 0.000082
3.880772 -0.000114
3.885773 -0.000004
3.890774 0.000077
3.895775 0.000001
3.900776 0.000044
3.905777 -0.000090
3.910778 -0.000038
3.915779 -0.000004
3.920780 -0.000076
3.925781 0.000039
3.930782 0.000034
3.935783 0.000135
3.940784 0.000058
3.945785 -0.000038
3.950786 0.000139
3.955787 0.000106
3.960788 0.000001
3.965789 0.000077
3.970790 0.000221
3.975791 0.000135
3.980792 -0.000038
3.985793 -0.000090
3.990794 -0.000004
3.995795 0.000087
4.000796 -0.000057
4.005797 -0.000090
4.010798 -0.000047
4.015799 -0.000057
4.020800 -0.000105
4.025801 -0.000052
4.030802 0.000116
4.035803 0.000029
4.040804 -0.000009
4.045805 0.000006
4.050806 -0.000014
4.055807 -0.000004
4.060808 -0.000124
4.065809 -0.000042
4.070810 0.000144
4.075811 0.000063
4.080812 -0.000109
4.085813 -0.000114
4.090814 -0.000014
4.095815 -0.000018
4.100816 -0.000109
4.105817 -0.000081
4.110818 0.000092
4.115819 0.000087
4.120820 -0.000061
4.125821 -0.000004
4.130822 0.000077
4.135823 0.000082
4.140824 -0.000047
4.145825 -0.000167
4.150826 -0.000004
4.155827 0.000068
4.160828 -0.000081
4.165829 -0.000171
4.170830 -0.000028
4.175831 0.000063
4.180832 -0.000018
4.185833 -0.000090
4.190833 -0.000009
4.195834 0.000058
4.200835 -0.000057
4.205836 -0.000061
4.210837 0.000015
4.215838 0.000044
4.220839 -0.000080
4.225840 -0.000109
4.230841 0.000087
4.235842 -0.000004
4.240843 -0.000071
4.245844 -0.000013
4.250845 0.000010
4.255846 0.000106
4.260847 -0.000095
4.265848 -0.000124
4.270849 0.000097
4.275850 0.000087
4.280851 0.000044
4.285852 0.000054
4.290853 0.000101
4.295854 0.000034
4.300855 -0.000076
4.305856 -0.000066
4.310857 -0.000076
4.315858 -0.000033
4.320859 -0.000033
4.325860 -0.000033
4.330861 0.000068
4.335862 0.000011
4.340863 -0.000056
4.345864 -0.000033
4.350865 -0.000028
4.355866 0.000039
4.360867 -0.000013
4.365868 -0.000032
4.370869 0.000092
4.375870 0.000063
4.380871 0.000006
4.385872 0.000035
4.390873 0.000087
4.395874 0.000020
4.400875 -0.000032
4.405876 0.000044
4.410877 0.000044
4.415878 0.000035
4.420879 0.000035
4.425880 -0.000047
4.430881 0.000039
4.435882 0.000087
4.440883 -0.000119
4.445884 -0.000075
4.450885 0.000011
4.455886 0.000020
4.460887 -0.000066
4.465888 -0.000128
4.470889 0.000097
4.475890 0.000030
4.480891 -0.000037
4.485892 -0.000004
4.490893 0.000015
4.495894 0.000102
4.500895 0.000020
4.505896 0.000015
4.510897 0.000073
4.515898 0.000135
4.520899 0.000059
4.525900 0.000020
4.530901 -0.000028
4.535902 -0.000023
4.540903 -0.000037
4.545904 -0.000114
4.550905 0.000150
4.555906 0.000092
4.560907 -0.000075
4.565908 -0.000047
4.570909 0.000030
4.575910 0.000078
4.580911 -0.000071
4.585912 -0.000071
4.590913 0.000083
4.595914 0.000092
4.600915 -0.000075
4.605916 -0.000047
4.610917 0.000020
4.615918 -0.000023
4.620919 0.000030
4.625920 0.000126
4.630921 0.000087
4.635922 0.000001
4.640923 0.000006
4.645924 0.000059
4.650925 0.000145
4.655926 0.000097
4.660927 0.000001
4.665928 -0.000023
4.670929 0.000035
4.675930 0.000111
4.680931 0.000035
4.685932 0.000040
4.690933 0.000111
4.695934 0.000087
4.700935 0.000006
4.705936 -0.000042
4.710937 0.000016
4.715938 0.000044
4.720939 -0.000008
4.725940 -0.000061
4.730941 0.000020
4.735942 0.000059
4.740943 -0.000051
4.745944 -0.000042
4.750945 0.000006
4.755946 0.000044
4.760947 0.000011
4.765948 0.000006
4.770949 0.000011
4.775950 -0.000013
4.780951 0.000035
4.785952 -0.000123
4.790953 -0.000023
4.795954 -0.000166
4.800955 -0.000989
4.805956 -0.001994
4.810957 -0.003013
4.815958 -0.003133
4.820959 -0.002157
4.825960 0.000083
4.830961 0.002791
4.835962 0.004050
4.840963 0.003126
4.845964 0.000126
4.850965 -0.003516
4.855966 -0.005985
4.860967 -0.004841
4.865968 -0.000243
4.870969 0.004074
4.875970 0.006002
4.880971 0.005490
4.885972 0.003241
4.890973 -0.000161
4.895974 -0.002252
4.900975 -0.001358
4.905976 -0.000688
4.910977 -0.002564
4.915978 -0.004258
4.920979 -0.002894
4.925980 0.000016
4.930981 0.002638
4.935982 0.004289
4.940983 0.003040
4.945984 -0.000161
4.950985 -0.002654
4.955986 -0.005425
4.960987 -0.008086
4.965988 -0.009378
4.970989 -0.011249
4.975990 -0.014862
4.980991 -0.020341
4.985992 -0.025045
4.990993 -0.025710
4.995994 -0.024782
5.000995 -0.024509
5.005996 -0.020954
5.010997 -0.011866
5.015998 0.000360
5.020999 0.015583
5.026000 0.035380
5.031001 0.060106
5.036002 0.086066
5.041003 0.099293
5.046004 0.086511
5.051005 0.057345
5.056006 0.027785
5.061007 0.002619
5.066008 -0.019786
5.071009 -0.043607
5.076010 -0.059131
5.081011 -0.059303
5.086012 -0.052221
5.091013 -0.048139
5.096014 -0.053633
5.101015 -0.057691
5.106016 -0.045866
5.111017 -0.017384
5.116018 0.013702
5.121019 0.027833
5.126019 0.020746
5.131020 0.010821
5.136021 0.015214
5.141022 0.026560
5.146023 0.035074
5.151024 0.038691
5.156025 0.028288
5.161026 -0.001831
5.166027 -0.022973
5.171028 -0.022614
5.176029 -0.027725
5.181030 -0.003439
5.186031 0.063681
5.191032 0.092321
5.196033 0.067102
5.201034 0.027690
5.206035 -0.009526
5.211036 -0.021284
5.216037 -0.021456
5.221038 -0.039860
5.226039 -0.052752
5.231040 -0.030256
5.236041 0.015143
5.241042 0.047525
5.246043 0.042013
5.251044 0.005596
5.256045 -0.021700
5.261046 -0.026859
5.266047 -0.046139
5.271048 -0.081938
5.276049 -0.099687
5.281050 -0.084230
5.286051 -0.038133
5.291052 0.023828
5.296053 0.066016
5.301054 0.067633
5.306055 0.052904
5.311056 0.034485
5.316057 0.010281
5.321058 0.005376
5.326059 0.014425
5.331060 0.006256
5.336061 -0.010158
5.341062 -0.021097
5.346063 -0.015948
5.351064 0.019478
5.356065 0.054368
5.361066 0.049703
5.366067 0.020177
5.371068 -0.002597
5.376069 -0.011071
5.381070 -0.014900
5.386071 -0.013172
5.391072 0.010501
5.396073 0.039137
5.401074 0.041615
5.406075 0.014894
5.411076 -0.021178
5.416077 -0.033745
5.421078 -0.029840
5.426079 -0.035553
5.431080 -0.050771
5.436081 -0.057834
5.441082 -0.037295
5.446083 -0.007889
5.451084 0.007879
5.456085 0.007453
5.461086 0.006539
5.466087 0.032557
5.471088 0.052402
5.476089 0.019110
5.481090 -0.031893
5.486091 -0.036286
5.491092 -0.000601
5.496093 0.027298
5.501094 0.034260
5.506095 0.016708
5.511096 -0.007573
5.516097 0.001667
5.521098 0.024541
5.526099 0.026116
5.531100 0.021129
5.536101 0.025192
5.541102 0.031557
5.546103 0.028690
5.551104 0.010238
5.556105 -0.012325
5.561106 -0.025045
5.566107 -0.035271
5.571108 -0.038917
5.576109 -0.035094
5.581110 -0.043952
5.586111 -0.061533
5.591112 -0.062189
5.596113 -0.041865
5.601114 -0.026016
5.606115 -0.018498
5.611116 -0.012119
5.616117 -0.006353
5.621118 0.009535
5.626119 0.017004
5.631120 0.002524
5.636121 -0.004420
5.641122 0.001883
5.646123 0.003524
5.651124 0.005888
5.656125 0.013880
5.661126 0.019330
5.666127 0.027585
5.671128 0.046133
5.676129 0.062609
5.681130 0.064480
5.686131 0.050928
5.691132 0.036256
5.696133 0.029939
5.701134 0.018167
5.706135 -0.003620
5.711136 -0.028126
5.716137 -0.043727
5.721138 -0.047526
5.726139 -0.050397
5.731140 -0.044612
5.736141 -0.020580
5.741142 0.004840
5.746143 0.007721
5.751144 -0.008717
5.756145 -0.007430
5.761146 0.020914
5.766147 0.037012
5.771148 0.026925
5.776149 0.012009
5.781150 -0.005712
5.786151 -0.030954
5.791152 -0.044483
5.796153 -0.041726
5.801154 -0.037147
5.806155 -0.030691
5.811156 -0.026805
5.816157 -0.026164
5.821158 -0.006960
5.826159 0.028777
5.831160 0.050694
5.836161 0.046765
5.841162 0.029935
5.846163 0.029317
5.851164 0.064452
5.856165 0.093183
5.861166 0.053507
5.866167 -0.035687
5.871168 -0.088494
5.876169 -0.068878
5.881170 -0.050680
5.886171 -0.079751
5.891172 -0.120900
5.896173 -0.125791
5.901174 -0.045306
5.906175 0.071443
5.911176 0.131198
5.916177 0.132184
5.921178 0.108793
5.926179 0.077363
5.931180 0.049536
5.936181 0.036285
5.941182 0.012210
5.946183 -0.052354
5.951184 -0.112712
5.956185 -0.116828
5.961186 -0.067691
5.966187 0.001505
5.971188 0.044430
5.976189 0.055235
5.981190 0.049301
5.986191 0.028351
5.991192 -0.002275
5.996193 -0.043468
6.001194 -0.089283
6.006195 -0.108836
6.011196 -0.067873
6.016197 0.008764
6.021198 0.063772
6.026199 0.085919
6.031200 0.106778
6.036201 0.129542
6.041202 0.107999
6.046203 0.053814
6.051204 0.017349
6.056204 -0.006123
6.061205 -0.039769
6.066206 -0.077052
6.071207 -0.097729
6.076208 -0.098169
6.081209 -0.075243
6.086210 -0.040941
6.091211 -0.028179
6.096212 -0.030629
6.101213 0.002213
6.106214 0.060614
6.111215 0.070462
6.116216 0.050005
6.121217 0.055484
6.126218 0.058054
6.131219 0.036266
6.136220 0.012516
6.141221 -0.007692
6.146222 -0.038118
6.151223 -0.076573
6.156224 -0.088187
6.161225 -0.056474
6.166226 -0.017282
6.171227 0.003161
6.176228 0.012330
6.181229 0.022240
6.186230 0.042611
6.191231 0.071774
6.196232 0.092800
6.201233 0.087675
6.206234 0.053685
6.211235 0.010569
6.216236 -0.013621
6.221237 -0.013559
6.226238 -0.017469
6.231239 -0.042013
6.236240 -0.065299
6.241241 -0.073357
6.246242 -0.067840
6.251243 -0.053967
6.256244 -0.038721
6.261245 -0.014933
6.266246 0.012909
6.271247 0.025231
6.276248 0.019934
6.281249 0.011420
6.286250 0.008128
6.291251 0.005405
6.296252 -0.005601
6.301253 -0.024829
6.306254 -0.039352
6.311255 -0.032768
6.316256 0.009147
6.321257 0.073669
6.326258 0.108157
6.331259 0.069620
6.336260 -0.015794
6.341261 -0.069730
6.346262 -0.057192
6.351263 -0.021728
6.356264 -0.015311
6.361265 -0.033189
6.366266 -0.033878
6.371267 -0.016512
6.376268 -0.003079
6.381269 0.012335
6.386270 0.030198
6.391271 0.046976
6.396272 0.061480
6.401273 0.062471
6.406274 0.050694
6.411275 0.037266
6.416276 0.027810
6.421277 0.015900
6.426278 -0.005419
6.431279 -0.027384
6.436280 -0.042755
6.441281 -0.056871
6.446282 -0.069414
6.451283 -0.067040
6.456284 -0.052373
6.461285 -0.040080
6.466286 -0.009779
6.471287 0.045670
6.476288 0.084359
6.481289 0.089738
6.486290 0.074367
6.491291 0.050153
6.496292 0.033759
6.501293 0.029753
6.506294 0.026490
6.511295 0.005568
6.516296 -0.035998
6.521297 -0.078248
6.526298 -0.098743
6.531299 -0.085789
6.536300 -0.054110
6.541301 -0.022618
6.546302 -0.004548
6.551303 -0.005448
6.556304 0.004434
6.561305 0.035821
6.566306 0.059930
6.571307 0.057968
6.576308 0.024365
6.581309 -0.024819
6.586310 -0.050722
6.591311 -0.034222
6.596312 -0.005945
6.601313 -0.002610
6.606314 -0.022244
6.611315 -0.047085
6.616316 -0.045511
6.621317 0.006779
6.626318 0.070975
6.631319 0.088805
6.636320 0.058298
6.641321 0.020298
6.646322 0.009066
6.651323 0.030328
6.656324 0.063510
6.661325 0.075497
6.666326 0.049173
6.671327 0.002161
6.676328 -0.033796
6.681329 -0.045008
6.686330 -0.047109
6.691331 -0.058130
6.696332 -0.065786
6.701333 -0.049191
6.706334 -0.018684
6.711335 0.000338
6.716336 0.008224
6.721337 0.014144
6.726338 0.009401
6.731339 -0.005285
6.736340 -0.019598
6.741341 -0.025508
6.746342 -0.008180
6.751343 0.028696
6.756344 0.061222
6.761345 0.068171
6.766346 0.048551
6.771347 0.020508
6.776348 -0.007682
6.781349 -0.036777
6.786350 -0.063078
6.791351 -0.069179
6.796352 -0.050473
6.801353 -0.027489
6.806354 -0.008946
6.811355 0.004946
6.816356 0.014675
6.821357 0.019231
6.826358 0.016627
6.831359 0.009172
6.836360 0.002434
6.841361 0.007248
6.846362 0.017704
6.851363 0.020092
6.856364 0.012292
6.861365 -0.002782
6.866366 -0.011300
6.871367 -0.004395
6.876368 0.006817
6.881369 0.011914
6.886370 0.015546
6.891371 0.021643
6.896372 0.025136
6.901373 0.026744
6.906374 0.025858
6.911375 0.013407
6.916376 -0.011979
6.921377 -0.037088
6.926378 -0.044343
6.931379 -0.032734
6.936380 -0.018693
6.941381 -0.014286
6.946382 -0.014769
6.951383 -0.004945
6.956384 0.019259
6.961385 0.043158
6.966386 0.046416
6.971387 0.026954
6.976388 0.005502
6.981389 -0.001227
6.986389 0.006885
6.991390 0.016135
6.996391 0.018034
7.001392 0.016585
7.006393 0.011914
7.011394 0.001453
7.016395 -0.016463
7.021396 -0.035552
7.026397 -0.041577
7.031398 -0.036179
7.036399 -0.033628
7.041400 -0.034179
7.046401 -0.030791
7.051402 -0.021402
7.056403 -0.010151
7.061404 -0.003634
7.066405 0.000123
7.071406 0.004167
7.076407 0.010483
7.081408 0.017317
7.086409 0.017245
7.091410 0.010593
7.096411 0.001860
7.101412 -0.002131
7.106413 0.003544
7.111414 0.012244
7.116415 0.015541
7.121416 0.014608
7.126417 0.017757
7.131418 0.022672
7.136419 0.022160
7.141420 0.023576
7.146421 0.028108
7.151422 0.022691
7.156423 0.003994
7.161424 -0.015702
7.166425 -0.024632
7.171426 -0.018535
7.176427 -0.002528
7.181428 0.007990
7.186429 0.006799
7.191430 -0.002940
7.196431 -0.012931
7.201432 -0.012506
7.206433 -0.007854
7.211434 -0.006787
7.216435 -0.010773
7.221436 -0.020354
7.226437 -0.031058
7.231438 -0.036380
7.236439 -0.028805
7.241440 -0.015688
7.246441 -0.006509
7.251442 -0.000714
7.256443 0.003210
7.261444 0.006392
7.266445 0.008938
7.271446 0.014235
7.276447 0.016015
7.281448 0.018188
7.286449 0.020810
7.291450 0.019107
7.296451 0.024060
7.301452 0.024935
7.306453 0.021672
7.311454 0.019422
7.316455 0.013297
7.321456 0.006138
7.326457 -0.002619
7.331458 -0.008816
7.336459 -0.017492
7.341460 -0.027029
7.346461 -0.027713
7.351462 -0.025727
7.356463 -0.031403
7.361464 -0.037581
7.366465 -0.031690
7.371466 -0.019674
7.376467 -0.005691
7.381468 0.006373
7.386469 0.014082
7.391470 0.019054
7.396471 0.024179
7.401472 0.035277
7.406473 0.039555
7.411474 0.033626
7.416475 0.022806
7.421476 0.008182
7.426477 0.003042
7.431478 0.007292
7.436479 0.014800
7.441480 0.015149
7.446481 0.003660
7.451482 -0.007921
7.456483 -0.016932
7.461484 -0.020459
7.466485 -0.022445
7.471486 -0.024464
7.476487 -0.021808
7.481488 -0.018717
7.486489 -0.012099
7.491490 -0.003896
7.496491 0.000401
7.501492 0.001698
7.506493 -0.002767
7.511494 -0.008744
7.516495 -0.007974
7.521496 0.003267
7.526497 0.017269
7.531498 0.020983
7.536499 0.017217
7.541500 0.012450
7.546501 0.013604
7.551502 0.019791
7.556503 0.020188
7.561504 0.013723
7.566505 0.003751
7.571506 -0.005978
7.576507 -0.017678
7.581508 -0.027158
7.586509 -0.024397
7.591510 -0.015376
7.596511 -0.009577
7.601512 -0.009400
7.606513 -0.010783
7.611514 -0.008610
7.616515 -0.000839
7.621516 0.011316
7.626517 0.023500
7.631518 0.033190
7.636519 0.037717
7.641520 0.036617
7.646521 0.033956
7.651522 0.030463
7.656523 0.023380
7.661524 0.010441
7.666525 -0.005667
7.671526 -0.019540
7.676527 -0.027258
7.681528 -0.028302
7.686529 -0.026187
7.691530 -0.019080
7.696531 -0.009141
7.701532 -0.001054
7.706533 0.005947
7.711534 0.009082
7.716535 0.006014
7.721536 -0.003193
7.726537 -0.012945
7.731538 -0.020052
7.736539 -0.026603
7.741540 -0.031771
7.746541 -0.035858
7.751542 -0.038203
7.756543 -0.037379
7.761544 -0.032690
7.766545 -0.026502
7.771546 -0.018894
7.776547 -0.006930
7.781548 0.007593
7.786549 0.023084
7.791550 0.036019
7.796551 0.045264
7.801552 0.050470
7.806553 0.048111
7.811554 0.040086
7.816555 0.027797
7.821556 0.012522
7.826557 -0.001618
7.831558 -0.012170
7.836559 -0.018750
7.841560 -0.023641
7.846561 -0.027431
7.851562 -0.026698
7.856563 -0.022167
7.861564 -0.017630
7.866565 -0.012720
7.871566 -0.007696
7.876567 -0.004040
7.881568 0.002909
7.886569 0.012891
7.891570 0.017581
7.896571 0.018131
7.901572 0.015379
7.906573 0.011733
7.911574 0.011398
7.916574 0.008551
7.921575 0.001612
7.926576 -0.010883
7.931577 -0.024502
7.936578 -0.030924
7.941579 -0.031230
7.946580 -0.024086
7.951581 -0.012993
7.956582 -0.004250
7.961583 0.001741
7.966584 0.005871
7.971585 0.013006
7.976586 0.025290
7.981587 0.037119
7.986588 0.042134
7.991589 0.038813
7.996590 0.029295
8.001591 0.018117
8.006592 0.009249
8.011593 -0.000254
8.016594 -0.011428
8.021595 -0.022712
8.026596 -0.030149
8.031597 -0.026909
8.036598 -0.018994
8.041599 -0.014941
8.046600 -0.011356
8.051601 -0.005638
8.056602 -0.001226
8.061603 0.004574
8.066604 0.012709
8.071605 0.018428
8.076606 0.024539
8.081607 0.028381
8.086608 0.024788
8.091609 0.016911
8.096610 0.005646
8.101611 -0.006403
8.106612 -0.015295
8.111613 -0.019080
8.116614 -0.017946
8.121615 -0.014869
8.126616 -0.006131
8.131617 0.010800
8.136618 0.029449
8.141619 0.042283
8.146620 0.042168
8.151621 0.025472
8.156622 -0.000872
8.161623 -0.025358
8.166624 -0.038647
8.171625 -0.035513
8.176626 -0.022678
8.181627 -0.013175
8.186628 -0.010428
8.191629 -0.012959
8.196630 -0.021468
8.201631 -0.033058
8.206632 -0.044634
8.211633 -0.048031
8.216634 -0.039470
8.221635 -0.024626
8.226636 -0.006131
8.231637 0.010499
8.236638 0.023390
8.241639 0.033449
8.246640 0.041010
8.251641 0.050188
8.256642 0.060549
8.261643 0.064291
8.266644 0.058592
8.271645 0.045092
8.276646 0.024032
8.281647 0.000937
8.286648 -0.016137
8.291649 -0.025014
8.296650 -0.030014
8.301651 -0.032723
8.306652 -0.033809
8.311653 -0.031852
8.316654 -0.021626
8.321655 -0.003676
8.326656 0.013839
8.331657 0.023764
8.336658 0.026506
8.341659 0.021165
8.346660 0.009958
8.351661 -0.000235
8.356662 -0.007848
8.361663 -0.011514
8.366664 -0.010590
8.371665 -0.009437
8.376666 -0.015625
8.381667 -0.030737
8.386668 -0.046275
8.391669 -0.055611
8.396670 -0.056745
8.401671 -0.048797
8.406672 -0.032570
8.411673 -0.012619
8.416674 0.004412
8.421675 0.015528
8.426676 0.022271
8.431677 0.027166
8.436678 0.031569
8.441679 0.036483
8.446680 0.038565
8.451681 0.035273
8.456682 0.028166
8.461683 0.017146
8.466684 0.002220
8.471685 -0.015041
8.476686 -0.027468
8.481687 -0.027349
8.486688 -0.018553
8.491689 -0.007930
8.496690 0.003354
8.501691 0.009264
8.506692 0.007116
8.511693 0.003058
8.516694 -0.001010
8.521695 -0.003565
8.526696 -0.008112
8.531697 -0.015237
8.536698 -0.018524
8.541699 -0.017816
8.546700 -0.011433
8.551701 -0.002608
8.556702 0.004072
8.561703 0.008771
8.566704 0.011666
8.571705 0.017758
8.576706 0.027324
8.581707 0.034263
8.586708 0.036670
8.591709 0.035866
8.596710 0.031301
8.601711 0.024984
8.606712 0.019491
8.611713 0.013901
8.616714 0.007891
8.621715 0.000459
8.626716 -0.007992
8.631717 -0.015792
8.636718 -0.021415
8.641719 -0.023487
8.646720 -0.022999
8.651721 -0.021420
8.656722 -0.021022
8.661723 -0.022137
8.666724 -0.023051
8.671725 -0.022310
8.676726 -0.018127
8.681727 -0.011743
8.686728 -0.005393
8.691729 0.001383
8.696730 0.008910
8.701731 0.015495
8.706732 0.020792
8.711733 0.024381
8.716734 0.025817
8.721735 0.024621
8.726736 0.018840
8.731737 0.010193
8.736738 0.001699
8.741739 -0.004675
8.746740 -0.007973
8.751741 -0.007360
8.756742 -0.002656
8.761743 0.003187
8.766744 0.008872
8.771745 0.014361
8.776746 0.018672
8.781747 0.019510
8.786748 0.016710
8.791749 0.013696
8.796750 0.010399
8.801751 0.007049
8.806752 0.002584
8.811753 -0.005163
8.816754 -0.013830
8.821755 -0.021640
8.826756 -0.027033
8.831757 -0.029100
8.836758 -0.025678
8.841759 -0.018204
8.846759 -0.012638
8.851760 -0.008398
8.856761 -0.005250
8.861762 -0.006298
8.866763 -0.009638
8.871764 -0.012193
8.876765 -0.013342
8.881766 -0.013796
8.886767 -0.013854
8.891768 -0.011557
8.896769 -0.007068
8.901770 -0.001378
8.906771 0.004178
8.911772 0.008805
8.916773 0.012519
8.921774 0.013490
8.926775 0.013083
8.931776 0.012571
8.936777 0.011183
8.941778 0.008599
8.946779 0.005010
8.951780 0.001158
8.956781 -0.003771
8.961782 -0.008867
8.966783 -0.010834
8.971784 -0.008690
8.976785 -0.004240
8.981786 0.000349
8.986787 0.004819
8.991788 0.008016
8.996789 0.008188
9.001790 0.006379
9.006791 0.004082
9.011792 0.002197
9.016793 0.000493
9.021794 -0.000885
9.026795 -0.003287
9.031796 -0.006575
9.036797 -0.008508
9.041798 -0.011470
9.046799 -0.017017
9.051800 -0.023927
9.056801 -0.030545
9.061802 -0.034555
9.066803 -0.034713
9.071804 -0.032746
9.076805 -0.029238
9.081806 -0.022391
9.086807 -0.012437
9.091808 -0.000746
9.096809 0.010853
9.101810 0.021195
9.106811 0.028626
9.111812 0.033718
9.116813 0.038288
9.121814 0.039341
9.126815 0.036101
9.131816 0.029961
9.136817 0.021467
9.141818 0.013318
9.146819 0.007197
9.151820 0.003489
9.156821 0.000393
9.161822 -0.002986
9.166823 -0.005680
9.171824 -0.007096
9.176825 -0.005852
9.181826 -0.003373
9.186827 -0.000383
9.191828 0.003077
9.196829 0.004006
9.201830 0.000761
9.206831 -0.005948
9.211832 -0.014906
9.216833 -0.024702
9.221834 -0.032555
9.226835 -0.036201
9.231836 -0.035833
9.236837 -0.031976
9.241838 -0.026152
9.246839 -0.019538
9.251840 -0.011006
9.256841 0.000292
9.261842 0.014194
9.266843 0.028162
9.271844 0.039681
9.276845 0.047304
9.281846 0.048715
9.286847 0.045643
9.291848 0.042183
9.296849 0.038948
9.301850 0.035642
9.306851 0.031809
9.311852 0.026133
9.316853 0.018462
9.321854 0.007738
9.326855 -0.004388
9.331856 -0.015021
9.336857 -0.022759
9.341858 -0.026740
9.346859 -0.028942
9.351860 -0.027683
9.356861 -0.023056
9.361862 -0.018375
9.366863 -0.015337
9.371864 -0.015696
9.376865 -0.017466
9.381866 -0.018916
9.386867 -0.018538
9.391868 -0.016088
9.396869 -0.013116
9.401870 -0.010001
9.406871 -0.008010
9.411872 -0.007383
9.416873 -0.007570
9.421874 -0.006886
9.426875 -0.004129
9.431876 0.000431
9.436877 0.005671
9.441878 0.010059
9.446879 0.012543
9.451880 0.011653
9.456881 0.008863
9.461882 0.006375
9.466883 0.003848
9.471884 0.001742
9.476885 0.001025
9.481886 0.000292
9.486887 -0.001856
9.491888 -0.004928
9.496889 -0.007479
9.501890 -0.008187
9.506891 -0.007733
9.511892 -0.006441
9.516893 -0.004713
9.521894 -0.002368
9.526895 0.000513
9.531896 0.001685
9.536897 0.001384
9.541898 0.000288
9.546899 -0.000205
9.551900 -0.000430
9.556901 -0.002110
9.561902 -0.004038
9.566903 -0.005862
9.571904 -0.006024
9.576905 -0.004574
9.581906 -0.002612
9.586907 0.000115
9.591908 0.002341
9.596909 0.004011
9.601910 0.006097
9.606911 0.008351
9.611912 0.009820
9.616913 0.012333
9.621914 0.016319
9.626915 0.020965
9.631916 0.026354
9.636917 0.030790
9.641918 0.033603
9.646919 0.033627
9.651920 0.030809
9.656921 0.024770
9.661922 0.015644
9.666923 0.004638
9.671924 -0.006799
9.676925 -0.016332
9.681926 -0.025936
9.686927 -0.032497
9.691928 -0.032760
9.696929 -0.027778
9.701930 -0.019691
9.706931 -0.014733
9.711932 -0.011446
9.716933 -0.008560
9.721934 -0.006718
9.726935 -0.003430
9.731936 -0.001248
9.736937 -0.000483
9.741938 -0.000057
9.746939 -0.001100
9.751940 -0.001904
9.756941 -0.002071
9.761942 -0.001650
9.766943 0.001432
9.771944 0.005772
9.776944 0.008758
9.781945 0.010232
9.786946 0.010696
9.791947 0.009438
9.796948 0.006346
9.801949 0.003030
9.806950 0.000302
9.811951 -0.001468
9.816952 -0.002143
9.821953 -0.002789
9.826954 -0.003947
9.831955 -0.004631
9.836956 -0.003871
9.841957 -0.001301
9.846958 0.002279
9.851959 0.006140
9.856960 0.009610
9.861961 0.012022
9.866962 0.014079
9.871963 0.014362
9.876964 0.011864
9.881965 0.008849
9.886966 0.005246
9.891967 0.001523
9.896968 -0.001014
9.901969 -0.001846
9.906970 -0.000420
9.911971 0.000374
9.916972 -0.000669
9.921973 -0.003531
9.926974 -0.007421
9.931975 -0.009546
9.936976 -0.010843
9.941977 -0.011187
9.946978 -0.007660
9.951979 -0.001722
9.956980 0.004523
9.961981 0.011400
9.966982 0.016616
9.971983 0.018707
9.976984 0.017214
9.981985 0.012639
9.986986 0.007619
9.991987 0.003513
9.996988 0.000781
10.001989 -0.001526
10.006990 -0.004516
10.011991 -0.009130
10.016992 -0.013752
10.021993 -0.017911
10.026994 -0.022624
10.031995 -0.025366
10.036996 -0.026673
10.041997 -0.026610
10.046998 -0.025074
10.051999 -0.023658
10.057000 -0.021414
10.062001 -0.018624
10.067002 -0.014953
10.072003 -0.011005
10.077004 -0.007225
10.082005 -0.001966
10.087006 0.003777
10.092007 0.009299
10.097008 0.013816
10.102009 0.016673
10.107010 0.019659
10.112011 0.022531
10.117012 0.023512
10.122013 0.022645
10.127014 0.021105
10.132015 0.020013
10.137016 0.019454
10.142017 0.019018
10.147018 0.018497
10.152019 0.017023
10.157020 0.014151
10.162021 0.010342
10.167022 0.006303
10.172023 0.001733
10.177024 -0.003913
10.182025 -0.009297
10.187026 -0.012833
10.192027 -0.014786
10.197028 -0.015815
10.202029 -0.015666
10.207030 -0.014680
10.212031 -0.012991
10.217032 -0.010153
10.222033 -0.005842
10.227034 -0.000784
10.232035 0.002992
10.237036 0.005232
10.242037 0.006662
10.247038 0.007715
10.252039 0.008562
10.257040 0.008423
10.262041 0.007696
10.267042 0.007591
10.272043 0.008103
10.277044 0.007567
10.282045 0.004968
10.287046 0.001398
10.292047 -0.002473
10.297048 -0.005770
10.302049 -0.006493
10.307050 -0.004334
10.312051 -0.000875
10.317052 0.003198
10.322053 0.006945
10.327054 0.010247
10.332055 0.013065
10.337056 0.014568
10.342057 0.014443
10.347058 0.011711
10.352059 0.007624
10.357060 0.002380
10.362061 -0.003406
10.367062 -0.007617
10.372063 -0.009608
10.377064 -0.009325
10.382065 -0.008019
10.387066 -0.005320
10.392067 -0.001477
10.397068 0.002738
10.402069 0.006706
10.407070 0.009036
10.412071 0.009146
10.417072 0.007533
10.422073 0.005332
10.427074 0.002863
10.432075 0.000384
10.437076 -0.003521
10.442077 -0.008469
10.447078 -0.012785
10.452079 -0.015987
10.457080 -0.017714
10.462081 -0.018997
10.467082 -0.019868
10.472083 -0.019600
10.477084 -0.017346
10.482085 -0.013513
10.487086 -0.008531
10.492087 -0.003291
10.497088 0.000054
10.502089 0.002021
10.507090 0.003686
10.512091 0.004758
10.517092 0.005074
10.522093 0.005189
10.527094 0.005299
10.532095 0.005969
10.537096 0.006777
10.542097 0.007041
10.547098 0.006988
10.552099 0.005921
10.557100 0.003581
10.562101 0.000466
10.567102 -0.001554
10.572103 -0.002114
10.577104 -0.001271
10.582105 0.000891
10.587106 0.001715
10.592107 0.001887
10.597108 0.002337
10.602109 0.001461
10.607110 0.000351
10.612111 0.000092
10.617112 -0.000223
10.622113 -0.001592
10.627114 -0.002329
10.632115 -0.000869
10.637116 0.000662
10.642117 0.002212
10.647118 0.003878
10.652119 0.004572
10.657120 0.004634
10.662121 0.003126
10.667122 -0.000147
10.672123 -0.004961
10.677124 -0.011230
10.682125 -0.017221
10.687126 -0.021250
10.692127 -0.022782
10.697128 -0.021777
10.702129 -0.018212
10.707130 -0.012622
10.712130 -0.005913
10.717131 0.001222
10.722132 0.008165
10.727133 0.013759
10.732134 0.017554
10.737135 0.019133
10.742136 0.017999
10.747137 0.014023
10.752138 0.007754
10.757139 0.001164
10.762140 -0.004372
10.767141 -0.007062
10.772142 -0.006353
10.777143 -0.003324
10.782144 0.000672
10.787145 0.005897
10.792146 0.012812
10.797147 0.018574
10.802148 0.023134
10.807149 0.026670
10.812150 0.027977
10.817151 0.026536
10.822152 0.022962
10.827153 0.018846
10.832154 0.012415
10.837155 0.003849
10.842156 -0.004320
10.847157 -0.010828
10.852158 -0.015785
10.857159 -0.018719
10.862160 -0.019671
10.867161 -0.019882
10.872162 -0.018288
10.877163 -0.015426
10.882164 -0.011100
10.887165 -0.006372
10.892166 -0.002530
10.897167 0.001184
10.902168 0.003107
10.907169 0.003873
10.912170 0.003256
10.917171 0.001188
10.922172 -0.000955
10.927173 -0.003549
10.932174 -0.005138
10.937175 -0.005444
10.942176 -0.004889
10.947177 -0.003118
10.952178 -0.000678
10.957179 0.002093
10.962180 0.004773
10.967181 0.007295
10.972182 0.009204
10.977183 0.009912
10.982184 0.009544
10.987185 0.008472
10.992186 0.006964
10.997187 0.004926
11.002188 0.002906
11.007189 0.000825
11.012190 -0.001472
11.017191 -0.004544
11.022192 -0.008057
11.027193 -0.010861
11.032194 -0.013172
11.037195 -0.014354
11.042196 -0.014818
11.047197 -0.014383
11.052198 -0.013129
11.057199 -0.012043
11.062200 -0.010861
11.067201 -0.009569
11.072202 -0.007846
11.077203 -0.006114
11.082204 -0.003774
11.087205 -0.001118
11.092206 0.001012
11.097207 0.002892
11.102208 0.004165
11.107209 0.005294
11.112210 0.005673
11.117211 0.005467
11.122212 0.004859
11.127213 0.002983
11.132214 0.001227
11.137215 -0.000333
11.142216 -0.001994
11.147217 -0.002936
11.152218 -0.003075
11.157219 -0.002061
11.162220 -0.000711
11.167221 0.001064
11.172222 0.002978
11.177223 0.004180
11.182224 0.006405
11.187225 0.008118
11.192226 0.008204
11.197227 0.007802
11.202228 0.006601
11.207229 0.005414
11.212230 0.003787
11.217231 0.002074
11.222232 0.000978
11.227233 -0.000276
11.232234 -0.001099
11.237235 -0.000036
11.242236 0.002998
11.247237 0.005988
11.252238 0.008525
11.257239 0.009869
11.262240 0.009477
11.267241 0.007721
11.272242 0.004974
11.277243 0.002701
11.282244 -0.001151
11.287245 -0.004870
11.292246 -0.006788
11.297247 -0.009401
11.302248 -0.011148
11.307249 -0.012574
11.312250 -0.013387
11.317251 -0.012928
11.322252 -0.011981
11.327253 -0.009009
11.332254 -0.005626
11.337255 -0.003046
11.342256 -0.000457
11.347257 0.002017
11.352258 0.004390
11.357259 0.005768
11.362260 0.007123
11.367261 0.009367
11.372262 0.011377
11.377263 0.012765
11.382264 0.013119
11.387265 0.012999
11.392266 0.012200
11.397267 0.010860
11.402268 0.009779
11.407269 0.007702
11.412270 0.004907
11.417271 0.002007
11.422272 -0.001003
11.427273 -0.003166
11.432274 -0.004333
11.437275 -0.005032
11.442276 -0.004836
11.447277 -0.003927
11.452278 -0.003108
11.457279 -0.002328
11.462280 -0.001634
11.467281 -0.000586
11.472282 0.000256
11.477283 0.000629
11.482284 0.001199
11.487285 0.000663
11.492286 -0.001448
11.497287 -0.004553
11.502288 -0.007975
11.507289 -0.010253
11.512290 -0.011124
11.517291 -0.010822
11.522292 -0.009143
11.527293 -0.006917
11.532294 -0.004357
11.537295 -0.001553
11.542296 0.000041
11.547297 0.000792
11.552298 0.001936
11.557299 0.003328
11.562300 0.005070
11.567301 0.006668
11.572302 0.006673
11.577303 0.004840
11.582304 0.001830
11.587305 -0.001596
11.592306 -0.004884
11.597307 -0.008104
11.602308 -0.010880
11.607309 -0.012531
11.612310 -0.012980
11.617311 -0.012636
11.622312 -0.011492
11.627313 -0.009377
11.632314 -0.006712
11.637315 -0.003706
11.642315 -0.000553
11.647316 0.002065
11.652317 0.003620
11.657318 0.004501
11.662319 0.004845
11.667320 0.004807
11.672321 0.004486
11.677322 0.003816
11.682323 0.003156
11.687324 0.001759
11.692325 -0.000337
11.697326 -0.002558
11.702327 -0.004529
11.707328 -0.005372
11.712329 -0.005065
11.717330 -0.003524
11.722331 -0.001041
11.727332 0.001984
11.732333 0.005209
11.737334 0.007745
11.742335 0.009262
11.747336 0.009855
11.752337 0.009320
11.757338 0.007257
11.762339 0.003969
11.767340 0.000663
11.772341 -0.002438
11.777342 -0.005616
11.782343 -0.008233
11.787344 -0.010190
11.792345 -0.010808
11.797346 -0.010310
11.802347 -0.009128
11.807348 -0.006855
11.812349 -0.004510
11.817350 -0.001945
11.822351 0.000380
11.827352 0.001955
11.832353 0.003300
11.837354 0.003879
11.842355 0.004142
11.847356 0.004065
11.852357 0.004037
11.857358 0.004745
11.862359 0.005630
11.867360 0.007525
11.872361 0.010214
11.877362 0.012492
11.882363 0.013665
11.887364 0.013335
11.892365 0.012401
11.897366 0.010731
11.902367 0.008176
11.907368 0.005855
11.912369 0.003687
11.917370 0.001730
11.922371 0.000706
11.927372 0.000763
11.932373 0.001438
11.937374 0.002142
11.942375 0.002161
11.947376 0.000696
11.952377 -0.001730
11.957378 -0.004491
11.962379 -0.007118
11.967380 -0.008965
11.972381 -0.009941
11.977382 -0.009874
11.982383 -0.009248
11.987384 -0.008018
11.992385 -0.006190
11.997386 -0.004716
12.002387 -0.003553
12.007388 -0.002773
12.012389 -0.002160
12.017390 -0.001854
12.022391 -0.002242
12.027392 -0.002385
12.032393 -0.002481
12.037394 -0.003003
12.042395 -0.003960
12.047396 -0.004663
12.052397 -0.004342
12.057398 -0.003577
12.062399 -0.002141
12.067400 -0.000476
12.072401 0.000965
12.077402 0.002410
12.082403 0.003879
12.087404 0.005415
12.092405 0.006568
12.097406 0.007353
12.102407 0.007602
12.107408 0.007597
12.112409 0.007324
12.117410 0.006568
12.122411 0.005688
12.127412 0.004712
12.132413 0.003635
12.137414 0.002324
12.142415 0.001122
12.147416 -0.000002
12.152417 -0.000969
12.157418 -0.002160
12.162419 -0.003912
12.167420 -0.005735
12.172421 -0.007711
12.177422 -0.009357
12.182423 -0.010472
12.187424 -0.010984
12.192425 -0.010535
12.197426 -0.009061
12.202427 -0.006850
12.207428 -0.004318
12.212429 -0.001725
12.217430 0.000500
12.222431 0.002395
12.227432 0.003941
12.232433 0.004716
12.237434 0.004927
12.242435 0.004941
12.247436 0.005104
12.252437 0.005013
12.257438 0.004219
12.262439 0.003152
12.267440 0.001888
12.272441 0.000510
12.277442 -0.001036
12.282443 -0.002189
12.287444 -0.002280
12.292445 -0.001313
12.297446 0.000075
12.302447 0.000601
12.307448 0.000520
12.312449 -0.000203
12.317450 -0.001658
12.322451 -0.003084
12.327452 -0.004505
12.332453 -0.005787
12.337454 -0.007113
12.342455 -0.008649
12.347456 -0.010166
12.352457 -0.010836
12.357458 -0.010094
12.362459 -0.008568
12.367460 -0.006185
12.372461 -0.003084
12.377462 -0.000016
12.382463 0.002443
12.387464 0.004094
12.392465 0.005382
12.397466 0.005956
12.402467 0.006052
12.407468 0.006238
12.412469 0.006434
12.417470 0.006621
12.422471 0.006540
12.427472 0.006970
12.432473 0.007846
12.437474 0.008157
12.442475 0.008133
12.447476 0.007817
12.452477 0.006956
12.457478 0.005497
12.462479 0.003726
12.467480 0.001644
12.472481 -0.000667
12.477482 -0.002859
12.482483 -0.005160
12.487484 -0.007304
12.492485 -0.008883
12.497486 -0.010118
12.502487 -0.010946
12.507488 -0.011156
12.512489 -0.010640
12.517490 -0.009458
12.522491 -0.007917
12.527492 -0.005873
12.532493 -0.003385
12.537494 -0.001050
12.542495 0.001319
12.547496 0.003664
12.552497 0.005793
12.557498 0.007885
12.562499 0.009727
12.567500 0.011742
12.572500 0.013330
12.577501 0.013771
12.582502 0.013617
12.587503 0.012785
12.592504 0.011493
12.597505 0.009234
12.602506 0.006315
12.607507 0.003884
12.612508 0.001501
12.617509 -0.000308
12.622510 -0.001356
12.627511 -0.002342
12.632512 -0.003514
12.637513 -0.005313
12.642514 -0.007395
12.647515 -0.008879
12.652516 -0.009620
12.657517 -0.009893
12.662518 -0.009601
12.667519 -0.008041
12.672520 -0.005835
12.677521 -0.003820
12.682522 -0.002088
12.687523 -0.001342
12.692524 -0.001164
12.697525 -0.001227
12.702526 -0.001519
12.707527 -0.001787
12.712528 -0.002217
12.717529 -0.002763
12.722530 -0.003241
12.727531 -0.003213
12.732532 -0.002724
12.737533 -0.002519
12.742534 -0.002696
12.747535 -0.002787
12.752536 -0.002667
12.757537 -0.002083
12.762538 -0.001059
12.767539 0.000448
12.772540 0.002334
12.777541 0.004238
12.782542 0.006167
12.787543 0.007823
12.792544 0.009287
12.797545 0.009909
12.802546 0.009875
12.807547 0.009641
12.812548 0.008306
12.817549 0.006277
12.822550 0.003722
12.827551 0.001319
12.832552 -0.000025
12.837553 -0.001370
12.842554 -0.002753
12.847555 -0.003332
12.852556 -0.002672
12.857557 -0.000882
12.862558 0.000692
12.867559 0.001760
12.872560 0.002611
12.877561 0.003229
12.882562 0.004033
12.887563 0.004679
12.892564 0.004564
12.897565 0.003334
12.902566 0.001353
12.907567 -0.000820
12.912568 -0.003031
12.917569 -0.005179
12.922570 -0.007002
12.927571 -0.008223
12.932572 -0.008629
12.937573 -0.008031
12.942574 -0.007304
12.947575 -0.006246
12.952576 -0.004509
12.957577 -0.002533
12.962578 -0.000494
12.967579 0.001008
12.972580 0.002855
12.977581 0.004358
12.982582 0.004502
12.987583 0.004588
12.992584 0.004310
12.997585 0.003449
13.002586 0.002329
13.007587 0.001630
13.012588 0.001697
13.017589 0.001296
13.022590 0.000961
13.027591 0.000913
13.032592 0.000645
13.037593 0.000420
13.042594 0.000267
13.047595 -0.000016
13.052596 -0.000638
13.057597 -0.001126
13.062598 -0.001944
13.067599 -0.002628
13.072600 -0.002356
13.077601 -0.001604
13.082602 -0.000561
13.087603 0.000458
13.092604 0.001750
13.097605 0.003344
13.102606 0.004851
13.107607 0.006186
13.112608 0.007674
13.117609 0.009038
13.122610 0.009641
13.127611 0.009407
13.132612 0.008263
13.137613 0.006650
13.142614 0.004722
13.147615 0.002506
13.152616 -0.000231
13.157617 -0.003552
13.162618 -0.006710
13.167619 -0.009486
13.172620 -0.011563
13.177621 -0.012917
13.182622 -0.013807
13.187623 -0.014085
13.192624 -0.013673
13.197625 -0.012922
13.202626 -0.011931
13.207627 -0.010481
13.212628 -0.009160
13.217629 -0.008093
13.222630 -0.007136
13.227631 -0.006251
13.232632 -0.005131
13.237633 -0.004026
13.242634 -0.002939
13.247635 -0.001911
13.252636 -0.000829
13.257637 0.000597
13.262638 0.001880
13.267639 0.003200
13.272640 0.005287
13.277641 0.007660
13.282642 0.009885
13.287643 0.011761
13.292644 0.013274
13.297645 0.014298
13.302646 0.014111
13.307647 0.013077
13.312648 0.011627
13.317649 0.009622
13.322650 0.006957
13.327651 0.003889
13.332652 0.000530
13.337653 -0.002834
13.342654 -0.005700
13.347655 -0.008079
13.352656 -0.009778
13.357657 -0.011041
13.362658 -0.011701
13.367659 -0.011127
13.372660 -0.009414
13.377661 -0.006854
13.382662 -0.003226
13.387663 0.001191
13.392664 0.005832
13.397665 0.009838
13.402666 0.012297
13.407667 0.013795
13.412668 0.014226
13.417669 0.013661
13.422670 0.012216
13.427671 0.009804
13.432672 0.007096
13.437673 0.004378
13.442674 0.002172
13.447675 0.000219
13.452676 -0.001398
13.457677 -0.002523
13.462678 -0.003614
13.467679 -0.004456
13.472680 -0.004935
13.477681 -0.004992
13.482682 -0.004997
13.487683 -0.005035
13.492684 -0.004916
13.497685 -0.004935
13.502685 -0.005384
13.507686 -0.005600
13.512687 -0.005088
13.517688 -0.004289
13.522689 -0.002977
13.527690 -0.001183
13.532691 0.000674
13.537692 0.002129
13.542693 0.003382
13.547694 0.004459
13.552695 0.004617
13.557696 0.004000
13.562697 0.002799
13.567698 0.001181
13.572699 -0.000355
13.577700 -0.001786
13.582701 -0.003389
13.587702 -0.004968
13.592703 -0.006112
13.597704 -0.006901
13.602705 -0.007753
13.607706 -0.008131
13.612707 -0.007720
13.617708 -0.007212
13.622709 -0.006447
13.627710 -0.004896
13.632711 -0.002824
13.637712 -0.000967
13.642713 0.000727
13.647714 0.002459
13.652715 0.003961
13.657716 0.004957
13.662717 0.005560
13.667718 0.005938
13.672719 0.005962
13.677720 0.005751
13.682721 0.005187
13.687722 0.004804
13.692723 0.004598
13.697724 0.004009
13.702725 0.003268
13.707726 0.002401
13.712727 0.001593
13.717728 0.000947
13.722729 0.000583
13.727730 0.000507
13.732731 0.000306
13.737732 -0.000130
13.742733 -0.000776
13.747734 -0.001561
13.752735 -0.002197
13.757736 -0.002987
13.762737 -0.004164
13.767738 -0.005245
13.772739 -0.006198
13.777740 -0.006829
13.782741 -0.006834
13.787742 -0.005954
13.792743 -0.004073
13.797744 -0.001680
13.802745 0.000564
13.807746 0.002473
13.812747 0.004464
13.817748 0.006110
13.822749 0.007149
13.827750 0.007737
13.832751 0.007728
13.837752 0.006986
13.842753 0.005761
13.847754 0.004225
13.852755 0.002048
13.857756 -0.000125
13.862757 -0.002432
13.867758 -0.004566
13.872759 -0.006107
13.877760 -0.007179
13.882761 -0.007322
13.887762 -0.007475
13.892763 -0.007279
13.897764 -0.006265
13.902765 -0.004724
13.907766 -0.002656
13.912767 -0.000417
13.917768 0.001870
13.922769 0.003742
13.927770 0.005244
13.932771 0.006417
13.937772 0.006819
13.942773 0.006862
13.947774 0.007154
13.952775 0.007369
13.957776 0.007407
13.962777 0.007034
13.967778 0.006637
13.972779 0.006857
13.977780 0.006933
13.982781 0.006972
13.987782 0.007235
13.992783 0.007556
13.997784 0.007776
14.002785 0.007517
14.007786 0.006814
14.012787 0.005460
14.017788 0.003340
14.022789 0.000684
14.027790 -0.002049
14.032791 -0.004398
14.037792 -0.006504
14.042793 -0.008222
14.047794 -0.009131
14.052795 -0.009863
14.057796 -0.010519
14.062797 -0.010456
14.067798 -0.009705
14.072799 -0.008313
14.077800 -0.006585
14.082801 -0.004915
14.087802 -0.002958
14.092803 -0.000661
14.097804 0.000961
14.102805 0.001986
14.107806 0.002885
14.112807 0.003287
14.117808 0.003359
14.122809 0.003211
14.127810 0.003211
14.132811 0.003345
14.137812 0.002923
14.142813 0.002091
14.147814 0.001344
14.152815 0.000689
14.157816 -0.000177
14.162817 -0.001044
14.167818 -0.001809
14.172819 -0.002766
14.177820 -0.003900
14.182821 -0.004877
14.187822 -0.005590
14.192823 -0.006011
14.197824 -0.006389
14.202825 -0.006982
14.207826 -0.007154
14.212827 -0.006968
14.217828 -0.006508
14.222829 -0.006083
14.227830 -0.005886
14.232831 -0.005140
14.237832 -0.004551
14.242833 -0.004518
14.247834 -0.004676
14.252835 -0.004929
14.257836 -0.004996
14.262837 -0.004829
14.267838 -0.004278
14.272839 -0.003427
14.277840 -0.002565
14.282841 -0.001570
14.287842 -0.000388
14.292843 0.000981
14.297844 0.002206
14.302845 0.002914
14.307846 0.003637
14.312847 0.004340
14.317848 0.004986
14.322849 0.005465
14.327850 0.005771
14.332851 0.005972
14.337852 0.005369
14.342853 0.004340
14.347854 0.003354
14.352855 0.002541
14.357856 0.001962
14.362857 0.001617
14.367858 0.001589
14.372859 0.001900
14.377860 0.002541
14.382861 0.003555
14.387862 0.005154
14.392863 0.006661
14.397864 0.007723
14.402865 0.008671
14.407866 0.009427
14.412867 0.009949
14.417868 0.010317
14.422869 0.010231
14.427870 0.009877
14.432870 0.009561
14.437871 0.008762
14.442872 0.007757
14.447873 0.006776
14.452874 0.005403
14.457875 0.003881
14.462876 0.002416
14.467877 0.001014
14.472878 -0.000139
14.477879 -0.001125
14.482880 -0.001948
14.487881 -0.002450
14.492882 -0.002900
14.497883 -0.003474
14.502884 -0.004029
14.507885 -0.004436
14.512886 -0.004489
14.517887 -0.004556
14.522888 -0.004723
14.527889 -0.004656
14.532890 -0.004522
14.537891 -0.004364
14.542892 -0.004168
14.547893 -0.003833
14.552894 -0.003264
14.557895 -0.002704
14.562896 -0.002220
14.567897 -0.001838
14.572898 -0.001866
14.577899 -0.002512
14.582900 -0.003675
14.587901 -0.005068
14.592902 -0.006494
14.597903 -0.008149
14.602904 -0.009714
14.607905 -0.010772
14.612906 -0.011461
14.617907 -0.011662
14.622908 -0.011456
14.627909 -0.010633
14.632910 -0.009255
14.637911 -0.007747
14.642912 -0.006044
14.647913 -0.004144
14.652914 -0.002125
14.657915 -0.000292
14.662916 0.001335
14.667917 0.002799
14.672918 0.003867
14.677919 0.004570
14.682920 0.005029
14.687921 0.005345
14.692922 0.005522
14.697923 0.005609
14.702924 0.005733
14.707925 0.005666
14.712926 0.005307
14.717927 0.004675
14.722928 0.003824
14.727929 0.003087
14.732930 0.002288
14.737931 0.001149
14.742932 -0.000086
14.747933 -0.001034
14.752934 -0.001723
14.757935 -0.002469
14.762936 -0.003187
14.767937 -0.003685
14.772938 -0.003876
14.777939 -0.003847
14.782940 -0.003441
14.787941 -0.002594
14.792942 -0.001378
14.797943 0.000168
14.802944 0.001613
14.807945 0.003092
14.812946 0.004613
14.817947 0.005767
14.822948 0.006422
14.827949 0.006838
14.832950 0.007154
14.837951 0.007150
14.842952 0.007140
14.847953 0.007116
14.852954 0.006934
14.857955 0.006566
14.862956 0.005886
14.867957 0.005049
14.872958 0.004077
14.877959 0.002986
14.882960 0.001508
14.887961 -0.000263
14.892962 -0.001923
14.897963 -0.003584
14.902964 -0.005192
14.907965 -0.006422
14.912966 -0.007183
14.917967 -0.007431
14.922968 -0.007278
14.927969 -0.006800
14.932970 -0.005943
14.937971 -0.004881
14.942972 -0.003723
14.947973 -0.002134
14.952974 -0.000182
14.957975 0.001843
14.962976 0.003809
14.967977 0.005494
14.972978 0.007030
14.977979 0.008030
14.982980 0.008059
14.987981 0.007293
14.992982 0.005934
14.997983 0.004039
15.002984 0.001579
15.007985 -0.001019
15.012986 -0.003158
15.017987 -0.005134
15.022988 -0.007005
15.027989 -0.008006
15.032990 -0.008230
15.037991 -0.008077
15.042992 -0.007723
15.047993 -0.006809
15.052994 -0.005244
15.057995 -0.003928
15.062996 -0.002837
15.067997 -0.001899
15.072998 -0.001057
15.077999 -0.000335
15.083000 -0.000363
15.088001 -0.000540
15.093002 -0.000435
15.098003 -0.000181
15.103004 0.000355
15.108005 0.001292
15.113006 0.002546
15.118007 0.003819
15.123008 0.004882
15.128009 0.005700
15.133010 0.006241
15.138011 0.005910
15.143012 0.004944
15.148013 0.003810
15.153014 0.002513
15.158015 0.001034
15.163016 -0.000808
15.168017 -0.002497
15.173018 -0.003756
15.178019 -0.004866
15.183020 -0.005685
15.188021 -0.005775
15.193022 -0.005096
15.198023 -0.003837
15.203024 -0.002722
15.208025 -0.001847
15.213026 -0.000559
15.218027 0.000321
15.223028 0.000656
15.228029 0.001082
15.233030 0.001360
15.238031 0.001455
15.243032 0.001427
15.248033 0.001838
15.253034 0.002503
15.258035 0.002833
15.263036 0.003240
15.268037 0.003700
15.273038 0.004183
15.278039 0.004465
15.283040 0.004437
15.288041 0.004508
15.293042 0.004441
15.298043 0.004097
15.303044 0.003499
15.308045 0.002896
15.313046 0.002307
15.318047 0.001197
15.323048 -0.000425
15.328049 -0.002220
15.333050 -0.003761
15.338051 -0.004971
15.343052 -0.005943
15.348053 -0.006407
15.353054 -0.006335
15.358055 -0.005833
15.363056 -0.005254
15.368056 -0.004321
15.373057 -0.002957
15.378058 -0.001789
15.383059 -0.000679
15.388060 0.000202
15.393061 0.000738
15.398062 0.000977
15.403063 0.000604
15.408064 -0.000062
15.413065 -0.000664
15.418066 -0.001306
15.423067 -0.001980
15.428068 -0.002430
15.433069 -0.002459
15.438070 -0.002502
15.443071 -0.002588
15.448072 -0.002248
15.453073 -0.001823
15.458074 -0.001578
15.463075 -0.001243
15.468076 -0.000492
15.473077 0.000532
15.478078 0.001561
15.483079 0.002389
15.488080 0.002953
15.493081 0.003461
15.498082 0.003733
15.503083 0.003829
15.508084 0.004044
15.513085 0.004212
15.518086 0.004226
15.523087 0.004207
15.528088 0.004207
15.533089 0.004322
15.538090 0.004150
15.543091 0.003724
15.548092 0.003327
15.553093 0.002829
15.558094 0.002437
15.563095 0.002092
15.568096 0.001972
15.573097 0.002398
15.578098 0.002719
15.583099 0.002815
15.588100 0.003130
15.593101 0.003293
15.598102 0.003375
15.603103 0.003375
15.608104 0.002982
15.613105 0.002537
15.618106 0.001800
15.623107 0.000633
15.628108 -0.000401
15.633109 -0.001373
15.638110 -0.002444
15.643111 -0.003526
15.648112 -0.004392
15.653113 -0.004895
15.658114 -0.005172
15.663115 -0.005148
15.668116 -0.004871
15.673117 -0.004402
15.678118 -0.003894
15.683119 -0.003430
15.688120 -0.002799
15.693121 -0.002076
15.698122 -0.001363
15.703123 -0.000904
15.708124 -0.000329
15.713125 0.000460
15.718126 0.000767
15.723127 0.000743
15.728128 0.000594
15.733129 0.000068
15.738130 -0.000770
15.743131 -0.001703
15.748132 -0.002473
15.753133 -0.003196
15.758134 -0.003842
15.763135 -0.004359
15.768136 -0.004856
15.773137 -0.005014
15.778138 -0.005091
15.783139 -0.005005
15.788140 -0.004531
15.793141 -0.003765
15.798142 -0.002928
15.803143 -0.002430
15.808144 -0.001937
15.813145 -0.001372
15.818146 -0.001119
15.823147 -0.001473
15.828148 -0.001975
15.833149 -0.002382
15.838150 -0.002535
15.843151 -0.002325
15.848152 -0.001894
15.853153 -0.000879
15.858154 0.000082
15.863155 0.000953
15.868156 0.002073
15.873157 0.003064
15.878158 0.003604
15.883159 0.003825
15.888160 0.003949
15.893161 0.003762
15.898162 0.003432
15.903163 0.002772
15.908164 0.002255
15.913165 0.002155
15.918166 0.002107
15.923167 0.002174
15.928168 0.002231
15.933169 0.002504
15.938170 0.002863
15.943171 0.003049
15.948172 0.003298
15.953173 0.003552
15.958174 0.003628
15.963175 0.003480
15.968176 0.003557
15.973177 0.003987
15.978178 0.004207
15.983179 0.004370
15.988180 0.004662
15.993181 0.004892
15.998182 0.004916
16.003183 0.004566
16.008184 0.004097
16.013185 0.003451
16.018186 0.002633
16.023187 0.001781
16.028188 0.000843
16.033189 0.000087
16.038190 -0.000578
16.043191 -0.001276
16.048192 -0.001554
16.053193 -0.001635
16.058194 -0.002033
16.063195 -0.002382
16.068196 -0.002430
16.073197 -0.002372
16.078198 -0.002157
16.083199 -0.001745
16.088200 -0.001209
16.093201 -0.000659
16.098202 -0.000166
16.103203 0.000178
16.108204 0.000351
16.113205 0.000422
16.118206 0.000422
16.123207 0.000398
16.128208 0.000384
16.133209 0.000418
16.138210 0.000255
16.143211 -0.000066
16.148212 -0.000405
16.153213 -0.000932
16.158214 -0.001674
16.163215 -0.002564
16.168216 -0.003387
16.173217 -0.004085
16.178218 -0.004727
16.183219 -0.005310
16.188220 -0.005540
16.193221 -0.005746
16.198222 -0.006076
16.203223 -0.006143
16.208224 -0.006086
16.213225 -0.005578
16.218226 -0.004990
16.223227 -0.004502
16.228228 -0.003425
16.233229 -0.001985
16.238230 -0.000520
16.243231 0.000705
16.248232 0.001648
16.253233 0.002375
16.258234 0.002777
16.263235 0.002605
16.268236 0.002140
16.273237 0.001853
16.278238 0.001265
16.283239 0.000537
16.288240 0.000092
16.293241 -0.000291
16.298241 -0.000640
16.303242 -0.000989
16.308243 -0.001104
16.313244 -0.000731
16.318245 -0.000362
16.323246 -0.000056
16.328247 0.000810
16.333248 0.002030
16.338249 0.003380
16.343250 0.004801
16.348251 0.006074
16.353252 0.007184
16.358253 0.007969
16.363254 0.008280
16.368255 0.007912
16.373256 0.007093
16.378257 0.005854
16.383258 0.004260
16.388259 0.002614
16.393260 0.001112
16.398261 0.000102
16.403262 -0.000807
16.408263 -0.001358
16.413264 -0.001291
16.418265 -0.000956
16.423266 -0.000223
16.428267 0.000408
16.433268 0.001251
16.438269 0.002236
16.443270 0.002681
16.448271 0.003040
16.453272 0.003146
16.458273 0.002964
16.463274 0.002476
16.468275 0.001906
16.473276 0.001231
16.478277 0.000092
16.483278 -0.000903
16.488279 -0.001740
16.493280 -0.002334
16.498281 -0.002884
16.503282 -0.003726
16.508283 -0.004200
16.513284 -0.004367
16.518285 -0.004367
16.523286 -0.004181
16.528287 -0.003937
16.533288 -0.003185
16.538289 -0.002367
16.543290 -0.001869
16.548291 -0.001305
16.553292 -0.000936
16.558293 -0.000898
16.563294 -0.001113
16.568295 -0.001386
16.573296 -0.001621
16.578297 -0.002066
16.583298 -0.002764
16.588299 -0.003315
16.593300 -0.003487
16.598301 -0.003779
16.603302 -0.004119
16.608303 -0.004248
16.613304 -0.004296
16.618305 -0.004114
16.623306 -0.003980
16.628307 -0.003640
16.633308 -0.002769
16.638309 -0.001879
16.643310 -0.000960
16.648311 0.000040
16.653312 0.000863
16.658313 0.001456
16.663314 0.001868
16.668315 0.002093
16.673316 0.002155
16.678317 0.002079
16.683318 0.001701
16.688319 0.001284
16.693320 0.000954
16.698321 0.000303
16.703322 -0.000477
16.708323 -0.001391
16.713324 -0.002324
16.718325 -0.003147
16.723326 -0.004090
16.728327 -0.004611
16.733328 -0.004774
16.738329 -0.004875
16.743330 -0.004487
16.748331 -0.003511
16.753332 -0.002223
16.758333 -0.000740
16.763334 0.000811
16.768335 0.002385
16.773336 0.004084
16.778337 0.005538
16.783338 0.006706
16.788339 0.007998
16.793340 0.009314
16.798341 0.010367
16.803342 0.011133
16.808343 0.011401
16.813344 0.011075
16.818345 0.010434
16.823346 0.009419
16.828347 0.007946
16.833348 0.006457
16.838349 0.005007
16.843350 0.003285
16.848351 0.001816
16.853352 0.000897
16.858353 0.000007
16.863354 -0.000749
16.868355 -0.001156
16.873356 -0.001501
16.878357 -0.001860
16.883358 -0.002118
16.888359 -0.002242
16.893360 -0.002281
16.898361 -0.002352
16.903362 -0.002759
16.908363 -0.003070
16.913364 -0.003065
16.918365 -0.003070
16.923366 -0.003032
16.928367 -0.003065
16.933368 -0.002998
16.938369 -0.002740
16.943370 -0.002558
16.948371 -0.002180
16.953372 -0.001549
16.958373 -0.001089
16.963374 -0.000716
16.968375 -0.000615
16.973376 -0.000668
16.978377 -0.000678
16.983378 -0.001065
16.988379 -0.001572
16.993380 -0.002123
16.998381 -0.002783
17.003382 -0.003396
17.008383 -0.003932
17.013384 -0.004348
17.018385 -0.004692
17.023386 -0.004994
17.028387 -0.005152
17.033388 -0.004592
17.038389 -0.003865
17.043390 -0.003281
17.048391 -0.002075
17.053392 -0.000840
17.058393 0.000155
17.063394 0.001050
17.068395 0.001476
17.073396 0.001983
17.078397 0.002510
17.083398 0.002438
17.088399 0.002361
17.093400 0.002337
17.098401 0.002103
17.103402 0.001821
17.108403 0.001643
17.113404 0.001691
17.118405 0.001725
17.123406 0.001773
17.128407 0.001854
17.133408 0.002079
17.138409 0.002261
17.143410 0.002160
17.148411 0.002156
17.153412 0.002055
17.158413 0.001773
17.163414 0.001706
17.168415 0.001648
17.173416 0.001682
17.178417 0.001792
17.183418 0.001644
17.188419 0.001596
17.193420 0.001691
17.198421 0.001663
17.203422 0.001457
17.208423 0.001294
17.213424 0.000983
17.218425 0.000227
17.223426 -0.000606
17.228426 -0.001419
17.233427 -0.002266
17.238428 -0.003151
17.243429 -0.003936
17.248430 -0.004539
17.253431 -0.004908
17.258432 -0.005166
17.263433 -0.005458
17.268434 -0.005247
17.273435 -0.004759
17.278436 -0.004295
17.283437 -0.003592
17.288438 -0.002821
17.293439 -0.001945
17.298440 -0.001185
17.303441 -0.000658
17.308442 -0.000089
17.313443 0.000682
17.318444 0.001328
17.323445 0.001797
17.328446 0.002409
17.333447 0.002850
17.338448 0.003118
17.343449 0.003299
17.348450 0.003515
17.353451 0.003721
17.358452 0.003567
17.363453 0.003271
17.368454 0.003027
17.373455 0.002802
17.378456 0.002730
17.383457 0.002476
17.388458 0.002237
17.393459 0.002357
17.398460 0.002342
17.403461 0.002429
17.408462 0.002328
17.413463 0.001979
17.418464 0.001481
17.423465 0.000538
17.428466 -0.000237
17.433467 -0.000859
17.438468 -0.001443
17.443469 -0.001902
17.448470 -0.002089
17.453471 -0.002046
17.458472 -0.002031
17.463473 -0.001988
17.468474 -0.001826
17.473475 -0.001572
17.478476 -0.001625
17.483477 -0.001902
17.488478 -0.002323
17.493479 -0.002792
17.498480 -0.003386
17.503481 -0.004175
17.508482 -0.004587
17.513483 -0.004807
17.518484 -0.004826
17.523485 -0.004702
17.528486 -0.004386
17.533487 -0.003682
17.538488 -0.003070
17.543489 -0.002271
17.548490 -0.001438
17.553491 -0.000739
17.558492 -0.000175
17.563493 0.000122
17.568494 0.000558
17.573495 0.001012
17.578496 0.001271
17.583497 0.001309
17.588498 0.001285
17.593499 0.001295
17.598500 0.001290
17.603501 0.001275
17.608502 0.001333
17.613503 0.001663
17.618504 0.001984
17.623505 0.002170
17.628506 0.002500
17.633507 0.002855
17.638508 0.002926
17.643509 0.002812
17.648510 0.002692
17.653511 0.002654
17.658512 0.002524
17.663513 0.002185
17.668514 0.001850
17.673515 0.001615
17.678516 0.001156
17.683517 0.000548
17.688518 0.000251
17.693519 0.000113
17.698520 0.000003
17.703521 -0.000222
17.708522 -0.000395
17.713523 -0.000112
17.718524 0.000060
17.723525 0.000094
17.728526 0.000208
17.733527 0.000314
17.738528 0.000400
17.743529 0.000247
17.748530 0.000050
17.753531 -0.000170
17.758532 -0.000462
17.763533 -0.000706
17.768534 -0.000849
17.773535 -0.000744
17.778536 -0.000691
17.783537 -0.000873
17.788538 -0.001021
17.793539 -0.001074
17.798540 -0.000969
17.803541 -0.000969
17.808542 -0.000997
17.813543 -0.000634
17.818544 -0.000428
17.823545 -0.000361
17.828546 -0.000217
17.833547 0.000113
17.838548 0.000510
17.843549 0.000500
17.848550 0.000553
17.853551 0.000831
17.858552 0.001027
17.863553 0.001060
17.868554 0.001256
17.873555 0.001673
17.878556 0.001926
17.883557 0.001836
17.888558 0.001572
17.893559 0.001247
17.898560 0.000768
17.903561 0.000089
17.908562 -0.000648
17.913563 -0.001294
17.918564 -0.001959
17.923565 -0.002519
17.928566 -0.002744
17.933567 -0.002739
17.938568 -0.002529
17.943569 -0.002136
17.948570 -0.001619
17.953571 -0.001021
17.958572 -0.000442
17.963573 0.000242
17.968574 0.000840
17.973575 0.001271
17.978576 0.001682
17.983577 0.001759
17.988578 0.001754
17.993579 0.001783
17.998580 0.001577
18.003581 0.001151
18.008582 0.000725
18.013583 0.000529
18.018584 0.000151
18.023585 -0.000318
18.028586 -0.000485
18.033587 -0.000653
18.038588 -0.000916
18.043589 -0.001093
18.048590 -0.001055
18.053591 -0.000854
18.058592 -0.000720
18.063593 -0.000686
18.068594 -0.000500
18.073595 -0.000203
18.078596 0.000170
18.083597 0.000505
18.088598 0.000836
18.093599 0.001386
18.098600 0.001640
18.103601 0.001683
18.108602 0.001726
18.113603 0.001549
18.118604 0.001352
18.123605 0.001166
18.128606 0.001065
18.133607 0.000955
18.138608 0.000520
18.143609 0.000036
18.148610 -0.000212
18.153611 -0.000566
18.158611 -0.001141
18.163612 -0.001562
18.168613 -0.001796
18.173614 -0.002002
18.178615 -0.002141
18.183616 -0.002213
18.188617 -0.002117
18.193618 -0.001878
18.198619 -0.001571
18.203620 -0.001366
18.208621 -0.001059
18.213622 -0.000375
18.218623 0.000151
18.223624 0.000592
18.228625 0.001166
18.233626 0.001798
18.238627 0.002410
18.243628 0.002592
18.248629 0.002817
18.253630 0.003008
18.258631 0.002779
18.263632 0.002468
18.268633 0.002042
18.273634 0.001812
18.278635 0.001558
18.283636 0.001147
18.288637 0.000793
18.293638 0.000443
18.298639 0.000151
18.303640 -0.000437
18.308641 -0.000863
18.313642 -0.000853
18.318643 -0.001011
18.323644 -0.001332
18.328645 -0.001433
18.333646 -0.001327
18.338647 -0.001495
18.343648 -0.001988
18.348649 -0.002442
18.353650 -0.002873
18.358651 -0.003347
18.363652 -0.003897
18.368653 -0.004447
18.373654 -0.004897
18.378655 -0.005438
18.383656 -0.005801
18.388657 -0.006031
18.393658 -0.006108
18.398659 -0.005873
18.403660 -0.005730
18.408661 -0.005251
18.413662 -0.004304
18.418663 -0.003437
18.423664 -0.002562
18.428665 -0.001562
18.433666 -0.000566
18.438667 0.000324
18.443668 0.001099
18.448669 0.001913
18.453670 0.002621
18.458671 0.003085
18.463672 0.003458
18.468673 0.003755
18.473674 0.004176
18.478675 0.004487
18.483676 0.004506
18.488677 0.004607
18.493678 0.004832
18.498679 0.004746
18.503680 0.004391
18.508681 0.004281
18.513682 0.003966
18.518683 0.003559
18.523684 0.003229
18.528685 0.002851
18.533686 0.002808
18.538687 0.002602
18.543688 0.002257
18.548689 0.001994
18.553690 0.001606
18.558691 0.001319
18.563692 0.001037
18.568693 0.000779
18.573694 0.000616
18.578695 0.000343
18.583696 0.000027
18.588697 -0.000078
18.593698 -0.000059
18.598699 -0.000078
18.603700 -0.000255
18.608701 -0.000523
18.613702 -0.000480
18.618703 -0.000418
18.623704 -0.000624
18.628705 -0.000758
18.633706 -0.000762
18.638707 -0.000724
18.643708 -0.000686
18.648709 -0.000691
18.653710 -0.000561
18.658711 -0.000456
18.663712 -0.000700
18.668713 -0.001021
18.673714 -0.001183
18.678715 -0.001236
18.683716 -0.001437
18.688717 -0.001686
18.693718 -0.001671
18.698719 -0.001581
18.703720 -0.001547
18.708721 -0.001461
18.713722 -0.001222
18.718723 -0.000930
18.723724 -0.000719
18.728725 -0.000470
18.733726 -0.000059
18.738727 0.000305
18.743728 0.000463
18.748729 0.000578
18.753730 0.000755
18.758731 0.000731
18.763732 0.000626
18.768733 0.000688
18.773734 0.000803
18.778735 0.000841
18.783736 0.000774
18.788737 0.000879
18.793738 0.001114
18.798739 0.001324
18.803740 0.001367
18.808741 0.001372
18.813742 0.001516
18.818743 0.001406
18.823744 0.001147
18.828745 0.000870
18.833746 0.000578
18.838747 0.000209
18.843748 -0.000370
18.848749 -0.000925
18.853750 -0.001250
18.858751 -0.001714
18.863752 -0.002284
18.868753 -0.002633
18.873754 -0.002959
18.878755 -0.003222
18.883756 -0.003418
18.888757 -0.003246
18.893758 -0.002978
18.898759 -0.002738
18.903760 -0.002313
18.908761 -0.001968
18.913762 -0.001317
18.918763 -0.000652
18.923764 -0.000264
18.928765 0.000118
18.933766 0.000568
18.938767 0.000980
18.943768 0.001071
18.948769 0.001128
18.953770 0.001358
18.958771 0.001492
18.963772 0.001525
18.968773 0.001688
18.973774 0.002076
18.978775 0.002420
18.983776 0.002545
18.988777 0.002832
18.993778 0.003196
18.998779 0.003425
19.003780 0.003535
19.008781 0.003602
19.013782 0.003851
19.018783 0.003779
19.023784 0.003377
19.028785 0.002918
19.033786 0.002463
19.038787 0.002028
19.043788 0.001415
19.048789 0.000798
19.053790 0.000296
19.058791 -0.000092
19.063792 -0.000523
19.068793 -0.000776
19.073794 -0.000776
19.078795 -0.000972
19.083796 -0.001250
19.088796 -0.001389
19.093797 -0.001389
19.098798 -0.001480
19.103799 -0.001528
19.108800 -0.001279
19.113801 -0.000944
19.118802 -0.000748
19.123803 -0.000628
19.128804 -0.000384
19.133805 -0.000111
19.138806 0.000028
19.143807 -0.000001
19.148808 0.000023
19.153809 0.000047
19.158810 -0.000154
19.163811 -0.000628
19.168812 -0.001130
19.173813 -0.001427
19.178814 -0.001929
19.183815 -0.002566
19.188816 -0.003049
19.193817 -0.003279
19.198818 -0.003456
19.203819 -0.003590
19.208820 -0.003360
19.213821 -0.002963
19.218822 -0.002528
19.223823 -0.002183
19.228824 -0.001776
19.233825 -0.001130
19.238826 -0.000652
19.243827 -0.000302
19.248828 0.000100
19.253829 0.000569
19.258830 0.000942
19.263831 0.000951
19.268832 0.001004
19.273833 0.001033
19.278834 0.000784
19.283835 0.000430
19.288836 -0.000082
19.293837 -0.000398
19.298838 -0.000719
19.303839 -0.001212
19.308840 -0.001499
19.313841 -0.001657
19.318842 -0.001743
19.323843 -0.001810
19.328844 -0.001637
19.333845 -0.001302
19.338846 -0.001044
19.343847 -0.000743
19.348848 -0.000331
19.353849 0.000358
19.358850 0.000889
19.363851 0.001071
19.368852 0.001392
19.373853 0.001794
19.378854 0.002114
19.383855 0.002301
19.388856 0.002435
19.393857 0.002722
19.398858 0.002861
19.403859 0.002957
19.408860 0.003167
19.413861 0.003287
19.418862 0.003301
19.423863 0.003091
19.428864 0.003014
19.433865 0.003110
19.438866 0.003119
19.443867 0.003004
19.448868 0.002928
19.453869 0.002985
19.458870 0.002813
19.463871 0.002464
19.468872 0.001956
19.473873 0.001411
19.478874 0.000899
19.483875 0.000081
19.488876 -0.000723
19.493877 -0.001211
19.498878 -0.001819
19.503879 -0.002527
19.508880 -0.003087
19.513881 -0.003456
19.518882 -0.003695
19.523883 -0.004049
19.528884 -0.004145
19.533885 -0.003996
19.538886 -0.004020
19.543887 -0.003973
19.548888 -0.003762
19.553889 -0.003489
19.558890 -0.003135
19.563891 -0.002752
19.568892 -0.002302
19.573893 -0.001570
19.578894 -0.000843
19.583895 -0.000293
19.588896 0.000483
19.593897 0.001311
19.598898 0.002019
19.603899 0.002622
19.608900 0.003009
19.613901 0.003306
19.618902 0.003454
19.623903 0.003421
19.628904 0.003225
19.633905 0.002976
19.638906 0.002718
19.643907 0.002196
19.648908 0.001789
19.653909 0.001440
19.658910 0.000947
19.663911 0.000641
19.668912 0.000377
19.673913 0.000306
19.678914 0.000210
19.683915 0.000076
19.688916 0.000186
19.693917 0.000406
19.698918 0.000626
19.703919 0.000545
19.708920 0.000516
19.713921 0.000722
19.718922 0.000717
19.723923 0.000569
19.728924 0.000679
19.733925 0.000937
19.738926 0.000923
19.743927 0.000799
19.748928 0.000665
19.753929 0.000440
19.758930 0.000033
19.763931 -0.000599
19.768932 -0.001249
19.773933 -0.002073
19.778934 -0.003010
19.783935 -0.003829
19.788936 -0.004542
19.793937 -0.005087
19.798938 -0.005451
19.803939 -0.005800
19.808940 -0.005968
19.813941 -0.005805
19.818942 -0.005695
19.823943 -0.005470
19.828944 -0.004977
19.833945 -0.004245
19.838946 -0.003575
19.843947 -0.003202
19.848948 -0.002656
19.853949 -0.002211
19.858950 -0.001785
19.863951 -0.001388
19.868952 -0.001015
19.873953 -0.000307
19.878954 0.000186
19.883955 0.000574
19.888956 0.001258
19.893957 0.001957
19.898958 0.002574
19.903959 0.003053
19.908960 0.003565
19.913961 0.004225
19.918962 0.004646
19.923963 0.004976
19.928964 0.005378
19.933965 0.005632
19.938966 0.005661
19.943967 0.005498
19.948968 0.005326
19.953969 0.005278
19.958970 0.004986
19.963971 0.004359
19.968972 0.003732
19.973973 0.003029
19.978974 0.002177
19.983975 0.001239
19.988976 0.000454
19.993977 -0.000058
19.998978 -0.000555
20.003979 -0.001010
20.008980 -0.001259
20.013981 -0.001244
20.018981 -0.001158
20.023982 -0.001134
20.028983 -0.001039
20.033984 -0.000957
20.038985 -0.001005
20.043986 -0.000996
20.048987 -0.000986
20.053988 -0.000996
20.058989 -0.000890
20.063990 -0.000924
20.068991 -0.000948
20.073992 -0.000948
20.078993 -0.001149
20.083994 -0.001273
20.088995 -0.001465
20.093996 -0.001594
20.098997 -0.001603
20.103998 -0.001632
20.108999 -0.001527
20.114000 -0.001374
20.119001 -0.001173
20.124002 -0.001302
20.129003 -0.001484
20.134004 -0.001469
20.139005 -0.001436
20.144006 -0.001598
20.149007 -0.001780
20.154008 -0.001474
20.159009 -0.001340
20.164010 -0.001321
20.169011 -0.000919
20.174012 -0.000354
20.179013 0.000220
20.184014 0.000756
20.189015 0.001249
20.194016 0.001727
20.199017 0.001904
20.204018 0.001775
20.209019 0.001699
20.214020 0.001479
20.219021 0.001139
20.224022 0.000713
20.229023 0.000239
20.234024 -0.000081
20.239025 -0.000340
20.244026 -0.000656
20.249027 -0.000900
20.254028 -0.001043
20.259029 -0.001192
20.264030 -0.001311
20.269031 -0.001364
20.274032 -0.001187
20.279033 -0.001072
20.284034 -0.001048
20.289035 -0.000780
20.294036 -0.000378
20.299037 -0.000105
20.304038 0.000038
20.309039 0.000354
20.314040 0.000770
20.319041 0.001134
20.324042 0.001450
20.329043 0.001684
20.334044 0.001952
20.339045 0.002115
20.344046 0.001957
20.349047 0.001852
20.354048 0.001747
20.359049 0.001479
20.364050 0.000866
20.369051 0.000153
20.374052 -0.000244
20.379053 -0.000775
20.384054 -0.001455
20.389055 -0.002043
20.394056 -0.002263
20.399057 -0.002326
20.404058 -0.002316
20.409059 -0.001991
20.414060 -0.001503
20.419061 -0.000866
20.424062 -0.000277
20.429063 0.000144
20.434064 0.000574
20.439065 0.001072
20.444066 0.001340
20.449067 0.001555
20.454068 0.001847
20.459069 0.001967
20.464070 0.001847
20.469071 0.001641
20.474072 0.001632
20.479073 0.001383
20.484074 0.001043
20.489075 0.000967
20.494076 0.000833
20.499077 0.000737
20.504078 0.000680
20.509079 0.000723
20.514080 0.000881
20.519081 0.000895
20.524082 0.000766
20.529083 0.000627
20.534084 0.000574
20.539085 0.000598
20.544086 0.000498
20.549087 0.000306
20.554088 0.000369
20.559089 0.000359
20.564090 0.000153
20.569091 0.000177
20.574092 0.000168
20.579093 -0.000072
20.584094 -0.000474
20.589095 -0.001005
20.594096 -0.001579
20.599097 -0.002096
20.604098 -0.002546
20.609099 -0.003129
20.614100 -0.003421
20.619101 -0.003440
20.624102 -0.003484
20.629103 -0.003306
20.634104 -0.002876
20.639105 -0.002502
20.644106 -0.002306
20.649107 -0.001933
20.654108 -0.001392
20.659109 -0.000947
20.664110 -0.000684
20.669111 -0.000234
20.674112 0.000192
20.679113 0.000402
20.684114 0.000589
20.689115 0.000503
20.694116 0.000426
20.699117 0.000197
20.704118 -0.000172
20.709119 -0.000426
20.714120 -0.000694
20.719121 -0.000899
20.724122 -0.001167
20.729123 -0.001201
20.734124 -0.001019
20.739125 -0.000928
20.744126 -0.000971
20.749127 -0.001019
20.754128 -0.000866
20.759129 -0.000832
20.764130 -0.000837
20.769131 -0.000799
20.774132 -0.000684
20.779133 -0.000521
20.784134 -0.000435
20.789135 -0.000076
20.794136 0.000393
20.799137 0.000761
20.804138 0.001029
20.809139 0.001297
20.814140 0.001608
20.819141 0.001776
20.824142 0.001991
20.829143 0.002058
20.834144 0.002111
20.839145 0.002254
20.844146 0.002015
20.849147 0.002058
20.854148 0.002221
20.859149 0.002149
20.864150 0.002049
20.869151 0.002025
20.874152 0.002116
20.879153 0.001781
20.884154 0.001513
20.889155 0.001398
20.894156 0.001364
20.899157 0.001403
20.904158 0.001278
20.909159 0.001379
20.914160 0.001484
20.919161 0.001623
20.924162 0.001613
20.929163 0.001680
20.934164 0.001919
20.939165 0.001762
20.944166 0.001479
20.949167 0.001058
20.954167 0.000905
20.959168 0.000737
20.964169 0.000077
20.969170 -0.000248
20.974171 -0.000602
20.979172 -0.001339
20.984173 -0.002000
20.989174 -0.002550
20.994175 -0.002971
20.999176 -0.003507
21.004177 -0.004211
21.009178 -0.004727
21.014179 -0.005000
21.019180 -0.005148
21.024181 -0.005287
21.029182 -0.005393
21.034183 -0.005330
21.039184 -0.005163
21.044185 -0.005014
21.049186 -0.004857
21.054187 -0.004435
21.059188 -0.003976
21.064189 -0.003584
21.069190 -0.002928
21.074191 -0.002134
21.079192 -0.001267
21.084193 -0.000540
21.089194 0.000245
21.094195 0.001029
21.099196 0.001570
21.104197 0.002221
21.109198 0.002848
21.114199 0.003437
21.119200 0.003891
21.124201 0.004092
21.129202 0.004264
21.134203 0.004499
21.139204 0.004566
21.144205 0.004298
21.149206 0.003987
21.154207 0.003642
21.159208 0.003173
21.164209 0.002757
21.169210 0.002312
21.174211 0.001896
21.179212 0.001723
21.184213 0.001384
21.189214 0.001120
21.194215 0.001226
21.199216 0.001073
21.204217 0.000872
21.209218 0.000910
21.214219 0.001020
21.219220 0.001164
21.224221 0.001231
21.229222 0.001355
21.234223 0.001460
21.239224 0.001307
21.244225 0.001082
21.249226 0.000757
21.254227 0.000264
21.259228 -0.000253
21.264229 -0.000975
21.269230 -0.001598
21.274231 -0.002014
21.279232 -0.002526
21.284233 -0.002799
21.289234 -0.002870
21.294235 -0.002784
21.299236 -0.002483
21.304237 -0.002258
21.309238 -0.001995
21.314239 -0.001459
21.319240 -0.001028
21.324241 -0.000693
21.329242 -0.000282
21.334243 -0.000033
21.339244 0.000202
21.344245 0.000427
21.349246 0.000475
21.354247 0.000556
21.359248 0.000633
21.364249 0.000455
21.369250 0.000202
21.374251 0.000063
21.379252 -0.000095
21.384253 -0.000377
21.389254 -0.000530
21.394255 -0.000693
21.399256 -0.000865
21.404257 -0.001028
21.409258 -0.001306
21.414259 -0.001320
21.419260 -0.001329
21.424261 -0.001463
21.429262 -0.001483
21.434263 -0.001320
21.439264 -0.001243
21.444265 -0.001262
21.449266 -0.001148
21.454267 -0.001028
21.459268 -0.000703
21.464269 -0.000502
21.469270 -0.000444
21.474271 -0.000047
21.479272 0.000350
21.484273 0.000451
21.489274 0.000671
21.494275 0.000963
21.499276 0.001121
21.504277 0.001303
21.509278 0.001216
21.514279 0.001193
21.519280 0.001221
21.524281 0.001035
21.529282 0.000810
21.534283 0.000585
21.539284 0.000427
21.544285 0.000154
21.549286 -0.000009
21.554287 -0.000061
21.559288 -0.000157
21.564289 -0.000157
21.569290 0.000025
21.574291 0.000384
21.579292 0.000647
21.584293 0.000925
21.589294 0.001188
21.594295 0.001532
21.599296 0.002035
21.604297 0.002279
21.609298 0.002604
21.614299 0.003049
21.619300 0.003384
21.624301 0.003547
21.629302 0.003700
21.634303 0.003939
21.639304 0.003949
21.644305 0.003892
21.649306 0.003676
21.654307 0.003504
21.659308 0.003284
21.664309 0.002690
21.669310 0.002174
21.674311 0.001657
21.679312 0.001073
21.684313 0.000312
21.689314 -0.000386
21.694315 -0.000793
21.699316 -0.001473
21.704317 -0.002214
21.709318 -0.002669
21.714319 -0.003023
21.719320 -0.003329
21.724321 -0.003660
21.729322 -0.003932
21.734323 -0.004119
21.739324 -0.004296
21.744325 -0.004492
21.749326 -0.004497
21.754327 -0.004401
21.759328 -0.004363
21.764329 -0.004248
21.769330 -0.004071
21.774331 -0.003765
21.779332 -0.003660
21.784333 -0.003593
21.789334 -0.003267
21.794335 -0.002956
21.799336 -0.002592
21.804337 -0.002315
21.809338 -0.002033
21.814339 -0.001501
21.819340 -0.000913
21.824341 -0.000496
21.829342 -0.000094
21.834343 0.000317
21.839344 0.000585
21.844345 0.000714
21.849346 0.000805
21.854347 0.001289
21.859348 0.001561
21.864349 0.001379
21.869350 0.001375
21.874351 0.001480
21.879352 0.001609
21.884352 0.001595
21.889353 0.001509
21.894354 0.001647
21.899355 0.001805
21.904356 0.001734
21.909357 0.001714
21.914358 0.001920
21.919359 0.001997
21.924360 0.001858
21.929361 0.001829
21.934362 0.001968
21.939363 0.001992
21.944364 0.001724
21.949365 0.001336
21.954366 0.001183
21.959367 0.000935
21.964368 0.000360
21.969369 0.000040
21.974370 0.000054
21.979371 0.000068
21.984372 -0.000070
21.989373 -0.000027
21.994374 0.000198
21.999375 0.000332
22.004376 0.000437
22.009377 0.000423
22.014378 0.000456
22.019379 0.000384
22.024380 0.000169
22.029381 0.000064
22.034382 0.000021
22.039383 -0.000166
22.044384 -0.000396
22.049385 -0.000271
22.054386 -0.000066
22.059387 0.000107
22.064388 0.000293
22.069389 0.000490
22.074390 0.000748
22.079391 0.001011
22.084392 0.001212
22.089393 0.001150
22.094394 0.001207
22.099395 0.001250
22.104396 0.001083
22.109397 0.000920
22.114398 0.000681
22.119399 0.000542
22.124400 0.000217
22.129401 -0.000276
22.134402 -0.000458
22.139403 -0.000573
22.144404 -0.000860
22.149405 -0.000960
22.154406 -0.000917
22.159407 -0.000932
22.164408 -0.000908
22.169409 -0.000903
22.174410 -0.000688
22.179411 -0.000592
22.184412 -0.000826
22.189413 -0.000893
22.194414 -0.000793
22.199415 -0.000711
22.204416 -0.000735
22.209417 -0.000659
22.214418 -0.000530
22.219419 -0.000472
22.224420 -0.000443
22.229421 -0.000597
22.234422 -0.000702
22.239423 -0.000726
22.244424 -0.000869
22.249425 -0.000831
22.254426 -0.000549
22.259427 -0.000420
22.264428 -0.000386
22.269429 -0.000319
22.274430 -0.000166
22.279431 -0.000089
22.284432 -0.000089
22.289433 0.000059
22.294434 0.000102
22.299435 0.000140
22.304436 0.000035
22.309437 -0.000123
22.314438 -0.000008
22.319439 -0.000037
22.324440 -0.000084
22.329441 0.000059
22.334442 0.000188
22.339443 0.000341
22.344444 0.000404
22.349445 0.000485
22.354446 0.000667
22.359447 0.000566
22.364448 0.000327
22.369449 0.000193
22.374450 0.000150
22.379451 0.000002
22.384452 -0.000285
22.389453 -0.000472
22.394454 -0.000640
22.399455 -0.000592
22.404456 -0.000573
22.409457 -0.000568
22.414458 -0.000185
22.419459 0.000054
22.424460 0.000136
22.429461 0.000466
22.434462 0.000686
22.439463 0.000729
22.444464 0.000677
22.449465 0.000562
22.454466 0.000504
22.459467 0.000241
22.464468 -0.000127
22.469469 -0.000467
22.474470 -0.000649
22.479471 -0.000735
22.484472 -0.000979
22.489473 -0.001032
22.494474 -0.000931
22.499475 -0.000864
22.504476 -0.000706
22.509477 -0.000649
22.514478 -0.000529
22.519479 -0.000237
22.524480 -0.000199
22.529481 -0.000046
22.534482 0.000380
22.539483 0.000590
22.544484 0.000648
22.549485 0.000772
22.554486 0.000887
22.559487 0.001016
22.564488 0.001069
22.569489 0.001059
22.574490 0.001265
22.579491 0.001394
22.584492 0.001366
22.589493 0.001327
22.594494 0.001213
22.599495 0.001241
22.604496 0.001069
22.609497 0.000992
22.614498 0.001103
22.619499 0.001002
22.624500 0.000940
22.629501 0.000634
22.634502 0.000634
22.639503 0.000643
22.644504 0.000217
22.649505 0.000131
22.654506 -0.000046
22.659507 -0.000170
22.664508 -0.000228
22.669509 -0.000400
22.674510 -0.000347
22.679511 -0.000343
22.684512 -0.000424
22.689513 -0.000367
22.694514 -0.000099
22.699515 0.000093
22.704516 0.000088
22.709517 0.000141
22.714518 0.000208
22.719519 0.000203
22.724520 0.000165
22.729521 0.000098
22.734522 0.000155
22.739523 0.000074
22.744524 -0.000347
22.749525 -0.000539
22.754526 -0.000529
22.759527 -0.000792
22.764528 -0.001099
22.769529 -0.001247
22.774530 -0.001362
22.779531 -0.001611
22.784532 -0.001912
22.789533 -0.001903
22.794534 -0.001735
22.799535 -0.001601
22.804536 -0.001429
22.809537 -0.001194
22.814537 -0.000821
22.819538 -0.000572
22.824539 -0.000405
22.829540 -0.000132
22.834541 -0.000089
22.839542 -0.000089
22.844543 -0.000118
22.849544 -0.000223
22.854545 -0.000185
22.859546 -0.000247
22.864547 -0.000395
22.869548 -0.000476
22.874549 -0.000366
22.879550 -0.000185
22.884551 -0.000342
22.889552 -0.000519
22.894553 -0.000524
22.899554 -0.000476
22.904555 -0.000529
22.909556 -0.000591
22.914557 -0.000309
22.919558 -0.000060
22.924559 -0.000027
22.929560 0.000069
22.934561 0.000289
22.939562 0.000323
22.944563 0.000313
22.949564 0.000610
22.954565 0.000859
22.959566 0.001127
22.964567 0.001347
22.969568 0.001414
22.974569 0.001658
22.979570 0.001921
22.984571 0.001969
22.989572 0.001964
22.994573 0.002007
22.999574 0.002151
23.004575 0.002065
23.009576 0.001792
23.014577 0.001864
23.019578 0.001825
23.024579 0.001529
23.029580 0.001380
23.034581 0.001380
23.039582 0.001270
23.044583 0.000940
23.049584 0.000806
23.054585 0.000677
23.059586 0.000409
23.064587 0.000222
23.069588 0.000194
23.074589 0.000222
23.079590 0.000237
23.084591 0.000208
23.089592 0.000021
23.094593 0.000098
23.099594 0.000151
23.104595 -0.000060
23.109596 -0.000026
23.114597 0.000088
23.119598 -0.000007
23.124599 -0.000247
23.129600 -0.000404
23.134601 -0.000591
23.139602 -0.000715
23.144603 -0.000859
23.149604 -0.001026
23.154605 -0.001026
23.159606 -0.001113
23.164607 -0.001347
23.169608 -0.001586
23.174609 -0.001586
23.179610 -0.001696
23.184611 -0.002031
23.189612 -0.002180
23.194613 -0.002266
23.199614 -0.002357
23.204615 -0.002539
23.209616 -0.002510
23.214617 -0.002223
23.219618 -0.002051
23.224619 -0.001921
23.229620 -0.001864
23.234621 -0.001567
23.239622 -0.001299
23.244623 -0.001194
23.249624 -0.000926
23.254625 -0.000801
23.259626 -0.000500
23.264627 -0.000213
23.269628 -0.000074
23.274629 0.000127
23.279630 0.000189
23.284631 0.000266
23.289632 0.000290
23.294633 0.000457
23.299634 0.000529
23.304635 0.000357
23.309636 0.000605
23.314637 0.000739
23.319638 0.000543
23.324639 0.000376
23.329640 0.000175
23.334641 0.000074
23.339642 -0.000189
23.344643 -0.000620
23.349644 -0.000782
23.354645 -0.000811
23.359646 -0.000911
23.364647 -0.000978
23.369648 -0.001089
23.374649 -0.000993
23.379650 -0.000691
23.384651 -0.000629
23.389652 -0.000447
23.394653 -0.000088
23.399654 0.000275
23.404655 0.000558
23.409656 0.000792
23.414657 0.001271
23.419658 0.001591
23.424659 0.001639
23.429660 0.001764
23.434661 0.001902
23.439662 0.001888
23.444663 0.001730
23.449664 0.001673
23.454665 0.001869
23.459666 0.002027
23.464667 0.001974
23.469668 0.002051
23.474669 0.002194
23.479670 0.002170
23.484671 0.001979
23.489672 0.001721
23.494673 0.001558
23.499674 0.001304
23.504675 0.000878
23.509676 0.000582
23.514677 0.000524
23.519678 0.000405
23.524679 0.000170
23.529680 0.000094
23.534681 0.000161
23.539682 0.000141
23.544683 0.000089
23.549684 0.000118
23.554685 0.000122
23.559686 0.000156
23.564687 0.000041
23.569688 -0.000165
23.574689 -0.000150
23.579690 -0.000241
23.584691 -0.000576
23.589692 -0.000773
23.594693 -0.000801
23.599694 -0.001012
23.604695 -0.001261
23.609696 -0.001414
23.614697 -0.001438
23.619698 -0.001500
23.624699 -0.001572
23.629700 -0.001414
23.634701 -0.001337
23.639702 -0.001218
23.644703 -0.001127
23.649704 -0.001079
23.654705 -0.000796
23.659706 -0.000643
23.664707 -0.000720
23.669708 -0.000576
23.674709 -0.000394
23.679710 -0.000303
23.684711 -0.000203
23.689712 -0.000370
23.694713 -0.000380
23.699714 -0.000509
23.704715 -0.000753
23.709716 -0.000653
23.714717 -0.000610
23.719718 -0.000447
23.724719 -0.000442
23.729720 -0.000447
23.734721 -0.000208
23.739722 -0.000050
23.744722 0.000075
23.749723 0.000180
23.754724 0.000371
23.759725 0.000524
23.764726 0.000587
23.769727 0.000601
23.774728 0.000692
23.779729 0.000721
23.784730 0.000587
23.789731 0.000515
23.794732 0.000529
23.799733 0.000711
23.804734 0.000663
23.809735 0.000596
23.814736 0.000807
23.819737 0.001017
23.824738 0.001127
23.829739 0.001290
23.834740 0.001668
23.839741 0.001831
23.844742 0.001908
23.849743 0.002085
23.854744 0.002314
23.859745 0.002635
23.864746 0.002644
23.869747 0.002568
23.874748 0.002678
23.879749 0.002544
23.884750 0.002161
23.889751 0.001702
23.894752 0.001204
23.899753 0.000702
23.904754 0.000089
23.909755 -0.000586
23.914756 -0.001002
23.919757 -0.001447
23.924758 -0.002184
23.929759 -0.002734
23.934760 -0.003117
23.939761 -0.003352
23.944762 -0.003505
23.949763 -0.003830
23.954764 -0.003916
23.959765 -0.003816
23.964766 -0.003801
23.969767 -0.003677
23.974768 -0.003418
23.979769 -0.003079
23.984770 -0.002772
23.989771 -0.002581
23.994772 -0.002131
23.999773 -0.001605
24.004774 -0.001356
24.009775 -0.001107
24.014776 -0.000720
24.019777 -0.000241
24.024778 0.000084
24.029779 0.000199
24.034780 0.000525
24.039781 0.000903
24.044782 0.000994
24.049783 0.001032
24.054784 0.001113
24.059785 0.001171
24.064786 0.001061
24.069787 0.000836
24.074788 0.000841
24.079789 0.000807
24.084790 0.000558
24.089791 0.000372
24.094792 0.000309
24.099793 0.000348
24.104794 0.000171
24.109795 0.000214
24.114796 0.000486
24.119797 0.000597
24.124798 0.000927
24.129799 0.001003
24.134800 0.001200
24.139801 0.001616
24.144802 0.001735
24.149803 0.002051
24.154804 0.002338
24.159805 0.002563
24.164806 0.002673
24.169807 0.002611
24.174808 0.002750
24.179809 0.002812
24.184810 0.002616
24.189811 0.002348
24.194812 0.002219
24.199813 0.002099
24.204814 0.001826
24.209815 0.001769
24.214816 0.001582
24.219817 0.001257
24.224818 0.001113
24.229819 0.000774
24.234820 0.000630
24.239821 0.000534
24.244822 0.000276
24.249823 -0.000025
24.254824 -0.000289
24.259825 -0.000303
24.264826 -0.000571
24.269827 -0.000829
24.274828 -0.000863
24.279829 -0.001035
24.284830 -0.001313
24.289831 -0.001585
24.294832 -0.001739
24.299833 -0.001968
24.304834 -0.002236
24.309835 -0.002452
24.314836 -0.002581
24.319837 -0.002600
24.324838 -0.002724
24.329839 -0.002806
24.334840 -0.002667
24.339841 -0.002538
24.344842 -0.002380
24.349843 -0.002126
24.354844 -0.001786
24.359845 -0.001365
24.364846 -0.001193
24.369847 -0.001069
24.374848 -0.000858
24.379849 -0.000614
24.384850 -0.000552
24.389851 -0.000633
24.394852 -0.000351
24.399853 -0.000178
24.404854 -0.000241
24.409855 -0.000399
24.414856 -0.000279
24.419857 -0.000044
24.424858 -0.000260
24.429859 -0.000178
24.434860 0.000037
24.439861 0.000219
24.444862 0.000214
24.449863 0.000066
24.454864 0.000434
24.459865 0.000669
24.464866 0.000640
24.469867 0.000688
24.474868 0.000750
24.479869 0.000731
24.484870 0.000568
24.489871 0.000415
24.494872 0.000477
24.499873 0.000511
24.504874 0.000405
24.509875 0.000391
24.514876 0.000367
24.519877 0.000487
24.524878 0.000453
24.529879 0.000305
24.534880 0.000425
24.539881 0.000563
24.544882 0.000578
24.549883 0.000544
24.554884 0.000721
24.559885 0.000908
24.564886 0.000913
24.569887 0.000874
24.574888 0.000989
24.579889 0.001262
24.584890 0.001243
24.589891 0.001300
24.594892 0.001669
24.599893 0.001870
24.604894 0.001990
24.609895 0.002157
24.614896 0.002401
24.619897 0.002616
24.624898 0.002583
24.629899 0.002549
24.634900 0.002573
24.639901 0.002549
24.644902 0.002358
24.649903 0.002028
24.654904 0.001832
24.659905 0.001573
24.664906 0.001171
24.669907 0.000654
24.674907 0.000214
24.679908 0.000013
24.684909 -0.000336
24.689910 -0.000580
24.694911 -0.000709
24.699912 -0.000843
24.704913 -0.000891
24.709914 -0.000987
24.714915 -0.000977
24.719916 -0.000987
24.724917 -0.000968
24.729918 -0.001011
24.734919 -0.001121
24.739920 -0.001145
24.744921 -0.001255
24.749922 -0.001241
24.754923 -0.001217
24.759924 -0.001212
24.764925 -0.001269
24.769926 -0.001284
24.774927 -0.001212
24.779928 -0.001303
24.784929 -0.001374
24.789930 -0.001408
24.794931 -0.001394
24.799932 -0.001470
24.804933 -0.001619
24.809934 -0.001762
24.814935 -0.001863
24.819936 -0.001992
24.824937 -0.002131
24.829938 -0.002126
24.834939 -0.002020
24.839940 -0.001896
24.844941 -0.002020
24.849942 -0.001824
24.854943 -0.001470
24.859944 -0.001279
24.864945 -0.001059
24.869946 -0.000929
24.874947 -0.000604
24.879948 -0.000403
24.884949 -0.000245
24.889950 -0.000073
24.894951 0.000195
24.899952 0.000525
24.904953 0.000391
24.909954 0.000521
24.914955 0.000650
24.919956 0.000640
24.924957 0.000736
24.929958 0.000569
24.934959 0.000722
24.939960 0.000707
24.944961 0.000540
24.949962 0.000545
24.954963 0.000305
24.959964 0.000296
24.964965 0.000210
24.969966 -0.000006
24.974967 0.000057
24.979968 0.000061
24.984969 -0.000116
24.989970 -0.000245
24.994971 -0.000058
24.999972 0.000013
25.004973 -0.000101
25.009974 0.000004
25.014975 0.000028
25.019976 0.000033
25.024977 0.000124
25.029978 0.000095
25.034979 0.000143
25.039980 0.000392
25.044981 0.000449
25.049982 0.000396
25.054983 0.000660
25.059984 0.000755
25.064985 0.000636
25.069986 0.000674
25.074987 0.000794
25.079988 0.001076
25.084989 0.001138
25.089990 0.001176
25.094991 0.001626
25.099992 0.001889
25.104993 0.001952
25.109994 0.002100
25.114995 0.002320
25.119996 0.002593
25.124997 0.002588
25.129998 0.002583
25.134999 0.002837
25.140000 0.002847
