0.000000 0.000000
0.005001 0.001810
0.010003 0.000795
0.015004 -0.000210
0.020006 -0.000645
0.025007 -0.000506
0.030009 -0.000103
0.035010 0.000350
0.040012 0.000735
0.045013 0.000873
0.050015 0.000661
0.055016 0.000271
0.060018 -0.000019
0.065019 -0.000115
0.070021 -0.000108
0.075022 -0.000074
0.080024 -0.000018
0.085025 0.000070
0.090027 0.000227
0.095028 0.000474
0.100030 0.000676
0.105031 0.000603
0.110033 0.000254
0.115034 -0.000043
0.120036 -0.000019
0.125037 0.000224
0.130039 0.000407
0.135040 0.000429
0.140042 0.000370
0.145043 0.000324
0.150045 0.000378
0.155046 0.000611
0.160048 0.000918
0.165049 0.000987
0.170051 0.000648
0.175052 0.000145
0.180054 -0.000120
0.185055 -0.000014
0.190057 0.000274
0.195058 0.000491
0.200060 0.000478
0.205061 0.000215
0.210063 -0.000090
0.215064 -0.000117
0.220066 0.000188
0.225067 0.000501
0.230069 0.000530
0.235070 0.000368
0.240072 0.000257
0.245073 0.000207
0.250075 0.000067
0.255076 -0.000173
0.260078 -0.000372
0.265079 -0.000440
0.270081 -0.000375
0.275082 -0.000215
0.280084 -0.000087
0.285085 -0.000165
0.290087 -0.000413
0.295088 -0.000520
0.300090 -0.000257
0.305091 0.000233
0.310093 0.000614
0.315094 0.000661
0.320096 0.000359
0.325097 -0.000106
0.330099 -0.000356
0.335100 -0.000085
0.340102 0.000566
0.345103 0.001090
0.350105 0.001178
0.355106 0.000992
0.360108 0.000809
0.365109 0.000651
0.370111 0.000440
0.375112 0.000268
0.380114 0.000271
0.385115 0.000404
0.390117 0.000536
0.395118 0.000638
0.400120 0.000695
0.405121 0.000599
0.410123 0.000319
0.415124 0.000051
0.420126 0.000005
0.425127 0.000182
0.430129 0.000467
0.435130 0.000781
0.440132 0.001016
0.445133 0.001037
0.450135 0.000889
0.455136 0.000829
0.460138 0.000978
0.465139 0.001114
0.470141 0.000979
0.475142 0.000646
0.480144 0.000377
0.485145 0.000269
0.490147 0.000256
0.495148 0.000311
0.500150 0.000445
0.505151 0.000575
0.510153 0.000607
0.515154 0.000576
0.520156 0.000566
0.525157 0.000560
0.530159 0.000520
0.535160 0.000477
0.540162 0.000441
0.545163 0.000338
0.550165 0.000189
0.555166 0.000166
0.560168 0.000362
0.565169 0.000642
0.570171 0.000840
0.575172 0.000948
0.580174 0.000998
0.585175 0.000945
0.590177 0.000812
0.595178 0.000761
0.600180 0.000846
0.605181 0.000876
0.610183 0.000694
0.615184 0.000402
0.620186 0.000171
0.625187 0.000016
0.630189 -0.000071
0.635190 0.000016
0.640192 0.000314
0.645193 0.000611
0.650195 0.000664
0.655196 0.000489
0.660198 0.000263
0.665199 0.000082
0.670201 -0.000027
0.675202 -0.000004
0.680204 0.000138
0.685205 0.000234
0.690207 0.000173
0.695208 0.000052
0.700210 0.000011
0.705211 0.000059
0.710213 0.000188
0.715214 0.000448
0.720216 0.000789
0.725217 0.001008
0.730219 0.001009
0.735220 0.000938
0.740222 0.000919
0.745223 0.000859
0.750225 0.000669
0.755226 0.000506
0.760228 0.000564
0.765229 0.000794
0.770231 0.001011
0.775232 0.001157
0.780234 0.001257
0.785235 0.001265
0.790237 0.001149
0.795238 0.001021
0.800240 0.000989
0.805241 0.000981
0.810243 0.000886
0.815244 0.000759
0.820246 0.000710
0.825247 0.000723
0.830249 0.000741
0.835250 0.000790
0.840252 0.000859
0.845253 0.000797
0.850255 0.000544
0.855256 0.000306
0.860258 0.000306
0.865259 0.000472
0.870261 0.000575
0.875262 0.000559
0.880264 0.000521
0.885265 0.000498
0.890267 0.000487
0.895268 0.000552
0.900270 0.000679
0.905271 0.000693
0.910273 0.000503
0.915274 0.000280
0.920276 0.000212
0.925277 0.000264
0.930279 0.000328
0.935280 0.000417
0.940282 0.000539
0.945283 0.000582
0.950285 0.000500
0.955286 0.000425
0.960288 0.000449
0.965289 0.000486
0.970291 0.000487
0.975292 0.000590
0.980294 0.000861
0.985295 0.001108
0.990296 0.001138
0.995298 0.001006
1.000299 0.000851
1.005301 0.000681
1.010302 0.000510
1.015304 0.000496
1.020305 0.000715
1.025307 0.000970
1.030308 0.001035
1.035310 0.000922
1.040311 0.000757
1.045313 0.000544
1.050314 0.000284
1.055316 0.000160
1.060317 0.000361
1.065319 0.000800
1.070320 0.001188
1.075322 0.001298
1.080323 0.001062
1.085325 0.000554
1.090326 0.000057
1.095328 -0.000074
1.100329 0.000218
1.105331 0.000596
1.110332 0.000746
1.115334 0.000711
1.120335 0.000677
1.125337 0.000681
1.130338 0.000709
1.135340 0.000831
1.140341 0.001031
1.145343 0.001084
1.150344 0.000834
1.155346 0.000468
1.160347 0.000299
1.165349 0.000410
1.170350 0.000638
1.175352 0.000792
1.180353 0.000751
1.185355 0.000492
1.190356 0.000165
1.195358 0.000030
1.200359 0.000168
1.205361 0.000389
1.210362 0.000491
1.215364 0.000478
1.220365 0.000420
1.225367 0.000312
1.230368 0.000208
1.235370 0.000265
1.240371 0.000486
1.245373 0.000609
1.250374 0.000431
1.255376 0.000085
1.260377 -0.000169
1.265379 -0.000264
1.270380 -0.000288
1.275382 -0.000287
1.280383 -0.000283
1.285385 -0.000309
1.290386 -0.000303
1.295388 -0.000124
1.300389 0.000199
1.305391 0.000406
1.310392 0.000341
1.315394 0.000148
1.320395 0.000033
1.325397 0.000008
1.330398 0.000018
1.335400 0.000113
1.340401 0.000318
1.345403 0.000509
1.350404 0.000578
1.355406 0.000588
1.360407 0.000606
1.365409 0.000586
1.370410 0.000580
1.375412 0.000816
1.380413 0.001376
1.385415 0.001958
1.390416 0.002190
1.395418 0.002016
1.400419 0.001628
1.405421 0.001192
1.410422 0.000812
1.415424 0.000560
1.420425 0.000360
1.425427 -0.000005
1.430428 -0.000607
1.435430 -0.001229
1.440431 -0.001660
1.445433 -0.001944
1.450434 -0.002227
1.455436 -0.002497
1.460437 -0.002635
1.465439 -0.002545
1.470440 -0.002133
1.475442 -0.001359
1.480443 -0.000476
1.485445 -0.000019
1.490446 -0.000372
1.495448 -0.001487
1.500449 -0.003101
1.505451 -0.005056
1.510452 -0.007287
1.515454 -0.009745
1.520455 -0.012451
1.525457 -0.015381
1.530458 -0.018106
1.535460 -0.019704
1.540461 -0.019258
1.545463 -0.016399
1.550464 -0.011337
1.555466 -0.004596
1.560467 0.003086
1.565469 0.010815
1.570470 0.017794
1.575472 0.023520
1.580473 0.027657
1.585475 0.029878
1.590476 0.030009
1.595478 0.028157
1.600479 0.024553
1.605481 0.019413
1.610482 0.013177
1.615484 0.006782
1.620485 0.001500
1.625487 -0.001495
1.630488 -0.001398
1.635490 0.002082
1.640491 0.008473
1.645493 0.016444
1.650494 0.024122
1.655496 0.029608
1.660497 0.031308
1.665499 0.028144
1.670500 0.019840
1.675502 0.007159
1.680503 -0.008094
1.685505 -0.023248
1.690506 -0.035198
1.695508 -0.041381
1.700509 -0.040945
1.705511 -0.035050
1.710512 -0.025811
1.715514 -0.014857
1.720515 -0.002780
1.725517 0.010263
1.730518 0.023538
1.735520 0.035034
1.740521 0.041567
1.745523 0.040004
1.750524 0.029109
1.755526 0.010594
1.760527 -0.011531
1.765529 -0.032687
1.770530 -0.049228
1.775532 -0.059145
1.780533 -0.062053
1.785535 -0.058601
1.790536 -0.049673
1.795538 -0.036063
1.800539 -0.018863
1.805541 0.000103
1.810542 0.018409
1.815544 0.033436
1.820545 0.042703
1.825547 0.044387
1.830548 0.038192
1.835550 0.025965
1.840551 0.011369
1.845553 -0.001191
1.850554 -0.007894
1.855556 -0.006849
1.860557 0.000926
1.865559 0.011831
1.870560 0.021631
1.875562 0.027816
1.880563 0.030645
1.885565 0.032257
1.890566 0.034648
1.895568 0.037809
1.900569 0.039176
1.905571 0.034980
1.910572 0.022845
1.915574 0.003803
1.920575 -0.017757
1.925577 -0.036060
1.930578 -0.046558
1.935580 -0.047942
1.940581 -0.042708
1.945583 -0.035791
1.950584 -0.031841
1.955586 -0.032789
1.960587 -0.037045
1.965588 -0.040445
1.970590 -0.038242
1.975591 -0.027440
1.980593 -0.008484
1.985594 0.014892
1.990596 0.037744
1.995597 0.056336
2.000599 0.069067
2.005600 0.075658
2.010602 0.075661
2.015603 0.067504
2.020605 0.048921
2.025606 0.018961
2.030608 -0.019765
2.035609 -0.060769
2.040611 -0.095966
2.045612 -0.118645
2.050614 -0.124928
2.055615 -0.113544
2.060617 -0.085274
2.065618 -0.043042
2.070620 0.007439
2.075621 0.057376
2.080623 0.096256
2.085624 0.115333
2.090626 0.111566
2.095627 0.088952
2.100629 0.055908
2.105630 0.020657
2.110632 -0.011976
2.115633 -0.040578
2.120635 -0.064672
2.125636 -0.081951
2.130638 -0.087480
2.135639 -0.075859
2.140641 -0.045107
2.145642 0.000496
2.150644 0.050720
2.155645 0.092713
2.160647 0.115690
2.165648 0.114968
2.170650 0.093561
2.175651 0.060304
2.180653 0.025432
2.185654 -0.003649
2.190656 -0.024077
2.195657 -0.036612
2.200659 -0.043528
2.205660 -0.046674
2.210662 -0.046500
2.215663 -0.042530
2.220665 -0.034919
2.225666 -0.025701
2.230668 -0.018424
2.235669 -0.016336
2.240671 -0.020341
2.245672 -0.027884
2.250674 -0.033491
2.255675 -0.031274
2.260677 -0.018316
2.265678 0.003363
2.270680 0.027796
2.275681 0.048182
2.280683 0.059889
2.285684 0.061839
2.290686 0.056004
2.295687 0.045451
2.300689 0.032071
2.305690 0.015599
2.310692 -0.005208
2.315693 -0.030206
2.320695 -0.056149
2.325696 -0.076884
2.330698 -0.085646
2.335699 -0.078520
2.340701 -0.057084
2.345702 -0.028154
2.350704 -0.000424
2.355705 0.019811
2.360707 0.031150
2.365708 0.036631
2.370710 0.040906
2.375711 0.046730
2.380713 0.052905
2.385714 0.055231
2.390716 0.049877
2.395717 0.036380
2.400719 0.017953
2.405720 -0.000578
2.410722 -0.015113
2.415723 -0.023498
2.420725 -0.025486
2.425726 -0.021919
2.430728 -0.013875
2.435729 -0.002560
2.440731 0.010107
2.445732 0.021230
2.450734 0.027751
2.455735 0.027722
2.460737 0.021070
2.465738 0.009630
2.470740 -0.003392
2.475741 -0.014616
2.480743 -0.022037
2.485744 -0.025807
2.490746 -0.027472
2.495747 -0.028320
2.500749 -0.028222
2.505750 -0.025648
2.510752 -0.018713
2.515753 -0.006768
2.520755 0.008231
2.525756 0.021728
2.530758 0.028395
2.535759 0.024755
2.540761 0.011007
2.545762 -0.008767
2.550764 -0.027874
2.555765 -0.039346
2.560767 -0.038554
2.565768 -0.024876
2.570770 -0.001706
2.575771 0.024764
2.580773 0.047239
2.585774 0.059290
2.590776 0.057492
2.595777 0.042880
2.600779 0.020623
2.605780 -0.002123
2.610782 -0.019238
2.615783 -0.028186
2.620785 -0.030697
2.625786 -0.030845
2.630788 -0.031558
2.635789 -0.032237
2.640791 -0.029339
2.645792 -0.019246
2.650794 -0.001299
2.655795 0.020724
2.660797 0.039492
2.665798 0.047252
2.670800 0.039717
2.675801 0.018337
2.680803 -0.010322
2.685804 -0.037262
2.690806 -0.054239
2.695807 -0.056476
2.700809 -0.044272
2.705810 -0.022676
2.710812 0.000817
2.715813 0.019243
2.720815 0.028353
2.725816 0.027531
2.730818 0.019613
2.735819 0.009505
2.740821 0.001931
2.745822 -0.000517
2.750824 0.002063
2.755825 0.007679
2.760827 0.013855
2.765828 0.018921
2.770830 0.022568
2.775831 0.025233
2.780833 0.026832
2.785834 0.026134
2.790836 0.021459
2.795837 0.011922
2.800839 -0.001788
2.805840 -0.017277
2.810842 -0.030808
2.815843 -0.038291
2.820845 -0.036748
2.825846 -0.025437
2.830848 -0.006091
2.835849 0.017382
2.840851 0.039484
2.845852 0.054298
2.850854 0.057213
2.855855 0.046393
2.860857 0.023263
2.865858 -0.007862
2.870860 -0.040596
2.875861 -0.067723
2.880863 -0.082833
2.885864 -0.081896
2.890866 -0.064319
2.895867 -0.033415
2.900869 0.003823
2.905870 0.038142
2.910872 0.060687
2.915873 0.065862
2.920875 0.053082
2.925876 0.026763
2.930878 -0.005358
2.935879 -0.035004
2.940881 -0.056069
2.945882 -0.065845
2.950883 -0.064444
2.955885 -0.053520
2.960886 -0.035498
2.965888 -0.013386
2.970889 0.009358
2.975891 0.029092
2.980892 0.042368
2.985894 0.046579
2.990895 0.040820
2.995897 0.026390
3.000898 0.006661
3.005900 -0.013255
3.010901 -0.026935
3.015903 -0.028006
3.020904 -0.012822
3.025906 0.016818
3.030907 0.052893
3.035909 0.083272
3.040910 0.096080
3.045912 0.084688
3.050913 0.050888
3.055915 0.004134
3.060916 -0.042963
3.065918 -0.079920
3.070919 -0.101229
3.075921 -0.105928
3.080922 -0.095337
3.085924 -0.071000
3.090925 -0.034306
3.095927 0.011848
3.100928 0.060774
3.105930 0.101582
3.110931 0.121985
3.115933 0.113144
3.120934 0.073974
3.125936 0.012831
3.130937 -0.054408
3.135939 -0.109587
3.140940 -0.138859
3.145942 -0.137234
3.150943 -0.108713
3.155945 -0.062815
3.160946 -0.010421
3.165948 0.038911
3.170949 0.077873
3.175951 0.101331
3.180952 0.106192
3.185954 0.091869
3.190955 0.060958
3.195957 0.018969
3.200958 -0.027255
3.205960 -0.071146
3.210961 -0.106837
3.215963 -0.128727
3.220964 -0.131559
3.225966 -0.111769
3.230967 -0.069685
3.235969 -0.011307
3.240970 0.051852
3.245972 0.105672
3.250973 0.138010
3.255975 0.142542
3.260976 0.120154
3.265978 0.077972
3.270979 0.026969
3.275981 -0.021194
3.280982 -0.057196
3.285984 -0.075662
3.290985 -0.075003
3.295987 -0.056642
3.300988 -0.024734
3.305990 0.013992
3.310991 0.051279
3.315993 0.079334
3.320994 0.092897
3.325996 0.090461
3.330997 0.074043
3.335999 0.047517
3.341000 0.014567
3.346002 -0.022028
3.351003 -0.059262
3.356005 -0.092442
3.361006 -0.115120
3.366008 -0.120693
3.371009 -0.104802
3.376011 -0.067608
3.381012 -0.015044
3.386014 0.041890
3.391015 0.089887
3.396017 0.117077
3.401018 0.116437
3.406020 0.088141
3.411021 0.040227
3.416023 -0.013416
3.421024 -0.057830
3.426026 -0.082689
3.431027 -0.085942
3.436029 -0.073416
3.441030 -0.054587
3.446032 -0.036735
3.451033 -0.020941
3.456035 -0.002661
3.461036 0.023287
3.466038 0.056830
3.471039 0.090237
3.476041 0.111143
3.481042 0.109341
3.486044 0.083197
3.491045 0.041527
3.496047 -0.000641
3.501048 -0.029894
3.506050 -0.040792
3.511051 -0.037127
3.516053 -0.028250
3.521054 -0.023341
3.526056 -0.026693
3.531057 -0.036139
3.536059 -0.045171
3.541060 -0.047197
3.546062 -0.039015
3.551063 -0.021744
3.556065 0.000252
3.561066 0.020967
3.566068 0.034289
3.571069 0.035620
3.576071 0.023407
3.581072 0.000017
3.586074 -0.028506
3.591075 -0.054139
3.596077 -0.070009
3.601078 -0.073500
3.606080 -0.066951
3.611081 -0.055049
3.616083 -0.041024
3.621084 -0.024909
3.626086 -0.005120
3.631087 0.018180
3.636089 0.040862
3.641090 0.055796
3.646092 0.056726
3.651093 0.042444
3.656095 0.018028
3.661096 -0.007908
3.666098 -0.027908
3.671099 -0.038871
3.676101 -0.041766
3.681102 -0.038528
3.686104 -0.028746
3.691105 -0.008962
3.696107 0.024274
3.701108 0.069520
3.706110 0.117671
3.711111 0.154048
3.716113 0.164442
3.721114 0.141614
3.726116 0.088882
3.731117 0.019070
3.736119 -0.050741
3.741120 -0.105980
3.746122 -0.139165
3.751123 -0.150231
3.756125 -0.143584
3.761126 -0.124497
3.766128 -0.096777
3.771129 -0.062227
3.776131 -0.021600
3.781132 0.023834
3.786134 0.071153
3.791135 0.115562
3.796137 0.150848
3.801138 0.170378
3.806140 0.168882
3.811141 0.144716
3.816143 0.101171
3.821144 0.045644
3.826146 -0.012973
3.831147 -0.067186
3.836149 -0.112588
3.841150 -0.147524
3.846152 -0.170954
3.851153 -0.180156
3.856155 -0.170494
3.861156 -0.138017
3.866158 -0.083267
3.871159 -0.013716
3.876161 0.056887
3.881162 0.112495
3.886164 0.140749
3.891165 0.137991
3.896167 0.110166
3.901168 0.068980
3.906170 0.026006
3.911171 -0.011551
3.916173 -0.041526
3.921174 -0.064350
3.926176 -0.079461
3.931177 -0.083205
3.936178 -0.070107
3.941180 -0.036938
3.946181 0.013274
3.951183 0.070079
3.956184 0.118067
3.961186 0.142010
3.966187 0.132866
3.971189 0.092094
3.976190 0.031673
3.981192 -0.030694
3.986193 -0.078566
3.991195 -0.102115
3.996196 -0.099683
4.001198 -0.075834
4.006199 -0.037718
4.011201 0.007975
4.016202 0.055737
4.021204 0.099782
4.026205 0.132599
4.031207 0.145679
4.036208 0.132631
4.041210 0.092796
4.046211 0.032949
4.051213 -0.034450
4.056214 -0.095966
4.061216 -0.142190
4.066217 -0.169866
4.071219 -0.180210
4.076220 -0.175468
4.081222 -0.156631
4.086223 -0.123640
4.091225 -0.077470
4.096226 -0.022510
4.101228 0.032582
4.106229 0.076811
4.111231 0.100966
4.116232 0.101469
4.121234 0.081582
4.126235 0.049532
4.131237 0.014830
4.136238 -0.015502
4.141240 -0.039051
4.146241 -0.057350
4.151243 -0.073034
4.156244 -0.086961
4.161246 -0.097049
4.166247 -0.098712
4.171249 -0.086050
4.176250 -0.053514
4.181252 0.001770
4.186253 0.077352
4.191255 0.163442
4.196256 0.242829
4.201258 0.294022
4.206259 0.297739
4.211261 0.244512
4.216262 0.139494
4.221264 0.001807
4.226265 -0.141060
4.231267 -0.261064
4.236268 -0.336618
4.241270 -0.356623
4.246271 -0.320551
4.251273 -0.235636
4.256274 -0.113694
4.261276 0.030464
4.266277 0.179275
4.271279 0.312763
4.276280 0.410094
4.281282 0.452818
4.286283 0.429554
4.291285 0.340521
4.296286 0.199155
4.301288 0.029390
4.306289 -0.139919
4.311291 -0.280829
4.316292 -0.371136
4.321294 -0.398136
4.326295 -0.360756
4.331297 -0.269172
4.336298 -0.141922
4.341300 -0.001572
4.346301 0.129749
4.351303 0.233864
4.356304 0.298406
4.361306 0.317153
4.366307 0.289740
4.371309 0.221211
4.376310 0.121234
4.381312 0.003150
4.386313 -0.116526
4.391315 -0.218632
4.396316 -0.283696
4.401318 -0.296883
4.406319 -0.253614
4.411321 -0.162700
4.416322 -0.045131
4.421324 0.071192
4.426325 0.159205
4.431327 0.200451
4.436328 0.189986
4.441330 0.136475
4.446331 0.057649
4.451333 -0.026760
4.456334 -0.101472
4.461336 -0.158513
4.466337 -0.195295
4.471339 -0.210058
4.476340 -0.198951
4.481342 -0.157484
4.486343 -0.085166
4.491345 0.010272
4.496346 0.112083
4.501348 0.198133
4.506349 0.247792
4.511351 0.249096
4.516352 0.202598
4.521354 0.120152
4.526355 0.019987
4.531357 -0.078896
4.536358 -0.160751
4.541360 -0.215043
4.546361 -0.236900
4.551363 -0.226776
4.556364 -0.189529
4.561366 -0.132579
4.566367 -0.063287
4.571369 0.012815
4.576370 0.091082
4.581372 0.164770
4.586373 0.223465
4.591375 0.255623
4.596376 0.254023
4.601378 0.220131
4.606379 0.164208
4.611381 0.100846
4.616382 0.042235
4.621384 -0.007042
4.626385 -0.050226
4.631387 -0.093176
4.636388 -0.137442
4.641390 -0.176771
4.646391 -0.199547
4.651393 -0.195329
4.656394 -0.161138
4.661396 -0.103615
4.666397 -0.036163
4.671399 0.026316
4.676400 0.071380
4.681402 0.090406
4.686403 0.079177
4.691405 0.039453
4.696406 -0.019347
4.701408 -0.080929
4.706409 -0.126733
4.711411 -0.143018
4.716412 -0.127012
4.721414 -0.088208
4.726415 -0.043091
4.731417 -0.005881
4.736418 0.018747
4.741420 0.036101
4.746421 0.055112
4.751423 0.079745
4.756424 0.104111
4.761426 0.115080
4.766427 0.101471
4.771429 0.063785
4.776430 0.016980
4.781432 -0.016717
4.786433 -0.020771
4.791435 0.005168
4.796436 0.043810
4.801438 0.069067
4.806439 0.060469
4.811441 0.014648
4.816442 -0.053300
4.821444 -0.119142
4.826445 -0.162714
4.831447 -0.176278
4.836448 -0.163949
4.841450 -0.134654
4.846451 -0.094609
4.851453 -0.044414
4.856454 0.018064
4.861456 0.092198
4.866457 0.171233
4.871459 0.243258
4.876460 0.294897
4.881462 0.314939
4.886463 0.296825
4.891465 0.240478
4.896466 0.153681
4.901468 0.052120
4.906469 -0.043205
4.911471 -0.111828
4.916472 -0.141552
4.921473 -0.134147
4.926475 -0.104629
4.931476 -0.073560
4.936478 -0.056881
4.941479 -0.059398
4.946481 -0.074834
4.951482 -0.091198
4.956484 -0.098097
4.961485 -0.092302
4.966487 -0.078774
4.971488 -0.066675
4.976490 -0.062947
4.981491 -0.067437
4.986493 -0.072405
4.991494 -0.066726
4.996496 -0.042516
5.001497 -0.000221
5.006499 0.051199
5.011500 0.098979
5.016502 0.132644
5.021503 0.147576
5.026505 0.144779
5.031506 0.128277
5.036508 0.102408
5.041509 0.070656
5.046511 0.036424
5.051512 0.004434
5.056514 -0.019328
5.061515 -0.029808
5.066517 -0.025455
5.071518 -0.008882
5.076520 0.014692
5.081521 0.039752
5.086523 0.061918
5.091524 0.077791
5.096526 0.083760
5.101527 0.075588
5.106529 0.050507
5.111530 0.010926
5.116532 -0.033831
5.121533 -0.070674
5.126535 -0.089666
5.131536 -0.090166
5.136538 -0.081723
5.141539 -0.078540
5.146541 -0.090511
5.151542 -0.116523
5.156544 -0.144785
5.161545 -0.160150
5.166547 -0.153184
5.171548 -0.124781
5.176550 -0.083816
5.181551 -0.040276
5.186553 0.001095
5.191554 0.042296
5.196556 0.087891
5.201557 0.138600
5.206559 0.187974
5.211560 0.224755
5.216562 0.238682
5.221563 0.225259
5.226565 0.186801
5.231566 0.130288
5.236568 0.064336
5.241569 -0.002561
5.246571 -0.062030
5.251572 -0.105596
5.256574 -0.126179
5.261575 -0.121267
5.266577 -0.095355
5.271578 -0.059355
5.276580 -0.026960
5.281581 -0.009716
5.286583 -0.012764
5.291584 -0.032896
5.296586 -0.060081
5.301587 -0.082214
5.306589 -0.090820
5.311590 -0.084707
5.316592 -0.069772
5.321593 -0.055189
5.326595 -0.047893
5.331596 -0.048298
5.336598 -0.050000
5.341599 -0.043873
5.346601 -0.024065
5.351602 0.007743
5.356604 0.042099
5.361605 0.065702
5.366607 0.067830
5.371608 0.046186
5.376610 0.008785
5.381611 -0.029586
5.386613 -0.054602
5.391614 -0.059340
5.396616 -0.047149
5.401617 -0.028779
5.406619 -0.015338
5.411620 -0.011469
5.416622 -0.013278
5.421623 -0.012039
5.426625 -0.000444
5.431626 0.022984
5.436628 0.053463
5.441629 0.082849
5.446631 0.103832
5.451632 0.113132
5.456634 0.112020
5.461635 0.104166
5.466637 0.092605
5.471638 0.077829
5.476640 0.057809
5.481641 0.029694
5.486643 -0.007535
5.491644 -0.050668
5.496646 -0.091683
5.501647 -0.119649
5.506649 -0.124366
5.511650 -0.100376
5.516652 -0.050259
5.521653 0.014116
5.526655 0.073970
5.531656 0.109827
5.536658 0.109048
5.541659 0.070972
5.546661 0.007373
5.551662 -0.061859
5.556664 -0.116245
5.561665 -0.142468
5.566667 -0.138559
5.571668 -0.112303
5.576670 -0.075185
5.581671 -0.035811
5.586673 0.003452
5.591674 0.045169
5.596676 0.092088
5.601677 0.142190
5.606679 0.187050
5.611680 0.214829
5.616682 0.215910
5.621683 0.187585
5.626685 0.135180
5.631686 0.069442
5.636688 0.002046
5.641689 -0.057935
5.646691 -0.104743
5.651692 -0.134488
5.656694 -0.144046
5.661695 -0.132041
5.666697 -0.101065
5.671698 -0.058885
5.676700 -0.017042
5.681701 0.013038
5.686703 0.024705
5.691704 0.018865
5.696706 0.002866
5.701707 -0.014047
5.706709 -0.025676
5.711710 -0.031101
5.716712 -0.033384
5.721713 -0.036211
5.726715 -0.040783
5.731716 -0.044881
5.736718 -0.044603
5.741719 -0.037295
5.746721 -0.023235
5.751722 -0.005054
5.756724 0.013897
5.761725 0.030603
5.766727 0.042557
5.771728 0.047740
5.776730 0.044893
5.781731 0.034119
5.786733 0.017668
5.791734 0.000117
5.796736 -0.012996
5.801737 -0.017843
5.806739 -0.014523
5.811740 -0.007083
5.816742 -0.001183
5.821743 -0.000748
5.826745 -0.005543
5.831746 -0.011299
5.836748 -0.012722
5.841749 -0.007555
5.846751 0.001440
5.851752 0.008300
5.856754 0.008092
5.861755 0.000430
5.866757 -0.009900
5.871758 -0.015433
5.876760 -0.010201
5.881761 0.006823
5.886763 0.031255
5.891764 0.056001
5.896765 0.074925
5.901767 0.084951
5.906768 0.085813
5.911770 0.078462
5.916771 0.063602
5.921773 0.041534
5.926774 0.013476
5.931776 -0.016881
5.936777 -0.043427
5.941779 -0.059848
5.946780 -0.062435
5.951782 -0.051506
5.956783 -0.030925
5.961785 -0.006503
5.966786 0.015803
5.971788 0.031194
5.976789 0.036336
5.981791 0.029017
5.986792 0.008275
5.991794 -0.024494
5.996795 -0.064441
6.001797 -0.103671
6.006798 -0.133422
6.011800 -0.146983
6.016801 -0.141818
6.021803 -0.119742
6.026804 -0.085060
6.031806 -0.042180
6.036807 0.005222
6.041809 0.053054
6.046810 0.095445
6.051812 0.125080
6.056813 0.135341
6.061815 0.123033
6.066816 0.090318
6.071818 0.044795
6.076819 -0.002760
6.081821 -0.042032
6.086822 -0.066075
6.091824 -0.072031
6.096825 -0.060168
6.101827 -0.032743
6.106828 0.006392
6.111830 0.051514
6.116831 0.094742
6.121833 0.126813
6.126834 0.139586
6.131836 0.129450
6.136837 0.099269
6.141839 0.057199
6.146840 0.013076
6.151842 -0.025262
6.156843 -0.053899
6.161845 -0.072562
6.166846 -0.082728
6.171848 -0.085434
6.176849 -0.080334
6.181851 -0.066540
6.186852 -0.044266
6.191854 -0.015972
6.196855 0.013478
6.201857 0.037670
6.206858 0.050511
6.211860 0.048609
6.216861 0.032837
6.221863 0.008073
6.226864 -0.018639
6.231866 -0.040487
6.236867 -0.052984
6.241869 -0.055103
6.246870 -0.048947
6.251872 -0.038135
6.256873 -0.025917
6.261875 -0.013928
6.266876 -0.001818
6.271878 0.012173
6.276879 0.029616
6.281881 0.049959
6.286882 0.069760
6.291884 0.083817
6.296885 0.087296
6.301887 0.077557
6.306888 0.055162
6.311890 0.023839
6.316891 -0.010857
6.321893 -0.043779
6.326894 -0.071846
6.331896 -0.094067
6.336897 -0.110336
6.341899 -0.120167
6.346900 -0.122073
6.351902 -0.113761
6.356903 -0.093291
6.361905 -0.060795
6.366906 -0.019608
6.371908 0.024012
6.376909 0.062325
6.381911 0.088056
6.386912 0.096413
6.391914 0.086633
6.396915 0.062127
6.401917 0.028973
6.406918 -0.006191
6.411920 -0.037710
6.416921 -0.061679
6.421923 -0.076229
6.426924 -0.081317
6.431926 -0.078039
6.436927 -0.067987
6.441929 -0.053060
6.446930 -0.035456
6.451932 -0.017477
6.456933 -0.001305
6.461935 0.011174
6.466936 0.018805
6.471938 0.021900
6.476939 0.022497
6.481941 0.023547
6.486942 0.027526
6.491944 0.035360
6.496945 0.046039
6.501947 0.057044
6.506948 0.065596
6.511950 0.070154
6.516951 0.070968
6.521953 0.069271
6.526954 0.066005
6.531956 0.061243
6.536957 0.054435
6.541959 0.045051
6.546960 0.033363
6.551962 0.021021
6.556963 0.010812
6.561965 0.005527
6.566966 0.006765
6.571968 0.014364
6.576969 0.026342
6.581971 0.039114
6.586972 0.048277
6.591974 0.049962
6.596975 0.042044
6.601977 0.024629
6.606978 -0.000030
6.611980 -0.027936
6.616981 -0.054322
6.621983 -0.075083
6.626984 -0.087866
6.631986 -0.092179
6.636987 -0.088886
6.641989 -0.079628
6.646990 -0.066211
6.651992 -0.050034
6.656993 -0.032030
6.661995 -0.013245
6.666996 0.004656
6.671998 0.019433
6.676999 0.028539
6.682001 0.029374
6.687002 0.019919
6.692004 -0.000162
6.697005 -0.028762
6.702007 -0.061660
6.707008 -0.093660
6.712010 -0.119856
6.717011 -0.136735
6.722013 -0.142788
6.727014 -0.138199
6.732016 -0.123761
6.737017 -0.100075
6.742019 -0.067668
6.747020 -0.027620
6.752022 0.017845
6.757023 0.064920
6.762025 0.108153
6.767026 0.141403
6.772028 0.159786
6.777029 0.161392
6.782031 0.147751
6.787032 0.123204
6.792034 0.093812
6.797035 0.066014
6.802037 0.045166
6.807038 0.034462
6.812040 0.034567
6.817041 0.043806
6.822043 0.058757
6.827044 0.075417
6.832046 0.090490
6.837047 0.101758
6.842049 0.107248
6.847050 0.104367
6.852052 0.090186
6.857053 0.062838
6.862055 0.023126
6.867056 -0.024501
6.872058 -0.072304
6.877059 -0.111379
6.882060 -0.134843
6.887062 -0.140350
6.892063 -0.130587
6.897065 -0.111818
6.902066 -0.091353
6.907068 -0.074812
6.912069 -0.064246
6.917071 -0.058147
6.922072 -0.053219
6.927074 -0.046485
6.932075 -0.036501
6.937077 -0.023653
6.942078 -0.009854
6.947080 0.002335
6.952081 0.010867
6.957083 0.014836
6.962084 0.014278
6.967086 0.009855
6.972087 0.002908
6.977089 -0.004512
6.982090 -0.010096
6.987092 -0.011829
6.992093 -0.008213
6.997095 0.001622
7.002096 0.017604
7.007098 0.038426
7.012099 0.061573
7.017101 0.083503
7.022102 0.099882
7.027104 0.106308
7.032105 0.099641
7.037107 0.079232
7.042108 0.047234
7.047110 0.008070
7.052111 -0.032560
7.057113 -0.068995
7.062114 -0.096917
7.067116 -0.113901
7.072117 -0.119058
7.077119 -0.112499
7.082120 -0.095150
7.087122 -0.068708
7.092123 -0.035540
7.097125 0.001227
7.102126 0.037509
7.107128 0.068671
7.112129 0.090691
7.117131 0.101217
7.122132 0.099689
7.127134 0.086823
7.132135 0.064120
7.137137 0.033729
7.142138 -0.001292
7.147140 -0.036322
7.152141 -0.064878
7.157143 -0.079833
7.162144 -0.076156
7.167146 -0.053436
7.172147 -0.016357
7.177149 0.027041
7.182150 0.068155
7.187152 0.100329
7.192153 0.120025
7.197155 0.126219
7.202156 0.118773
7.207158 0.097434
7.212159 0.062455
7.217161 0.016205
7.222162 -0.035614
7.227164 -0.084170
7.232165 -0.119441
7.237167 -0.133505
7.242168 -0.123667
7.247170 -0.093459
7.252171 -0.050918
7.257173 -0.005589
7.262174 0.033903
7.267176 0.061068
7.272177 0.071956
7.277179 0.065216
7.282180 0.042153
7.287182 0.006948
7.292183 -0.033484
7.297185 -0.070904
7.302186 -0.098202
7.307188 -0.111377
7.312189 -0.109937
7.317191 -0.096209
7.322192 -0.074351
7.327194 -0.049214
7.332195 -0.025097
7.337197 -0.005042
7.342198 0.009042
7.347200 0.016118
7.352201 0.016186
7.357203 0.010495
7.362204 0.001279
7.367206 -0.008721
7.372207 -0.016548
7.377209 -0.019464
7.382210 -0.015789
7.387212 -0.005668
7.392213 0.008890
7.397215 0.024706
7.402216 0.038495
7.407218 0.048119
7.412219 0.053535
7.417221 0.056642
7.422222 0.059881
7.427224 0.064605
7.432225 0.070254
7.437227 0.074495
7.442228 0.074074
7.447230 0.066244
7.452231 0.050180
7.457233 0.027387
7.462234 0.000908
7.467236 -0.025778
7.472237 -0.049503
7.477239 -0.067979
7.482240 -0.080379
7.487242 -0.087355
7.492243 -0.090157
7.497245 -0.089548
7.502246 -0.085358
7.507248 -0.076708
7.512249 -0.062601
7.517251 -0.042925
7.522252 -0.019534
7.527254 0.003608
7.532255 0.021762
7.537257 0.031308
7.542258 0.030995
7.547260 0.022240
7.552261 0.008578
7.557263 -0.005762
7.562264 -0.017612
7.567266 -0.025710
7.572267 -0.030080
7.577269 -0.030929
7.582270 -0.028084
7.587272 -0.020998
7.592273 -0.009001
7.597275 0.008082
7.602276 0.029109
7.607278 0.051457
7.612279 0.071943
7.617281 0.088015
7.622282 0.098258
7.627284 0.102270
7.632285 0.100381
7.637287 0.093159
7.642288 0.080768
7.647290 0.062912
7.652291 0.039737
7.657293 0.012866
7.662294 -0.014459
7.667296 -0.038165
7.672297 -0.054508
7.677299 -0.061297
7.682300 -0.058768
7.687302 -0.049395
7.692303 -0.036506
7.697305 -0.022750
7.702306 -0.009508
7.707308 0.002796
7.712309 0.014089
7.717311 0.024051
7.722312 0.031661
7.727314 0.035286
7.732315 0.033414
7.737317 0.025460
7.742318 0.012153
7.747320 -0.004388
7.752321 -0.020834
7.757323 -0.033365
7.762324 -0.038922
7.767326 -0.036273
7.772327 -0.026314
7.777329 -0.011738
7.782330 0.003679
7.787332 0.016137
7.792333 0.022921
7.797335 0.022938
7.802336 0.016561
7.807338 0.005324
7.812339 -0.008245
7.817341 -0.021092
7.822342 -0.030593
7.827344 -0.035323
7.832345 -0.035041
7.837347 -0.030255
7.842348 -0.021957
7.847350 -0.011478
7.852351 -0.000198
7.857353 0.010599
7.862354 0.019465
7.867355 0.024562
7.872357 0.023985
7.877358 0.016524
7.882360 0.002432
7.887361 -0.016061
7.892363 -0.034860
7.897364 -0.049130
7.902366 -0.055052
7.907367 -0.051106
7.912369 -0.038197
7.917370 -0.019015
7.922372 0.002848
7.927373 0.023929
7.932375 0.041838
7.937376 0.055424
7.942378 0.064042
7.947379 0.066858
7.952381 0.063038
7.957382 0.052506
7.962384 0.036409
7.967385 0.017081
7.972387 -0.002411
7.977388 -0.019070
7.982390 -0.030934
7.987391 -0.037558
7.992393 -0.039744
7.997394 -0.038944
8.002396 -0.036708
8.007397 -0.034126
8.012399 -0.031336
8.017400 -0.027644
8.022402 -0.022343
8.027403 -0.015453
8.032405 -0.007763
8.037406 -0.000581
8.042408 0.004394
8.047409 0.005401
8.052411 0.001411
8.057412 -0.007194
8.062414 -0.018749
8.067415 -0.030997
8.072417 -0.041749
8.077418 -0.049374
8.082420 -0.053111
8.087421 -0.052850
8.092423 -0.048490
8.097424 -0.039594
8.102426 -0.025824
8.107427 -0.007623
8.112429 0.013517
8.117430 0.035132
8.122432 0.054023
8.127433 0.066858
8.132435 0.071210
8.137436 0.066425
8.142438 0.053745
8.147439 0.035841
8.152441 0.016140
8.157442 -0.001986
8.162444 -0.016015
8.167445 -0.024573
8.172447 -0.027107
8.177448 -0.023584
8.182450 -0.014574
8.187451 -0.001288
8.192453 0.014759
8.197454 0.032004
8.202456 0.048710
8.207457 0.062975
8.212459 0.073251
8.217460 0.078828
8.222462 0.079659
8.227463 0.075902
8.232465 0.067785
8.237466 0.055714
8.242468 0.040276
8.247469 0.022273
8.252471 0.002899
8.257472 -0.016391
8.262474 -0.034422
8.267475 -0.050594
8.272477 -0.064448
8.277478 -0.075087
8.282480 -0.081161
8.287481 -0.081323
8.292483 -0.074746
8.297484 -0.061675
8.302486 -0.043899
8.307487 -0.024593
8.312489 -0.007296
8.317490 0.005289
8.322492 0.011873
8.327493 0.012537
8.332495 0.008339
8.337496 0.000715
8.342498 -0.009117
8.347499 -0.020236
8.352501 -0.031506
8.357502 -0.041178
8.362504 -0.047142
8.367505 -0.047569
8.372507 -0.041592
8.377508 -0.029940
8.382510 -0.015149
8.387511 -0.000741
8.392513 0.010499
8.397514 0.017851
8.402516 0.022583
8.407517 0.026790
8.412519 0.032083
8.417520 0.038648
8.422522 0.044997
8.427523 0.048708
8.432525 0.047850
8.437526 0.041992
8.442528 0.032082
8.447529 0.019682
8.452531 0.006354
8.457532 -0.006691
8.462534 -0.018844
8.467535 -0.030000
8.472537 -0.040013
8.477538 -0.048254
8.482540 -0.053795
8.487541 -0.055857
8.492543 -0.054026
8.497544 -0.048340
8.502546 -0.039478
8.507547 -0.028754
8.512549 -0.017724
8.517550 -0.007726
8.522552 0.000275
8.527553 0.005739
8.532555 0.008701
8.537556 0.009739
8.542558 0.009621
8.547559 0.008991
8.552561 0.008399
8.557562 0.008417
8.562564 0.009646
8.567565 0.012762
8.572567 0.018552
8.577568 0.027482
8.582570 0.038855
8.587571 0.050534
8.592573 0.059806
8.597574 0.064643
8.602576 0.064332
8.607577 0.059425
8.612579 0.051345
8.617580 0.041759
8.622582 0.031853
8.627583 0.022156
8.632585 0.013035
8.637586 0.005152
8.642588 -0.000669
8.647589 -0.003747
8.652591 -0.003631
8.657592 -0.000212
8.662594 0.005992
8.667595 0.013789
8.672597 0.021687
8.677598 0.028255
8.682600 0.032163
8.687601 0.032234
8.692603 0.027790
8.697604 0.018926
8.702606 0.006462
8.707607 -0.008249
8.712609 -0.023482
8.717610 -0.037503
8.722612 -0.049114
8.727613 -0.057792
8.732615 -0.063206
8.737616 -0.064803
8.742618 -0.061999
8.747619 -0.054617
8.752621 -0.043087
8.757622 -0.028501
8.762624 -0.012666
8.767625 0.002206
8.772627 0.014277
8.777628 0.022633
8.782630 0.027113
8.787631 0.027827
8.792633 0.024942
8.797634 0.018600
8.802636 0.008816
8.807637 -0.004253
8.812639 -0.019594
8.817640 -0.034966
8.822642 -0.047495
8.827643 -0.054705
8.832645 -0.055147
8.837646 -0.048598
8.842647 -0.036062
8.847649 -0.019391
8.852650 -0.000471
8.857652 0.019350
8.862653 0.039096
8.867655 0.057696
8.872656 0.073845
8.877658 0.086073
8.882659 0.092729
8.887661 0.092143
8.892662 0.083230
8.897664 0.066116
8.902665 0.042253
8.907667 0.014179
8.912668 -0.014801
8.917670 -0.041098
8.922671 -0.061521
8.927673 -0.073810
8.932674 -0.076846
8.937676 -0.070764
8.942677 -0.057094
8.947679 -0.038586
8.952680 -0.018530
8.957682 0.000026
8.962683 0.014786
8.967685 0.024470
8.972686 0.028894
8.977688 0.028616
8.982689 0.024282
8.987691 0.016369
8.992692 0.005561
8.997694 -0.006914
9.002695 -0.019475
9.007697 -0.030500
9.012698 -0.038357
9.017700 -0.041515
9.022701 -0.039079
9.027703 -0.031338
9.032704 -0.019796
9.037706 -0.006795
9.042707 0.005066
9.047709 0.013754
9.052710 0.018544
9.057712 0.019962
9.062713 0.018843
9.067715 0.015553
9.072716 0.010101
9.077718 0.002727
9.082719 -0.005787
9.087721 -0.014168
9.092722 -0.020833
9.097724 -0.024355
9.102725 -0.024110
9.107727 -0.020506
9.112728 -0.014511
9.117730 -0.007113
9.122731 0.000783
9.127733 0.008305
9.132734 0.014788
9.137736 0.019821
9.142737 0.023013
9.147739 0.023921
9.152740 0.022373
9.157742 0.018680
9.162743 0.013399
9.167745 0.007173
9.172746 0.000916
9.177748 -0.004236
9.182749 -0.007461
9.187751 -0.008672
9.192752 -0.008312
9.197754 -0.007011
9.202755 -0.005524
9.207757 -0.004578
9.212758 -0.004353
9.217760 -0.004208
9.222761 -0.003121
9.227763 -0.000344
9.232764 0.004365
9.237766 0.010849
9.242767 0.018615
9.247769 0.026972
9.252770 0.035356
9.257772 0.043501
9.262773 0.051191
9.267775 0.057982
9.272776 0.063278
9.277778 0.066500
9.282779 0.067021
9.287781 0.064125
9.292782 0.057276
9.297784 0.046427
9.302785 0.032054
9.307787 0.015149
9.312788 -0.002689
9.317790 -0.019450
9.322791 -0.033309
9.327793 -0.043078
9.332794 -0.048181
9.337796 -0.048554
9.342797 -0.044802
9.347799 -0.038276
9.352800 -0.030802
9.357802 -0.024340
9.362803 -0.020737
9.367805 -0.021318
9.372806 -0.026319
9.377808 -0.034725
9.382809 -0.044751
9.387811 -0.054477
9.392812 -0.062176
9.397814 -0.066535
9.402815 -0.066932
9.407817 -0.063456
9.412818 -0.056524
9.417820 -0.046528
9.422821 -0.033885
9.427823 -0.019302
9.432824 -0.003931
9.437826 0.010617
9.442827 0.022468
9.447829 0.030090
9.452830 0.033010
9.457832 0.031947
9.462833 0.028188
9.467835 0.022959
9.472836 0.017233
9.477838 0.011671
9.482839 0.006428
9.487841 0.001265
9.492842 -0.003876
9.497844 -0.008458
9.502845 -0.011594
9.507847 -0.012570
9.512848 -0.011117
9.517850 -0.007445
9.522851 -0.002199
9.527853 0.003758
9.532854 0.009687
9.537856 0.015016
9.542857 0.019023
9.547859 0.020731
9.552860 0.019373
9.557862 0.014938
9.562863 0.008313
9.567865 0.001105
9.572866 -0.004657
9.577868 -0.007061
9.582869 -0.004994
9.587871 0.001597
9.592872 0.012052
9.597874 0.025321
9.602875 0.039918
9.607877 0.053907
9.612878 0.065358
9.617880 0.072869
9.622881 0.075735
9.627883 0.073955
9.632884 0.068245
9.637886 0.059794
9.642887 0.049729
9.647889 0.038885
9.652890 0.028124
9.657892 0.018594
9.662893 0.011372
9.667895 0.006927
9.672896 0.004958
9.677898 0.004504
9.682899 0.004091
9.687901 0.002134
9.692902 -0.002324
9.697904 -0.009141
9.702905 -0.017370
9.707907 -0.025937
9.712908 -0.034013
9.717910 -0.041048
9.722911 -0.046761
9.727913 -0.051044
9.732914 -0.053716
9.737916 -0.054506
9.742917 -0.053461
9.747919 -0.051280
9.752920 -0.049097
9.757922 -0.047936
9.762923 -0.048323
9.767925 -0.050102
9.772926 -0.052354
9.777928 -0.053650
9.782929 -0.052701
9.787931 -0.048923
9.792932 -0.042495
9.797934 -0.034125
9.802935 -0.024888
9.807937 -0.016007
9.812938 -0.008402
9.817940 -0.002352
9.822941 0.002334
9.827942 0.005925
9.832944 0.008647
9.837945 0.010714
9.842947 0.012251
9.847948 0.013241
9.852950 0.013693
9.857951 0.013722
9.862953 0.013366
9.867954 0.012527
9.872956 0.011297
9.877957 0.010155
9.882959 0.009657
9.887960 0.010045
9.892962 0.011293
9.897963 0.013363
9.902965 0.016231
9.907966 0.019820
9.912968 0.024031
9.917969 0.028693
9.922971 0.033365
9.927972 0.037420
9.932974 0.040546
9.937975 0.043033
9.942977 0.045347
9.947978 0.047481
9.952980 0.048895
9.957981 0.048978
9.962983 0.047489
9.967984 0.044743
9.972986 0.041515
9.977987 0.038528
9.982989 0.035778
9.987990 0.032388
9.992992 0.027217
9.997993 0.019480
10.002995 0.008846
10.007996 -0.004600
10.012998 -0.020122
10.017999 -0.036207
10.023001 -0.050938
10.028002 -0.062516
10.033004 -0.069487
10.038005 -0.070932
10.043007 -0.066795
10.048008 -0.057974
10.053010 -0.045977
10.058011 -0.032582
10.063013 -0.019727
10.068014 -0.009279
10.073016 -0.002497
10.078017 0.000295
10.083019 -0.000536
10.088020 -0.004316
10.093022 -0.010142
10.098023 -0.016915
10.103025 -0.023577
10.108026 -0.029213
10.113028 -0.032881
10.118029 -0.033665
10.123031 -0.031161
10.128032 -0.025753
10.133034 -0.018244
10.138035 -0.009373
10.143037 0.000197
10.148038 0.009716
10.153040 0.018484
10.158041 0.026091
10.163043 0.032423
10.168044 0.037643
10.173046 0.042299
10.178047 0.047175
10.183049 0.052730
10.188050 0.058742
10.193052 0.064543
10.198053 0.069361
10.203055 0.072283
10.208056 0.072172
10.213058 0.068026
10.218059 0.059493
10.223061 0.047083
10.228062 0.032076
10.233064 0.016235
10.238065 0.001251
10.243067 -0.011869
10.248068 -0.022856
10.253070 -0.031598
10.258071 -0.037748
10.263073 -0.041030
10.268074 -0.041748
10.273076 -0.040803
10.278077 -0.039303
10.283079 -0.038239
10.288080 -0.038280
10.293082 -0.039581
10.298083 -0.041794
10.303085 -0.044318
10.308086 -0.046463
10.313088 -0.047418
10.318089 -0.046409
10.323091 -0.043068
10.328092 -0.037522
10.333094 -0.030085
10.338095 -0.021135
10.343097 -0.011396
10.348098 -0.002005
10.353100 0.006030
10.358101 0.012418
10.363103 0.017574
10.368104 0.022168
10.373106 0.026672
10.378107 0.031018
10.383109 0.034422
10.388110 0.035777
10.393112 0.034546
10.398113 0.031300
10.403115 0.027348
10.408116 0.023985
10.413118 0.022086
10.418119 0.021952
10.423121 0.023163
10.428122 0.024714
10.433124 0.025598
10.438125 0.025245
10.443127 0.023372
10.448128 0.019686
10.453130 0.013935
10.458131 0.006086
10.463133 -0.003718
10.468134 -0.015181
10.473136 -0.027600
10.478137 -0.039668
10.483139 -0.049691
10.488140 -0.056030
10.493142 -0.057493
10.498143 -0.053720
10.503145 -0.045521
10.508146 -0.034663
10.513148 -0.023094
10.518149 -0.012339
10.523151 -0.003526
10.528152 0.002350
10.533154 0.004485
10.538155 0.002489
10.543157 -0.003486
10.548158 -0.012605
10.553160 -0.023198
10.558161 -0.033024
10.563163 -0.039949
10.568164 -0.042453
10.573166 -0.039633
10.578167 -0.031226
10.583169 -0.017932
10.588170 -0.001529
10.593172 0.015634
10.598173 0.031333
10.603175 0.043829
10.608176 0.051996
10.613178 0.055468
10.618179 0.054619
10.623181 0.050248
10.628182 0.043311
10.633184 0.034935
10.638185 0.026410
10.643187 0.018905
10.648188 0.013218
10.653190 0.009780
10.658191 0.008735
10.663193 0.009894
10.668194 0.012788
10.673196 0.016862
10.678197 0.021550
10.683199 0.026164
10.688200 0.029906
10.693202 0.032148
10.698203 0.032556
10.703205 0.030926
10.708206 0.027153
10.713208 0.021609
10.718209 0.015325
10.723211 0.009474
10.728212 0.004649
10.733214 0.000681
10.738215 -0.002983
10.743217 -0.006800
10.748218 -0.010782
10.753220 -0.014374
10.758221 -0.016732
10.763223 -0.017259
10.768224 -0.015877
10.773226 -0.012817
10.778227 -0.008420
10.783229 -0.003257
10.788230 0.001791
10.793232 0.005831
10.798233 0.008262
10.803235 0.008693
10.808236 0.006784
10.813237 0.002426
10.818239 -0.003984
10.823240 -0.011522
10.828242 -0.018889
10.833243 -0.024610
10.838245 -0.027518
10.843246 -0.027387
10.848248 -0.025039
10.853249 -0.021686
10.858251 -0.018244
10.863252 -0.015227
10.868254 -0.012963
10.873255 -0.011710
10.878257 -0.011742
10.883258 -0.013465
10.888260 -0.017243
10.893261 -0.022908
10.898263 -0.029558
10.903264 -0.035937
10.908266 -0.040866
10.913267 -0.043355
10.918269 -0.042737
10.923270 -0.039047
10.928272 -0.033184
10.933273 -0.026486
10.938275 -0.020130
10.943276 -0.014846
10.948278 -0.010881
10.953279 -0.008068
10.958281 -0.006089
10.963282 -0.004794
10.968284 -0.004075
10.973285 -0.003369
10.978287 -0.001555
10.983288 0.002447
10.988290 0.009050
10.993291 0.017951
10.998293 0.028331
11.003294 0.038931
11.008296 0.048295
11.013297 0.055384
11.018299 0.059940
11.023300 0.062140
11.028302 0.062042
11.033303 0.059530
11.038305 0.054575
11.043306 0.047379
11.048308 0.038456
11.053309 0.028748
11.058311 0.019459
11.063312 0.011520
11.068314 0.005232
11.073315 0.000427
11.078317 -0.003286
11.083318 -0.006497
11.088320 -0.009860
11.093321 -0.013647
11.098323 -0.017510
11.103324 -0.020838
11.108326 -0.023273
11.113327 -0.024853
11.118329 -0.025929
11.123330 -0.027064
11.128332 -0.028773
11.133333 -0.031110
11.138335 -0.033612
11.143336 -0.035746
11.148338 -0.037274
11.153339 -0.038133
11.158341 -0.038283
11.163342 -0.037884
11.168344 -0.037384
11.173345 -0.037172
11.178347 -0.037233
11.183348 -0.037193
11.188350 -0.036436
11.193351 -0.034099
11.198353 -0.029317
11.203354 -0.021804
11.208356 -0.012164
11.213357 -0.001531
11.218359 0.008916
11.223360 0.018128
11.228362 0.025258
11.233363 0.029881
11.238365 0.032034
11.243366 0.031900
11.248368 0.029595
11.253369 0.025345
11.258371 0.019628
11.263372 0.012967
11.268374 0.005807
11.273375 -0.001274
11.278377 -0.007444
11.283378 -0.011915
11.288380 -0.014222
11.293381 -0.014145
11.298383 -0.011571
11.303384 -0.006600
11.308386 0.000360
11.313387 0.008714
11.318389 0.017723
11.323390 0.026301
11.328392 0.033035
11.333393 0.036659
11.338395 0.036506
11.343396 0.032577
11.348398 0.025517
11.353399 0.016705
11.358401 0.008020
11.363402 0.001125
11.368404 -0.003122
11.373405 -0.004607
11.378407 -0.003560
11.383408 -0.000365
11.388410 0.004433
11.393411 0.010191
11.398413 0.016221
11.403414 0.021715
11.408416 0.025816
11.413417 0.027950
11.418419 0.028005
11.423420 0.026145
11.428422 0.022651
11.433423 0.018052
11.438425 0.013092
11.443426 0.008291
11.448428 0.003654
11.453429 -0.001056
11.458431 -0.005890
11.463432 -0.010651
11.468434 -0.015076
11.473435 -0.018897
11.478437 -0.021876
11.483438 -0.023901
11.488440 -0.024961
11.493441 -0.024915
11.498443 -0.023503
11.503444 -0.020773
11.508446 -0.017359
11.513447 -0.014163
11.518449 -0.011850
11.523450 -0.010791
11.528452 -0.011245
11.533453 -0.013299
11.538455 -0.016728
11.543456 -0.021119
11.548458 -0.026065
11.553459 -0.031076
11.558461 -0.035458
11.563462 -0.038443
11.568464 -0.039377
11.573465 -0.037733
11.578467 -0.033253
11.583468 -0.026357
11.588470 -0.018227
11.593471 -0.010238
11.598473 -0.003319
11.603474 0.002092
11.608476 0.005764
11.613477 0.007571
11.618479 0.007579
11.623480 0.006028
11.628482 0.003346
11.633483 0.000233
11.638485 -0.002471
11.643486 -0.004154
11.648488 -0.004575
11.653489 -0.003528
11.658491 -0.000642
11.663492 0.004271
11.668494 0.010791
11.673495 0.018010
11.678497 0.024966
11.683498 0.030864
11.688500 0.035071
11.693501 0.037169
11.698503 0.036978
11.703504 0.034438
11.708506 0.029661
11.713507 0.023237
11.718509 0.016302
11.723510 0.010094
11.728512 0.005509
11.733513 0.003089
11.738515 0.003121
11.743516 0.005519
11.748518 0.009712
11.753519 0.014817
11.758521 0.019846
11.763522 0.023788
11.768524 0.025771
11.773525 0.025392
11.778527 0.022809
11.783528 0.018464
11.788529 0.012898
11.793531 0.006857
11.798532 0.001261
11.803534 -0.003195
11.808535 -0.006289
11.813537 -0.008023
11.818538 -0.008350
11.823540 -0.007322
11.828541 -0.005348
11.833543 -0.003104
11.838544 -0.001282
11.843546 -0.000501
11.848547 -0.001245
11.853549 -0.003690
11.858550 -0.007639
11.863552 -0.012698
11.868553 -0.018387
11.873555 -0.024028
11.878556 -0.028741
11.883558 -0.031716
11.888559 -0.032424
11.893561 -0.030601
11.898562 -0.026343
11.903564 -0.020339
11.908565 -0.013768
11.913567 -0.007743
11.918568 -0.002915
11.923570 0.000384
11.928571 0.001934
11.933573 0.001759
11.938574 0.000241
11.943576 -0.002138
11.948577 -0.005009
11.953579 -0.007932
11.958580 -0.010257
11.963582 -0.011411
11.968583 -0.011280
11.973585 -0.010176
11.978586 -0.008608
11.983588 -0.007205
11.988589 -0.006577
11.993591 -0.006966
11.998592 -0.008031
12.003594 -0.009139
12.008595 -0.009791
12.013597 -0.009744
12.018598 -0.008953
12.023600 -0.007595
12.028601 -0.005996
12.033603 -0.004296
12.038604 -0.002256
12.043606 0.000460
12.048607 0.003871
12.053609 0.007643
12.058610 0.011321
12.063612 0.014476
12.068613 0.016854
12.073615 0.018585
12.078616 0.020153
12.083618 0.022028
12.088619 0.024383
12.093621 0.027186
12.098622 0.030330
12.103624 0.033578
12.108625 0.036538
12.113627 0.038817
12.118628 0.040045
12.123630 0.039742
12.128631 0.037412
12.133633 0.032945
12.138634 0.026747
12.143636 0.019394
12.148637 0.011399
12.153639 0.003376
12.158640 -0.003907
12.163642 -0.009909
12.168643 -0.014577
12.173645 -0.018089
12.178646 -0.020527
12.183648 -0.021991
12.188649 -0.022827
12.193651 -0.023500
12.198652 -0.024331
12.203654 -0.025529
12.208655 -0.027272
12.213657 -0.029526
12.218658 -0.031920
12.223660 -0.033965
12.228661 -0.035362
12.233663 -0.036074
12.238664 -0.036310
12.243666 -0.036546
12.248667 -0.037315
12.253669 -0.038756
12.258670 -0.040386
12.263672 -0.041383
12.268673 -0.041011
12.273675 -0.038827
12.278676 -0.034783
12.283678 -0.029260
12.288679 -0.022825
12.293681 -0.015801
12.298682 -0.008203
12.303684 -0.000142
12.308685 0.007910
12.313687 0.015396
12.318688 0.022016
12.323690 0.027733
12.328691 0.032661
12.333693 0.037082
12.338694 0.041325
12.343696 0.045453
12.348697 0.049229
12.353699 0.052466
12.358700 0.055245
12.363702 0.057673
12.368703 0.059603
12.373705 0.060729
12.378706 0.060807
12.383708 0.059672
12.388709 0.057243
12.393711 0.053656
12.398712 0.049219
12.403714 0.044032
12.408715 0.037810
12.413717 0.030256
12.418718 0.021518
12.423720 0.012176
12.428721 0.002953
12.433723 -0.005452
12.438724 -0.012578
12.443726 -0.018526
12.448727 -0.023914
12.453729 -0.029272
12.458730 -0.034564
12.463732 -0.039378
12.468733 -0.043358
12.473735 -0.046304
12.478736 -0.048121
12.483738 -0.048945
12.488739 -0.049181
12.493741 -0.049202
12.498742 -0.049085
12.503744 -0.048723
12.508745 -0.048029
12.513747 -0.046944
12.518748 -0.045434
12.523750 -0.043557
12.528751 -0.041359
12.533753 -0.038618
12.538754 -0.034913
12.543756 -0.030092
12.548757 -0.024507
12.553759 -0.018610
12.558760 -0.012514
12.563762 -0.006093
12.568763 0.000692
12.573765 0.007738
12.578766 0.014842
12.583768 0.021535
12.588769 0.027033
12.593771 0.030652
12.598772 0.032235
12.603774 0.032104
12.608775 0.030724
12.613777 0.028536
12.618778 0.025854
12.623780 0.022707
12.628781 0.018913
12.633783 0.014499
12.638784 0.009947
12.643786 0.005918
12.648787 0.002868
12.653789 0.001003
12.658790 0.000351
12.663792 0.000709
12.668793 0.001732
12.673795 0.003282
12.678796 0.005588
12.683798 0.008911
12.688799 0.013138
12.693801 0.017793
12.698802 0.022284
12.703804 0.026010
12.708805 0.028412
12.713807 0.029174
12.718808 0.028364
12.723810 0.026306
12.728811 0.023383
12.733813 0.019989
12.738814 0.016484
12.743816 0.013071
12.748817 0.009873
12.753819 0.007196
12.758820 0.005529
12.763822 0.005092
12.768823 0.005550
12.773824 0.006279
12.778826 0.006792
12.783827 0.006823
12.788829 0.006237
12.793830 0.005050
12.798832 0.003360
12.803833 0.001061
12.808835 -0.002210
12.813836 -0.006625
12.818838 -0.011731
12.823839 -0.016613
12.828841 -0.020413
12.833842 -0.022648
12.838844 -0.023274
12.843845 -0.022679
12.848847 -0.021459
12.853848 -0.019964
12.858850 -0.018146
12.863851 -0.015909
12.868853 -0.013466
12.873854 -0.011261
12.878856 -0.009780
12.883857 -0.009543
12.888859 -0.010988
12.893860 -0.014068
12.898862 -0.018074
12.903863 -0.022060
12.908865 -0.025345
12.913866 -0.027543
12.918868 -0.028405
12.923869 -0.027858
12.928871 -0.026043
12.933872 -0.023093
12.938874 -0.019005
12.943875 -0.013886
12.948877 -0.008164
12.953878 -0.002418
12.958880 0.002900
12.963881 0.007464
12.968883 0.011046
12.973884 0.013699
12.978886 0.015817
12.983887 0.017786
12.988889 0.019698
12.993890 0.021576
12.998892 0.023686
13.003893 0.026410
13.008895 0.029920
13.013896 0.034079
13.018898 0.038498
13.023899 0.042535
13.028901 0.045426
13.033902 0.046603
13.038904 0.045824
13.043905 0.042943
13.048907 0.037820
13.053908 0.030643
13.058910 0.022144
13.063911 0.013265
13.068913 0.004699
13.073914 -0.003160
13.078916 -0.010009
13.083917 -0.015590
13.088919 -0.019723
13.093920 -0.022227
13.098922 -0.022884
13.103923 -0.021647
13.108925 -0.018834
13.113926 -0.015087
13.118928 -0.011261
13.123929 -0.008380
13.128931 -0.007371
13.133932 -0.008550
13.138934 -0.011408
13.143935 -0.015044
13.148937 -0.018725
13.153938 -0.021962
13.158940 -0.024346
13.163941 -0.025576
13.168943 -0.025509
13.173944 -0.024045
13.178946 -0.021106
13.183947 -0.016922
13.188949 -0.012153
13.193950 -0.007525
13.198952 -0.003436
13.203953 0.000020
13.208955 0.002872
13.213956 0.005290
13.218958 0.007553
13.223959 0.009773
13.228961 0.011757
13.233962 0.013283
13.238964 0.014317
13.243965 0.014854
13.248967 0.014727
13.253968 0.013721
13.258970 0.011686
13.263971 0.008476
13.268973 0.004044
13.273974 -0.001184
13.278976 -0.006217
13.283977 -0.010005
13.288979 -0.011985
13.293980 -0.012102
13.298982 -0.010597
13.303983 -0.007936
13.308985 -0.004704
13.313986 -0.001222
13.318988 0.002637
13.323989 0.007054
13.328991 0.011736
13.333992 0.015920
13.338994 0.018784
13.343995 0.019766
13.348997 0.018716
13.353998 0.015987
13.359000 0.012318
13.364001 0.008440
13.369003 0.004774
13.374004 0.001478
13.379006 -0.001454
13.384007 -0.004229
13.389009 -0.007105
13.394010 -0.009952
13.399012 -0.012134
13.404013 -0.013061
13.409015 -0.012741
13.414016 -0.011668
13.419018 -0.010346
13.424019 -0.009113
13.429021 -0.008206
13.434022 -0.007714
13.439024 -0.007534
13.444025 -0.007556
13.449027 -0.007855
13.454028 -0.008557
13.459030 -0.009627
13.464031 -0.010882
13.469033 -0.012077
13.474034 -0.012880
13.479036 -0.012961
13.484037 -0.012210
13.489039 -0.010728
13.494040 -0.008531
13.499042 -0.005495
13.504043 -0.001713
13.509045 0.002293
13.514046 0.005874
13.519048 0.008636
13.524049 0.010467
13.529051 0.011466
13.534052 0.012002
13.539054 0.012615
13.544055 0.013621
13.549057 0.014907
13.554058 0.016188
13.559060 0.017264
13.564061 0.017895
13.569063 0.017746
13.574064 0.016683
13.579066 0.014949
13.584067 0.012873
13.589069 0.010562
13.594070 0.008010
13.599072 0.005291
13.604073 0.002436
13.609075 -0.000685
13.614076 -0.004157
13.619078 -0.007763
13.624079 -0.011095
13.629081 -0.013820
13.634082 -0.015747
13.639084 -0.016871
13.644085 -0.017536
13.649087 -0.018356
13.654088 -0.019685
13.659090 -0.021239
13.664091 -0.022369
13.669093 -0.022577
13.674094 -0.021668
13.679096 -0.019619
13.684097 -0.016566
13.689099 -0.012765
13.694100 -0.008356
13.699102 -0.003248
13.704103 0.002571
13.709105 0.008715
13.714106 0.014513
13.719108 0.019261
13.724109 0.022302
13.729111 0.023209
13.734112 0.022229
13.739114 0.020373
13.744115 0.018749
13.749117 0.017798
13.754118 0.017235
13.759119 0.016511
13.764121 0.015204
13.769122 0.013210
13.774124 0.010829
13.779125 0.008593
13.784127 0.006845
13.789128 0.005549
13.794130 0.004507
13.799131 0.003597
13.804133 0.002729
13.809134 0.001853
13.814136 0.001143
13.819137 0.000965
13.824139 0.001458
13.829140 0.002287
13.834142 0.002892
13.839143 0.002829
13.844145 0.001819
13.849146 -0.000270
13.854148 -0.003267
13.859149 -0.006681
13.864151 -0.009981
13.869152 -0.012814
13.874154 -0.014887
13.879155 -0.015867
13.884157 -0.015574
13.889158 -0.014147
13.894160 -0.011896
13.899161 -0.009150
13.904163 -0.006368
13.909164 -0.004222
13.914166 -0.003339
13.919167 -0.004017
13.924169 -0.006250
13.929170 -0.009818
13.934172 -0.014194
13.939173 -0.018598
13.944175 -0.022379
13.949176 -0.025223
13.954178 -0.026886
13.959179 -0.026993
13.964181 -0.025343
13.969182 -0.022200
13.974184 -0.018042
13.979185 -0.013187
13.984187 -0.007840
13.989188 -0.002281
13.994190 0.003219
13.999191 0.008533
14.004193 0.013529
14.009194 0.017969
14.014196 0.021763
14.019197 0.025119
14.024199 0.028238
14.029200 0.031002
14.034202 0.033137
14.039203 0.034458
14.044205 0.034798
14.049206 0.033920
14.054208 0.031721
14.059209 0.028392
14.064211 0.024196
14.069212 0.019234
14.074214 0.013604
14.079215 0.007639
14.084217 0.001782
14.089218 -0.003697
14.094220 -0.008729
14.099221 -0.013346
14.104223 -0.017685
14.109224 -0.021911
14.114226 -0.025969
14.119227 -0.029583
14.124229 -0.032679
14.129230 -0.035594
14.134232 -0.038661
14.139233 -0.041707
14.144235 -0.044138
14.149236 -0.045316
14.154238 -0.044752
14.159239 -0.042202
14.164241 -0.037901
14.169242 -0.032567
14.174244 -0.026907
14.179245 -0.021134
14.184247 -0.015103
14.189248 -0.008723
14.194250 -0.002069
14.199251 0.004674
14.204253 0.011098
14.209254 0.016553
14.214256 0.020530
14.219257 0.023077
14.224259 0.024715
14.229260 0.026075
14.234262 0.027686
14.239263 0.029846
14.244265 0.032433
14.249266 0.034990
14.254268 0.037172
14.259269 0.039013
14.264271 0.040663
14.269272 0.042055
14.274274 0.042955
14.279275 0.043126
14.284277 0.042268
14.289278 0.040026
14.294280 0.036365
14.299281 0.031789
14.304283 0.026985
14.309284 0.022308
14.314286 0.017747
14.319287 0.013210
14.324289 0.008627
14.329290 0.003896
14.334292 -0.001054
14.339293 -0.006193
14.344295 -0.011466
14.349296 -0.016797
14.354298 -0.021925
14.359299 -0.026412
14.364301 -0.029964
14.369302 -0.032652
14.374304 -0.034652
14.379305 -0.035901
14.384307 -0.036121
14.389308 -0.035044
14.394310 -0.032500
14.399311 -0.028450
14.404313 -0.023127
14.409314 -0.017039
14.414316 -0.010734
14.419317 -0.004715
14.424319 0.000382
14.429320 0.003844
14.434322 0.005381
14.439323 0.005409
14.444325 0.004655
14.449326 0.003614
14.454328 0.002503
14.459329 0.001460
14.464331 0.000530
14.469332 -0.000328
14.474334 -0.000984
14.479335 -0.001041
14.484337 -0.000226
14.489338 0.001258
14.494340 0.002914
14.499341 0.004287
14.504343 0.004965
14.509344 0.004533
14.514346 0.002825
14.519347 0.000154
14.524349 -0.002901
14.529350 -0.005804
14.534352 -0.008103
14.539353 -0.009429
14.544355 -0.009705
14.549356 -0.009208
14.554358 -0.008241
14.559359 -0.006855
14.564361 -0.005004
14.569362 -0.002795
14.574364 -0.000453
14.579365 0.001726
14.584367 0.003266
14.589368 0.003588
14.594370 0.002439
14.599371 0.000163
14.604373 -0.002546
14.609374 -0.005044
14.614376 -0.006872
14.619377 -0.007779
14.624379 -0.007803
14.629380 -0.007181
14.634382 -0.006055
14.639383 -0.004387
14.644385 -0.002262
14.649386 -0.000077
14.654388 0.001720
14.659389 0.002880
14.664391 0.003283
14.669392 0.002870
14.674394 0.001828
14.679395 0.000598
14.684397 -0.000475
14.689398 -0.001313
14.694400 -0.001814
14.699401 -0.001610
14.704403 -0.000351
14.709404 0.001941
14.714406 0.004944
14.719407 0.008245
14.724409 0.011263
14.729410 0.013235
14.734412 0.013642
14.739413 0.012633
14.744414 0.010883
14.749416 0.009136
14.754417 0.007959
14.759419 0.007685
14.764420 0.008300
14.769422 0.009514
14.774423 0.011132
14.779425 0.013275
14.784426 0.016095
14.789428 0.019379
14.794429 0.022609
14.799431 0.025260
14.804432 0.026898
14.809434 0.027139
14.814435 0.025751
14.819437 0.022782
14.824438 0.018514
14.829440 0.013395
14.834441 0.008087
14.839443 0.003317
14.844444 -0.000514
14.849446 -0.003476
14.854447 -0.005763
14.859449 -0.007386
14.864450 -0.008285
14.869452 -0.008520
14.874453 -0.008192
14.879455 -0.007379
14.884456 -0.006329
14.889458 -0.005510
14.894459 -0.005291
14.899461 -0.005705
14.904462 -0.006667
14.909464 -0.008256
14.914465 -0.010606
14.919467 -0.013619
14.924468 -0.016947
14.929470 -0.020144
14.934471 -0.022710
14.939473 -0.024169
14.944474 -0.024339
14.949476 -0.023472
14.954477 -0.021951
14.959479 -0.019926
14.964480 -0.017372
14.969482 -0.014353
14.974483 -0.011050
14.979485 -0.007686
14.984486 -0.004613
14.989488 -0.002344
14.994489 -0.001258
14.999491 -0.001333
15.004492 -0.002253
15.009494 -0.003641
15.014495 -0.005063
15.019497 -0.006100
15.024498 -0.006641
15.029500 -0.006913
15.034501 -0.007055
15.039503 -0.006875
15.044504 -0.006197
15.049506 -0.005174
15.054507 -0.004074
15.059509 -0.002938
15.064510 -0.001640
15.069512 -0.000092
15.074513 0.001737
15.079515 0.003775
15.084516 0.005636
15.089518 0.006654
15.094519 0.006353
15.099521 0.004789
15.104522 0.002322
15.109524 -0.000730
15.114525 -0.004075
15.119527 -0.007310
15.124528 -0.010056
15.129530 -0.012093
15.134531 -0.013132
15.139533 -0.012651
15.144534 -0.010243
15.149536 -0.006036
15.154537 -0.000595
15.159539 0.005421
15.164540 0.011350
15.169542 0.016502
15.174543 0.020351
15.179545 0.022708
15.184546 0.023559
15.189548 0.022886
15.194549 0.020810
15.199551 0.017744
15.204552 0.014230
15.209554 0.010777
15.214555 0.007987
15.219557 0.006601
15.224558 0.007114
15.229560 0.009447
15.234561 0.013094
15.239563 0.017409
15.244564 0.021597
15.249566 0.024740
15.254567 0.026131
15.259569 0.025548
15.264570 0.023098
15.269572 0.018988
15.274573 0.013601
15.279575 0.007549
15.284576 0.001421
15.289578 -0.004406
15.294579 -0.009616
15.299581 -0.013887
15.304582 -0.017167
15.309584 -0.019737
15.314585 -0.021743
15.319587 -0.022843
15.324588 -0.022561
15.329590 -0.020845
15.334591 -0.018113
15.339593 -0.014935
15.344594 -0.011905
15.349596 -0.009569
15.354597 -0.008174
15.359599 -0.007504
15.364600 -0.007131
15.369602 -0.006749
15.374603 -0.006155
15.379605 -0.005130
15.384606 -0.003565
15.389608 -0.001577
15.394609 0.000724
15.399611 0.003440
15.404612 0.006673
15.409614 0.010227
15.414615 0.013694
15.419617 0.016717
15.424618 0.018986
15.429620 0.020188
15.434621 0.020165
15.439623 0.019016
15.444624 0.016872
15.449626 0.013709
15.454627 0.009600
15.459629 0.005021
15.464630 0.000736
15.469632 -0.002522
15.474633 -0.004206
15.479635 -0.004066
15.484636 -0.002420
15.489638 -0.000167
15.494639 0.001708
15.499641 0.002642
15.504642 0.002493
15.509644 0.001288
15.514645 -0.000818
15.519647 -0.003515
15.524648 -0.006539
15.529650 -0.009838
15.534651 -0.013391
15.539653 -0.016959
15.544654 -0.020200
15.549656 -0.022909
15.554657 -0.024966
15.559659 -0.026169
15.564660 -0.026366
15.569662 -0.025711
15.574663 -0.024608
15.579665 -0.023382
15.584666 -0.022102
15.589668 -0.020644
15.594669 -0.018799
15.599671 -0.016394
15.604672 -0.013467
15.609674 -0.010256
15.614675 -0.006910
15.619677 -0.003375
15.624678 0.000356
15.629680 0.004082
15.634681 0.007623
15.639683 0.010983
15.644684 0.014088
15.649686 0.016581
15.654687 0.018132
15.659689 0.018857
15.664690 0.019221
15.669692 0.019659
15.674693 0.020425
15.679695 0.021652
15.684696 0.023301
15.689698 0.025141
15.694699 0.026930
15.699701 0.028523
15.704702 0.029700
15.709704 0.030063
15.714705 0.029320
15.719706 0.027546
15.724708 0.025010
15.729709 0.021921
15.734711 0.018493
15.739712 0.015041
15.744714 0.011803
15.749715 0.008802
15.754717 0.006054
15.759718 0.003700
15.764720 0.001775
15.769721 0.000015
15.774723 -0.001893
15.779724 -0.004049
15.784726 -0.006493
15.789727 -0.009433
15.794729 -0.013042
15.799730 -0.017127
15.804732 -0.021194
15.809733 -0.024717
15.814735 -0.027220
15.819736 -0.028334
15.824738 -0.028052
15.829739 -0.026821
15.834741 -0.025182
15.839742 -0.023390
15.844744 -0.021542
15.849745 -0.019867
15.854747 -0.018654
15.859748 -0.017991
15.864750 -0.017763
15.869751 -0.017767
15.874753 -0.017669
15.879754 -0.017038
15.884756 -0.015665
15.889757 -0.013712
15.894759 -0.011405
15.899760 -0.008726
15.904762 -0.005601
15.909763 -0.002213
15.914765 0.001089
15.919766 0.004047
15.924768 0.006510
15.929769 0.008347
15.934771 0.009548
15.939772 0.010305
15.944774 0.010838
15.949775 0.011239
15.954777 0.011599
15.959778 0.012081
15.964780 0.012691
15.969781 0.013136
15.974783 0.013126
15.979784 0.012675
15.984786 0.011962
15.989787 0.011062
15.994789 0.010008
15.999790 0.008950
16.004792 0.008050
16.009793 0.007319
16.014795 0.006720
16.019796 0.006234
16.024798 0.005702
16.029799 0.004785
16.034801 0.003310
16.039802 0.001437
16.044804 -0.000673
16.049805 -0.003150
16.054807 -0.006109
16.059808 -0.009206
16.064810 -0.011727
16.069811 -0.012990
16.074813 -0.012548
16.079814 -0.010242
16.084816 -0.006336
16.089817 -0.001452
16.094819 0.003811
16.099820 0.009097
16.104822 0.014085
16.109823 0.018328
16.114825 0.021452
16.119826 0.023323
16.124828 0.023842
16.129829 0.022799
16.134831 0.020175
16.139832 0.016484
16.144834 0.012596
16.149835 0.009263
16.154837 0.006887
16.159838 0.005618
16.164840 0.005497
16.169841 0.006543
16.174843 0.008752
16.179844 0.011909
16.184846 0.015327
16.189847 0.017944
16.194849 0.018855
16.199850 0.017763
16.204852 0.014893
16.209853 0.010649
16.214855 0.005460
16.219856 -0.000252
16.224858 -0.006185
16.229859 -0.012134
16.234861 -0.017702
16.239862 -0.022165
16.244864 -0.024825
16.249865 -0.025451
16.254867 -0.024274
16.259868 -0.021724
16.264870 -0.018379
16.269871 -0.015012
16.274873 -0.012381
16.279874 -0.010965
16.284876 -0.011006
16.289877 -0.012598
16.294879 -0.015500
16.299880 -0.018976
16.304882 -0.022084
16.309883 -0.024099
16.314885 -0.024569
16.319886 -0.023208
16.324888 -0.019988
16.329889 -0.015245
16.334891 -0.009495
16.339892 -0.003245
16.344894 0.002922
16.349895 0.008330
16.354897 0.012463
16.359898 0.015131
16.364900 0.016345
16.369901 0.016241
16.374903 0.015245
16.379904 0.014044
16.384906 0.013101
16.389907 0.012355
16.394909 0.011545
16.399910 0.010684
16.404912 0.010012
16.409913 0.009673
16.414915 0.009653
16.419916 0.009884
16.424918 0.010132
16.429919 0.009883
16.434921 0.008627
16.439922 0.006244
16.444924 0.003012
16.449925 -0.000692
16.454927 -0.004514
16.459928 -0.008077
16.464930 -0.011072
16.469931 -0.013390
16.474933 -0.015094
16.479934 -0.016337
16.484936 -0.017366
16.489937 -0.018395
16.494939 -0.019315
16.499940 -0.019728
16.504942 -0.019435
16.509943 -0.018690
16.514945 -0.017808
16.519946 -0.016757
16.524948 -0.015395
16.529949 -0.013923
16.534951 -0.012792
16.539952 -0.012255
16.544954 -0.012190
16.549955 -0.012200
16.554957 -0.011685
16.559958 -0.010010
16.564960 -0.006915
16.569961 -0.002732
16.574963 0.001952
16.579964 0.006738
16.584966 0.011404
16.589967 0.015650
16.594969 0.019136
16.599970 0.021696
16.604972 0.023346
16.609973 0.024181
16.614975 0.024428
16.619976 0.024435
16.624978 0.024381
16.629979 0.024107
16.634981 0.023388
16.639982 0.022250
16.644984 0.020883
16.649985 0.019417
16.654987 0.017864
16.659988 0.016093
16.664990 0.013737
16.669991 0.010430
16.674993 0.006408
16.679994 0.002708
16.684996 0.000409
16.689997 -0.000333
16.694999 -0.000259
16.700000 -0.000105
