0.000000 0.000000
0.005002 0.002307
0.010003 0.001837
0.015005 0.000707
0.020006 -0.000265
0.025008 -0.000541
0.030009 -0.000273
0.035011 0.000090
0.040012 0.000329
0.045014 0.000463
0.050015 0.000492
0.055017 0.000410
0.060018 0.000348
0.065020 0.000435
0.070021 0.000615
0.075023 0.000760
0.080024 0.000839
0.085026 0.000818
0.090027 0.000614
0.095029 0.000306
0.100030 0.000182
0.105032 0.000377
0.110033 0.000662
0.115035 0.000789
0.120036 0.000792
0.125038 0.000758
0.130039 0.000579
0.135041 0.000201
0.140042 -0.000130
0.145044 -0.000135
0.150045 0.000144
0.155047 0.000486
0.160048 0.000793
0.165050 0.001052
0.170051 0.001162
0.175053 0.001028
0.180054 0.000705
0.185056 0.000296
0.190057 -0.000133
0.195059 -0.000418
0.200060 -0.000296
0.205062 0.000271
0.210063 0.000958
0.215065 0.001399
0.220066 0.001495
0.225068 0.001294
0.230069 0.000813
0.235071 0.000153
0.240072 -0.000396
0.245074 -0.000608
0.250075 -0.000524
0.255077 -0.000273
0.260078 0.000115
0.265080 0.000573
0.270081 0.000893
0.275083 0.000973
0.280084 0.000976
0.285086 0.001048
0.290087 0.001070
0.295089 0.000896
0.300090 0.000637
0.305092 0.000491
0.310093 0.000465
0.315095 0.000480
0.320096 0.000563
0.325098 0.000716
0.330099 0.000770
0.335101 0.000632
0.340102 0.000486
0.345104 0.000529
0.350105 0.000675
0.355107 0.000735
0.360108 0.000698
0.365110 0.000652
0.370112 0.000601
0.375113 0.000522
0.380115 0.000426
0.385116 0.000233
0.390118 -0.000199
0.395119 -0.000788
0.400121 -0.001164
0.405122 -0.001066
0.410124 -0.000623
0.415125 -0.000097
0.420127 0.000422
0.425128 0.000883
0.430130 0.001119
0.435131 0.001058
0.440133 0.000895
0.445134 0.000816
0.450136 0.000688
0.455137 0.000259
0.460139 -0.000495
0.465140 -0.001356
0.470142 -0.002033
0.475143 -0.002252
0.480145 -0.001896
0.485146 -0.001201
0.490148 -0.000604
0.495149 -0.000277
0.500151 -0.000028
0.505152 0.000263
0.510154 0.000430
0.515155 0.000353
0.520157 0.000225
0.525158 0.000294
0.530160 0.000598
0.535161 0.001105
0.540163 0.001800
0.545164 0.002392
0.550166 0.002207
0.555167 0.000717
0.560169 -0.001903
0.565170 -0.004921
0.570172 -0.007618
0.575173 -0.009569
0.580175 -0.010598
0.585176 -0.010688
0.590178 -0.009850
0.595179 -0.007942
0.600181 -0.004761
0.605182 -0.000429
0.610184 0.004513
0.615185 0.009508
0.620187 0.014252
0.625188 0.018369
0.630190 0.021032
0.635191 0.021119
0.640193 0.017674
0.645194 0.010249
0.650196 -0.000684
0.655197 -0.013268
0.660199 -0.024472
0.665200 -0.031291
0.670202 -0.032021
0.675203 -0.026590
0.680205 -0.016234
0.685206 -0.003199
0.690208 0.009615
0.695209 0.019423
0.700211 0.024309
0.705212 0.023580
0.710214 0.017943
0.715215 0.009585
0.720217 0.001510
0.725219 -0.003960
0.730220 -0.006285
0.735222 -0.006447
0.740223 -0.005913
0.745225 -0.005933
0.750226 -0.007266
0.755228 -0.009976
0.760229 -0.013372
0.765231 -0.016258
0.770232 -0.017190
0.775234 -0.014611
0.780235 -0.007301
0.785237 0.004714
0.790238 0.019623
0.795240 0.034301
0.800241 0.045354
0.805243 0.050032
0.810244 0.046876
0.815246 0.036017
0.820247 0.018821
0.825249 -0.002793
0.830250 -0.026267
0.835252 -0.047505
0.840253 -0.060826
0.845255 -0.061112
0.850256 -0.046991
0.855258 -0.022500
0.860259 0.004191
0.865261 0.024437
0.870262 0.033365
0.875264 0.032413
0.880265 0.028248
0.885267 0.028332
0.890268 0.035890
0.895270 0.047414
0.900271 0.054082
0.905273 0.046464
0.910274 0.020440
0.915276 -0.019012
0.920277 -0.059063
0.925279 -0.085128
0.930280 -0.087998
0.935282 -0.067775
0.940283 -0.033034
0.945285 0.003595
0.950286 0.031033
0.955288 0.043895
0.960289 0.043124
0.965291 0.033337
0.970292 0.019568
0.975294 0.005899
0.980295 -0.004141
0.985297 -0.007267
0.990298 -0.001390
0.995300 0.012552
1.000301 0.029286
1.005303 0.040017
1.010304 0.036075
1.015306 0.013836
1.020307 -0.022252
1.025309 -0.060654
1.030310 -0.087103
1.035312 -0.090231
1.040313 -0.066492
1.045315 -0.022550
1.050316 0.026729
1.055318 0.064720
1.060319 0.080718
1.065321 0.074279
1.070322 0.053767
1.075324 0.030476
1.080325 0.012214
1.085327 0.000390
1.090329 -0.007947
1.095330 -0.015541
1.100332 -0.022107
1.105333 -0.025309
1.110335 -0.023686
1.115336 -0.018473
1.120338 -0.013128
1.125339 -0.011335
1.130341 -0.014562
1.135342 -0.020409
1.140344 -0.023239
1.145345 -0.017487
1.150347 -0.001632
1.155348 0.020011
1.160350 0.038955
1.165351 0.046679
1.170353 0.039068
1.175354 0.018821
1.180356 -0.005763
1.185357 -0.025011
1.190359 -0.032421
1.195360 -0.026963
1.200362 -0.012585
1.205363 0.004149
1.210365 0.017124
1.215366 0.023110
1.220368 0.022254
1.225369 0.016636
1.230371 0.008419
1.235372 -0.000979
1.240374 -0.010804
1.245375 -0.020520
1.250377 -0.029132
1.255378 -0.034694
1.260380 -0.034981
1.265381 -0.029210
1.270383 -0.018904
1.275384 -0.006632
1.280386 0.006055
1.285387 0.019093
1.290389 0.032308
1.295390 0.043547
1.300392 0.048463
1.305393 0.042436
1.310395 0.023509
1.315396 -0.005500
1.320398 -0.037121
1.325399 -0.061483
1.330401 -0.069514
1.335402 -0.056251
1.340404 -0.023769
1.345405 0.017766
1.350407 0.053088
1.355408 0.068659
1.360410 0.059561
1.365411 0.031879
1.370413 -0.000759
1.375414 -0.024114
1.380416 -0.029883
1.385417 -0.018660
1.390419 0.001808
1.395420 0.021521
1.400422 0.032902
1.405423 0.032766
1.410425 0.021699
1.415426 0.002511
1.420428 -0.020796
1.425429 -0.043139
1.430431 -0.058128
1.435432 -0.058976
1.440434 -0.041577
1.445436 -0.008319
1.450437 0.030759
1.455439 0.061415
1.460440 0.071543
1.465442 0.056739
1.470443 0.022577
1.475445 -0.017203
1.480446 -0.046255
1.485448 -0.053043
1.490449 -0.036418
1.495451 -0.005985
1.500452 0.023015
1.505454 0.037260
1.510455 0.031321
1.515457 0.009256
1.520458 -0.018454
1.525460 -0.040299
1.530461 -0.048200
1.535463 -0.039499
1.540464 -0.017203
1.545466 0.010734
1.550467 0.033583
1.555469 0.041723
1.560470 0.030719
1.565472 0.003453
1.570473 -0.030496
1.575475 -0.057746
1.580476 -0.065634
1.585478 -0.047236
1.590479 -0.004858
1.595481 0.049838
1.600482 0.099177
1.605484 0.125095
1.610485 0.115541
1.615487 0.069753
1.620488 -0.000065
1.625490 -0.072174
1.630491 -0.122889
1.635493 -0.135342
1.640494 -0.106050
1.645496 -0.046401
1.650497 0.022001
1.655499 0.076105
1.660500 0.099904
1.665502 0.089137
1.670503 0.051397
1.675505 0.002515
1.680506 -0.039643
1.685508 -0.062040
1.690509 -0.060940
1.695511 -0.041790
1.700512 -0.015255
1.705514 0.007828
1.710515 0.020154
1.715517 0.019532
1.720518 0.008558
1.725520 -0.006903
1.730521 -0.019709
1.735523 -0.023692
1.740524 -0.016075
1.745526 0.000884
1.750527 0.020518
1.755529 0.034800
1.760530 0.037962
1.765532 0.028750
1.770533 0.010765
1.775535 -0.008807
1.780536 -0.021918
1.785538 -0.023074
1.790539 -0.011856
1.795541 0.006873
1.800542 0.025029
1.805544 0.034613
1.810546 0.031018
1.815547 0.015051
1.820549 -0.007437
1.825550 -0.028229
1.830552 -0.040225
1.835553 -0.040004
1.840555 -0.028767
1.845556 -0.011634
1.850558 0.004557
1.855559 0.014243
1.860561 0.015362
1.865562 0.009595
1.870564 0.000843
1.875565 -0.006879
1.880567 -0.011054
1.885568 -0.011086
1.890570 -0.007453
1.895571 -0.000712
1.900573 0.008249
1.905574 0.017101
1.910576 0.022164
1.915577 0.020575
1.920579 0.012699
1.925580 0.002362
1.930582 -0.005306
1.935583 -0.006592
1.940585 -0.000829
1.945586 0.009615
1.950588 0.020643
1.955589 0.028203
1.960591 0.029549
1.965592 0.023713
1.970594 0.011649
1.975595 -0.003795
1.980597 -0.018525
1.985598 -0.028615
1.990600 -0.031666
1.995601 -0.027468
2.000603 -0.018002
2.005604 -0.006886
2.010606 0.002079
2.015607 0.006811
2.020609 0.007785
2.025610 0.006951
2.030612 0.005946
2.035613 0.005419
2.040615 0.005605
2.045616 0.006846
2.050618 0.009255
2.055619 0.011976
2.060621 0.012965
2.065622 0.009818
2.070624 0.001374
2.075625 -0.011028
2.080627 -0.023813
2.085628 -0.032805
2.090630 -0.034910
2.095631 -0.029044
2.100633 -0.016576
2.105634 -0.001287
2.110636 0.011862
2.115637 0.019005
2.120639 0.019061
2.125640 0.013617
2.130642 0.005760
2.135643 -0.000902
2.140645 -0.003186
2.145646 0.000097
2.150648 0.006715
2.155649 0.011436
2.160651 0.008822
2.165653 -0.003069
2.170654 -0.020499
2.175656 -0.035176
2.180657 -0.038507
2.185659 -0.026309
2.190660 -0.000750
2.195662 0.031278
2.200663 0.061193
2.205665 0.080898
2.210666 0.084039
2.215668 0.067441
2.220669 0.032766
2.225671 -0.012730
2.230672 -0.057400
2.235674 -0.088661
2.240675 -0.097907
2.245677 -0.084503
2.250678 -0.055961
2.255680 -0.023664
2.260681 0.002858
2.265683 0.019258
2.270684 0.026016
2.275686 0.026041
2.280687 0.022382
2.285689 0.017257
2.290690 0.012375
2.295692 0.009452
2.300693 0.009754
2.305695 0.012851
2.310696 0.016188
2.315698 0.016438
2.320699 0.011622
2.325701 0.002269
2.330702 -0.008908
2.335704 -0.018203
2.340705 -0.022326
2.345707 -0.019575
2.350708 -0.010323
2.355710 0.003165
2.360711 0.017074
2.365713 0.026606
2.370714 0.027504
2.375716 0.018368
2.380717 0.002132
2.385719 -0.014835
2.390720 -0.025608
2.395722 -0.025920
2.400723 -0.016242
2.405725 -0.001778
2.410726 0.009964
2.415728 0.013034
2.420729 0.006075
2.425731 -0.007081
2.430732 -0.019103
2.435734 -0.022087
2.440735 -0.011046
2.445737 0.013044
2.450738 0.042417
2.455740 0.065083
2.460741 0.069812
2.465743 0.051103
2.470744 0.012000
2.475746 -0.036426
2.480747 -0.078890
2.485749 -0.101488
2.490750 -0.096535
2.495752 -0.064948
2.500753 -0.015913
2.505755 0.035816
2.510756 0.074602
2.515758 0.089223
2.520759 0.076479
2.525761 0.041741
2.530763 -0.002986
2.535764 -0.042473
2.540766 -0.062872
2.545767 -0.056841
2.550769 -0.026980
2.555770 0.014719
2.560772 0.051569
2.565773 0.068904
2.570775 0.059898
2.575776 0.028065
2.580778 -0.014549
2.585779 -0.052382
2.590781 -0.072114
2.595782 -0.067169
2.600784 -0.040121
2.605785 -0.002220
2.610787 0.030865
2.615788 0.046127
2.620790 0.039590
2.625791 0.018125
2.630793 -0.004350
2.635794 -0.014172
2.640796 -0.005049
2.645797 0.018709
2.650799 0.044755
2.655800 0.059590
2.660802 0.055455
2.665803 0.033396
2.670805 0.001653
2.675806 -0.028777
2.680808 -0.048848
2.685809 -0.054284
2.690811 -0.045549
2.695812 -0.025945
2.700814 -0.000048
2.705815 0.026446
2.710817 0.046642
2.715818 0.053664
2.720820 0.043138
2.725821 0.015672
2.730823 -0.021965
2.735824 -0.057925
2.740826 -0.079090
2.745827 -0.076501
2.750829 -0.049682
2.755830 -0.007380
2.760832 0.035569
2.765833 0.063768
2.770835 0.067225
2.775836 0.045563
2.780838 0.008396
2.785839 -0.028690
2.790841 -0.050795
2.795842 -0.050006
2.800844 -0.028722
2.805845 0.001546
2.810847 0.025660
2.815848 0.032120
2.820850 0.018237
2.825851 -0.009248
2.830853 -0.037704
2.835854 -0.054148
2.840856 -0.050629
2.845857 -0.027599
2.850859 0.006285
2.855860 0.038060
2.860862 0.056063
2.865863 0.054529
2.870865 0.035475
2.875866 0.007462
2.880868 -0.018271
2.885869 -0.032622
2.890871 -0.031951
2.895873 -0.018559
2.900874 0.001126
2.905876 0.019360
2.910877 0.030041
2.915879 0.030918
2.920880 0.023880
2.925882 0.013104
2.930883 0.002522
2.935885 -0.005523
2.940886 -0.010062
2.945888 -0.010637
2.950889 -0.006840
2.955891 0.001260
2.960892 0.012055
2.965894 0.021809
2.970895 0.025665
2.975897 0.019952
2.980898 0.004201
2.985900 -0.018280
2.990901 -0.041038
2.995903 -0.056112
3.000904 -0.056951
3.005906 -0.042034
3.010907 -0.016781
3.015909 0.008277
3.020910 0.022484
3.025912 0.020344
3.030913 0.004276
3.035915 -0.016581
3.040916 -0.030981
3.045918 -0.031101
3.050919 -0.015823
3.055921 0.009663
3.060922 0.036758
3.065924 0.056917
3.070925 0.064469
3.075927 0.058149
3.080928 0.040762
3.085930 0.017373
3.090931 -0.006526
3.095933 -0.025922
3.100934 -0.036823
3.105936 -0.037208
3.110937 -0.027989
3.115939 -0.012989
3.120940 0.002221
3.125942 0.012130
3.130943 0.013195
3.135945 0.005195
3.140946 -0.008798
3.145948 -0.023852
3.150949 -0.034911
3.155951 -0.037882
3.160952 -0.030329
3.165954 -0.012328
3.170955 0.012810
3.175957 0.038665
3.180958 0.057055
3.185960 0.060620
3.190961 0.046189
3.195963 0.017297
3.200964 -0.016288
3.205966 -0.042460
3.210967 -0.051911
3.215969 -0.041708
3.220970 -0.016032
3.225972 0.015693
3.230973 0.042583
3.235975 0.056636
3.240976 0.055512
3.245978 0.042304
3.250980 0.022924
3.255981 0.003074
3.260983 -0.013647
3.265984 -0.026015
3.270986 -0.034244
3.275987 -0.038930
3.280989 -0.040898
3.285990 -0.041574
3.290992 -0.042381
3.295993 -0.042871
3.300995 -0.039516
3.305996 -0.027162
3.310998 -0.002645
3.315999 0.031874
3.321001 0.068133
3.326002 0.094282
3.331004 0.099753
3.336005 0.080138
3.341007 0.039507
3.346008 -0.010821
3.351010 -0.056026
3.356011 -0.082438
3.361013 -0.082013
3.366014 -0.055535
3.371016 -0.013006
3.376017 0.029551
3.381019 0.055883
3.386020 0.055726
3.391022 0.029127
3.396023 -0.013158
3.401025 -0.054127
3.406026 -0.078110
3.411028 -0.077396
3.416029 -0.054531
3.421031 -0.019860
3.426032 0.013743
3.431034 0.036549
3.436035 0.045698
3.441037 0.045140
3.446038 0.041911
3.451040 0.041391
3.456041 0.044545
3.461043 0.048193
3.466044 0.047315
3.471046 0.037911
3.476047 0.019074
3.481049 -0.006589
3.486050 -0.034010
3.491052 -0.057121
3.496053 -0.070260
3.501055 -0.069883
3.506056 -0.056313
3.511058 -0.034110
3.516059 -0.010336
3.521061 0.008205
3.526062 0.017208
3.531064 0.016139
3.536065 0.008529
3.541067 0.000723
3.546068 -0.001139
3.551070 0.005492
3.556071 0.018040
3.561073 0.030163
3.566074 0.035187
3.571076 0.029726
3.576077 0.015442
3.581079 -0.002119
3.586080 -0.016759
3.591082 -0.024549
3.596083 -0.024779
3.601085 -0.019192
3.606086 -0.010664
3.611088 -0.001987
3.616090 0.004967
3.621091 0.009342
3.626093 0.010826
3.631094 0.009491
3.636096 0.006274
3.641097 0.003133
3.646099 0.002086
3.651100 0.003844
3.656102 0.007287
3.661103 0.010088
3.666105 0.009945
3.671106 0.005927
3.676108 -0.000666
3.681109 -0.006733
3.686111 -0.009151
3.691112 -0.006583
3.696114 -0.000005
3.701115 0.008007
3.706117 0.014415
3.711118 0.016753
3.716120 0.013745
3.721121 0.005234
3.726123 -0.008156
3.731124 -0.024731
3.736126 -0.040987
3.741127 -0.051912
3.746129 -0.053158
3.751130 -0.043667
3.756132 -0.026569
3.761133 -0.007648
3.766135 0.007638
3.771136 0.016875
3.776138 0.021491
3.781139 0.024923
3.786141 0.029453
3.791142 0.034317
3.796144 0.036522
3.801145 0.033198
3.806147 0.023437
3.811148 0.008725
3.816150 -0.007715
3.821151 -0.022138
3.826153 -0.031528
3.831154 -0.034228
3.836156 -0.029882
3.841157 -0.019274
3.846159 -0.004334
3.851160 0.012240
3.856162 0.027860
3.861163 0.040477
3.866165 0.048027
3.871166 0.047968
3.876168 0.038252
3.881169 0.019276
3.886171 -0.004950
3.891172 -0.027573
3.896174 -0.041542
3.901175 -0.043058
3.906177 -0.033938
3.911178 -0.020861
3.916180 -0.011438
3.921181 -0.009595
3.926183 -0.013398
3.931184 -0.016508
3.936186 -0.012295
3.941187 0.001614
3.946189 0.020965
3.951190 0.036581
3.956192 0.039592
3.961193 0.026959
3.966195 0.003740
3.971197 -0.019190
3.976198 -0.030660
3.981200 -0.025135
3.986201 -0.005851
3.991203 0.016862
3.996204 0.031168
4.001206 0.029727
4.006207 0.012763
4.011209 -0.012627
4.016210 -0.035809
4.021212 -0.047045
4.026213 -0.041448
4.031215 -0.020775
4.036216 0.007635
4.041218 0.033941
4.046219 0.049382
4.051221 0.049267
4.056222 0.034510
4.061224 0.011000
4.066225 -0.012939
4.071227 -0.029608
4.076228 -0.034397
4.081230 -0.027310
4.086231 -0.013174
4.091233 0.000242
4.096234 0.005981
4.101236 0.001452
4.106237 -0.010338
4.111239 -0.022323
4.116240 -0.026669
4.121242 -0.018558
4.126243 0.001033
4.131245 0.025224
4.136246 0.044220
4.141248 0.049767
4.146249 0.038784
4.151251 0.014755
4.156252 -0.013514
4.161254 -0.035485
4.166255 -0.043377
4.171257 -0.035229
4.176258 -0.015102
4.181260 0.009009
4.186261 0.028160
4.191263 0.035472
4.196264 0.028495
4.201266 0.009976
4.206267 -0.013414
4.211269 -0.033547
4.216270 -0.043417
4.221272 -0.039412
4.226273 -0.022879
4.231275 -0.000083
4.236276 0.019943
4.241278 0.028884
4.246279 0.022508
4.251281 0.002757
4.256282 -0.022403
4.261284 -0.041950
4.266285 -0.046738
4.271287 -0.033825
4.276288 -0.007792
4.281290 0.021425
4.286291 0.042912
4.291293 0.049451
4.296294 0.040401
4.301296 0.021257
4.306297 0.000326
4.311299 -0.015100
4.316300 -0.021138
4.321302 -0.018072
4.326303 -0.009859
4.331305 -0.002262
4.336307 0.000119
4.341308 -0.003695
4.346310 -0.010739
4.351311 -0.015909
4.356313 -0.014614
4.361314 -0.005021
4.366316 0.010917
4.371317 0.028163
4.376319 0.040729
4.381320 0.043943
4.386322 0.035854
4.391323 0.017782
4.396325 -0.005762
4.401326 -0.028136
4.406328 -0.042709
4.411329 -0.045148
4.416331 -0.034824
4.421332 -0.015112
4.426334 0.007371
4.431335 0.024830
4.436337 0.031320
4.441338 0.025243
4.446340 0.009921
4.451341 -0.007863
4.456343 -0.020551
4.461344 -0.022798
4.466346 -0.013652
4.471347 0.003253
4.476349 0.021514
4.481350 0.034461
4.486352 0.037197
4.491353 0.028017
4.496355 0.009077
4.501356 -0.014429
4.506358 -0.036544
4.511359 -0.052765
4.516361 -0.060731
4.521362 -0.059578
4.526364 -0.049096
4.531365 -0.029551
4.536367 -0.002332
4.541368 0.028886
4.546370 0.057634
4.551371 0.076166
4.556373 0.078785
4.561374 0.064793
4.566376 0.038996
4.571377 0.009722
4.576379 -0.014321
4.581380 -0.027172
4.586382 -0.027606
4.591383 -0.018926
4.596385 -0.006680
4.601386 0.003958
4.606388 0.009525
4.611389 0.008482
4.616391 0.001215
4.621392 -0.010003
4.626394 -0.021582
4.631395 -0.029740
4.636397 -0.031851
4.641398 -0.027623
4.646400 -0.019454
4.651401 -0.011233
4.656403 -0.006000
4.661404 -0.004165
4.666406 -0.003535
4.671407 -0.000790
4.676409 0.006700
4.681410 0.019349
4.686412 0.034596
4.691414 0.047620
4.696415 0.053557
4.701417 0.049856
4.706418 0.037289
4.711420 0.019361
4.716421 0.000867
4.721423 -0.013805
4.726424 -0.022158
4.731426 -0.024320
4.736427 -0.022792
4.741429 -0.021541
4.746430 -0.024615
4.751432 -0.034198
4.756433 -0.048773
4.761435 -0.062879
4.766436 -0.069177
4.771438 -0.061657
4.776439 -0.038243
4.781441 -0.001977
4.786442 0.039359
4.791444 0.075365
4.796445 0.096523
4.801447 0.097596
4.806448 0.079404
4.811450 0.048427
4.816451 0.014448
4.821453 -0.013217
4.826454 -0.029449
4.831456 -0.034871
4.836457 -0.034226
4.841459 -0.032916
4.846460 -0.034014
4.851462 -0.036995
4.856463 -0.038294
4.861465 -0.033433
4.866466 -0.019927
4.871468 0.000691
4.876469 0.023056
4.881471 0.040165
4.886472 0.046264
4.891474 0.039117
4.896475 0.020751
4.901477 -0.003603
4.906478 -0.027532
4.911480 -0.045020
4.916481 -0.051137
4.921483 -0.042836
4.926484 -0.020454
4.931486 0.011095
4.936487 0.042903
4.941489 0.064699
4.946490 0.068710
4.951492 0.053399
4.956493 0.025204
4.961495 -0.003503
4.966496 -0.020030
4.971498 -0.017655
4.976499 0.000928
4.981501 0.024800
4.986502 0.040201
4.991504 0.037818
4.996505 0.018076
5.001507 -0.009337
5.006508 -0.031884
5.011510 -0.042031
5.016511 -0.041017
5.021513 -0.036520
5.026514 -0.036485
5.031516 -0.043248
5.036517 -0.051311
5.041519 -0.050023
5.046520 -0.029710
5.051522 0.012077
5.056524 0.067472
5.061525 0.119859
5.066527 0.149792
5.071528 0.143284
5.076530 0.098706
5.081531 0.028130
5.086533 -0.048012
5.091534 -0.109641
5.096536 -0.143924
5.101537 -0.147384
5.106539 -0.123715
5.111540 -0.080011
5.116542 -0.024261
5.121543 0.034658
5.126545 0.085793
5.131546 0.116526
5.136548 0.116205
5.141549 0.081686
5.146551 0.021525
5.151552 -0.044246
5.156554 -0.090200
5.161555 -0.096153
5.166557 -0.057657
5.171558 0.009966
5.176560 0.077512
5.181561 0.115137
5.186563 0.106190
5.191564 0.055001
5.196566 -0.014997
5.201567 -0.072250
5.206569 -0.092258
5.211570 -0.069429
5.216572 -0.019541
5.221573 0.028302
5.226575 0.046176
5.231576 0.021311
5.236578 -0.037322
5.241579 -0.103174
5.246581 -0.144606
5.251582 -0.138912
5.256584 -0.081420
5.261585 0.013065
5.266587 0.115791
5.271588 0.194195
5.276590 0.223138
5.281591 0.193190
5.286593 0.113181
5.291594 0.006855
5.296596 -0.094703
5.301597 -0.162648
5.306599 -0.179292
5.311600 -0.143327
5.316602 -0.069554
5.321603 0.016308
5.326605 0.085796
5.331606 0.116741
5.336608 0.100792
5.341609 0.046561
5.346611 -0.023297
5.351612 -0.080242
5.356614 -0.100474
5.361615 -0.074490
5.366617 -0.011812
5.371618 0.061934
5.376620 0.115222
5.381621 0.123736
5.386623 0.080468
5.391624 -0.001360
5.396626 -0.093419
5.401627 -0.163240
5.406629 -0.186501
5.411631 -0.155492
5.416632 -0.080707
5.421634 0.014038
5.426635 0.100280
5.431637 0.154314
5.436638 0.164438
5.441640 0.133613
5.446641 0.076824
5.451643 0.014727
5.456644 -0.033674
5.461646 -0.057054
5.466647 -0.054751
5.471649 -0.035609
5.476650 -0.013133
5.481652 0.000626
5.486653 -0.000351
5.491655 -0.014464
5.496656 -0.033995
5.501658 -0.048910
5.506659 -0.051394
5.511661 -0.039050
5.516662 -0.015562
5.521664 0.010889
5.526665 0.030668
5.531667 0.036545
5.536668 0.027139
5.541670 0.008054
5.546671 -0.010283
5.551673 -0.017079
5.556674 -0.005910
5.561676 0.021782
5.566677 0.055780
5.571679 0.080022
5.576680 0.079220
5.581682 0.046414
5.586683 -0.012448
5.591685 -0.079471
5.596686 -0.131264
5.601688 -0.148464
5.606689 -0.124061
5.611691 -0.066253
5.616692 0.005651
5.621694 0.069635
5.626695 0.109181
5.631697 0.117954
5.636698 0.099884
5.641700 0.065348
5.646701 0.025774
5.651703 -0.010338
5.656704 -0.038534
5.661706 -0.057585
5.666707 -0.068235
5.671709 -0.072038
5.676710 -0.070272
5.681712 -0.063301
5.686713 -0.050702
5.691715 -0.031821
5.696716 -0.006522
5.701718 0.023660
5.706719 0.054266
5.711721 0.077813
5.716722 0.085794
5.721724 0.072203
5.726725 0.037098
5.731727 -0.011424
5.736728 -0.058425
5.741730 -0.087247
5.746731 -0.086828
5.751733 -0.057081
5.756734 -0.009075
5.761736 0.039929
5.766737 0.073850
5.771739 0.084280
5.776741 0.073238
5.781742 0.050779
5.786744 0.028826
5.791745 0.015004
5.796747 0.009912
5.801748 0.008554
5.806750 0.004395
5.811751 -0.006137
5.816753 -0.020954
5.821754 -0.033137
5.826756 -0.034975
5.831757 -0.022671
5.836759 0.001102
5.841760 0.027792
5.846762 0.046140
5.851763 0.046791
5.856765 0.026581
5.861766 -0.009547
5.866768 -0.050070
5.871769 -0.081080
5.876771 -0.091428
5.881772 -0.077074
5.886774 -0.042923
5.891775 -0.000829
5.896777 0.035538
5.901778 0.056114
5.906780 0.057428
5.911781 0.042556
5.916783 0.018890
5.921784 -0.005295
5.926786 -0.024092
5.931787 -0.035296
5.936789 -0.039259
5.941790 -0.036893
5.946792 -0.028805
5.951793 -0.015841
5.956795 -0.000065
5.961796 0.014768
5.966798 0.023831
5.971799 0.023315
5.976801 0.013294
5.981802 -0.000725
5.986804 -0.009345
5.991805 -0.003653
5.996807 0.019642
6.001808 0.054862
6.006810 0.088027
6.011811 0.102340
6.016813 0.086391
6.021814 0.040533
6.026816 -0.022365
6.031817 -0.082056
6.036819 -0.119097
6.041820 -0.122420
6.046822 -0.093233
6.051823 -0.043621
6.056825 0.009290
6.061826 0.050413
6.066828 0.071555
6.071829 0.072546
6.076831 0.059011
6.081832 0.038237
6.086834 0.015455
6.091835 -0.007089
6.096837 -0.027942
6.101838 -0.043721
6.106840 -0.048973
6.111841 -0.039163
6.116843 -0.014586
6.121844 0.017677
6.126846 0.045532
6.131847 0.057199
6.136849 0.047434
6.141851 0.020858
6.146852 -0.009804
6.151854 -0.029663
6.156855 -0.028803
6.161857 -0.007442
6.166858 0.023478
6.171860 0.047191
6.176861 0.049419
6.181863 0.025505
6.186864 -0.017460
6.191866 -0.064098
6.196867 -0.097567
6.201869 -0.106688
6.206870 -0.090402
6.211872 -0.057548
6.216873 -0.022152
6.221875 0.003099
6.226876 0.011934
6.231878 0.006274
6.236879 -0.005517
6.241881 -0.013082
6.246882 -0.009246
6.251884 0.006776
6.256885 0.029668
6.261887 0.050977
6.266888 0.062734
6.271890 0.060300
6.276891 0.043727
6.281893 0.017347
6.286894 -0.011905
6.291896 -0.036272
6.296897 -0.048528
6.301899 -0.043537
6.306900 -0.020343
6.311902 0.016279
6.316903 0.056149
6.321905 0.086170
6.326906 0.094489
6.331908 0.075294
6.336909 0.032261
6.341911 -0.021775
6.346912 -0.069434
6.351914 -0.095270
6.356915 -0.090864
6.361917 -0.056998
6.366918 -0.003157
6.371920 0.055153
6.376921 0.100671
6.381923 0.119163
6.386924 0.103575
6.391926 0.056788
6.396927 -0.008073
6.401929 -0.071053
6.406930 -0.112337
6.411932 -0.120036
6.416933 -0.094940
6.421935 -0.049899
6.426936 -0.003980
6.431938 0.026063
6.436939 0.032864
6.441941 0.020278
6.446942 -0.000574
6.451944 -0.017915
6.456945 -0.024608
6.461947 -0.020060
6.466948 -0.008786
6.471950 0.003168
6.476951 0.011797
6.481953 0.016513
6.486954 0.018811
6.491956 0.019970
6.496958 0.019841
6.501959 0.017376
6.506961 0.012210
6.511962 0.006223
6.516964 0.003670
6.521965 0.008881
6.526967 0.022494
6.531968 0.039314
6.536970 0.050258
6.541971 0.047569
6.546973 0.029856
6.551974 0.003753
6.556976 -0.018903
6.561977 -0.027039
6.566979 -0.016298
6.571980 0.008380
6.576982 0.034782
6.581983 0.048563
6.586985 0.039105
6.591986 0.004373
6.596988 -0.046683
6.601989 -0.095989
6.606991 -0.123060
6.611992 -0.114125
6.616994 -0.069111
6.621995 -0.002552
6.626997 0.062506
6.631998 0.104793
6.637000 0.113680
6.642001 0.091743
6.647003 0.050672
6.652004 0.004602
6.657006 -0.034881
6.662007 -0.060815
6.667009 -0.071023
6.672010 -0.067301
6.677012 -0.054220
6.682013 -0.037938
6.687015 -0.024875
6.692016 -0.019677
6.697018 -0.022798
6.702019 -0.029446
6.707021 -0.031393
6.712022 -0.021263
6.717024 0.002818
6.722025 0.034724
6.727027 0.061726
6.732028 0.069930
6.737030 0.051498
6.742031 0.009722
6.747033 -0.041080
6.752034 -0.080792
6.757036 -0.091402
6.762037 -0.064495
6.767039 -0.005552
6.772040 0.066932
6.777042 0.127544
6.782043 0.152905
6.787045 0.130249
6.792046 0.062921
6.797048 -0.029296
6.802049 -0.116191
6.807051 -0.168043
6.812052 -0.167084
6.817054 -0.114392
6.822055 -0.029254
6.827057 0.058703
6.832058 0.121457
6.837060 0.143426
6.842061 0.126183
6.847063 0.085223
6.852064 0.041260
6.857066 0.010794
6.862068 -0.000036
6.867069 0.003652
6.872071 0.009758
6.877072 0.006386
6.882074 -0.011720
6.887075 -0.040485
6.892077 -0.068298
6.897078 -0.081242
6.902080 -0.069809
6.907081 -0.034233
6.912083 0.014571
6.917084 0.059388
6.922086 0.084020
6.927087 0.079757
6.932089 0.048512
6.937090 0.001877
6.942092 -0.043481
6.947093 -0.072393
6.952095 -0.076764
6.957096 -0.057772
6.962098 -0.024461
6.967099 0.009928
6.972101 0.032509
6.977102 0.035046
6.982104 0.016752
6.987105 -0.015360
6.992107 -0.048711
6.997108 -0.069508
7.002110 -0.068103
7.007111 -0.043162
7.012113 -0.002292
7.017114 0.041202
7.022116 0.073298
7.027117 0.083702
7.032119 0.069110
7.037120 0.034932
7.042122 -0.005727
7.047123 -0.036617
7.052125 -0.045011
7.057126 -0.027465
7.062128 0.007989
7.067129 0.044519
7.072131 0.063563
7.077132 0.053464
7.082134 0.015391
7.087135 -0.036508
7.092137 -0.080825
7.097138 -0.097938
7.102140 -0.078705
7.107141 -0.028931
7.112143 0.032825
7.117144 0.083217
7.122146 0.103746
7.127147 0.087669
7.132149 0.042011
7.137150 -0.015411
7.142152 -0.063096
7.147153 -0.084790
7.152155 -0.076340
7.157156 -0.046956
7.162158 -0.014367
7.167159 0.003599
7.172161 -0.002753
7.177162 -0.030433
7.182164 -0.065022
7.187165 -0.087183
7.192167 -0.081307
7.197168 -0.042584
7.202170 0.020083
7.207171 0.086620
7.212173 0.133437
7.217175 0.143329
7.222176 0.112834
7.227178 0.053393
7.232179 -0.013741
7.237181 -0.066085
7.242182 -0.088345
7.247184 -0.077504
7.252185 -0.042709
7.257187 -0.000487
7.262188 0.031987
7.267190 0.042745
7.272191 0.028513
7.277193 -0.004690
7.282194 -0.044034
7.287196 -0.074778
7.292197 -0.085569
7.297199 -0.071994
7.302200 -0.037544
7.307202 0.007785
7.312203 0.050800
7.317205 0.079497
7.322206 0.087009
7.327208 0.073668
7.332209 0.046723
7.337211 0.017756
7.342212 -0.001886
7.347214 -0.006072
7.352215 0.003398
7.357217 0.017983
7.362218 0.026581
7.367220 0.020480
7.372221 -0.002697
7.377223 -0.037271
7.382224 -0.071006
7.387226 -0.089772
7.392227 -0.083433
7.397229 -0.050297
7.402230 0.001756
7.407232 0.057981
7.412233 0.102451
7.417235 0.124282
7.422236 0.121241
7.427238 0.099114
7.432239 0.067884
7.437241 0.037168
7.442242 0.012801
7.447244 -0.004304
7.452245 -0.016682
7.457247 -0.027266
7.462248 -0.037116
7.467250 -0.045381
7.472251 -0.050674
7.477253 -0.052214
7.482254 -0.050175
7.487256 -0.045621
7.492257 -0.040020
7.497259 -0.034348
7.502260 -0.028469
7.507262 -0.021545
7.512263 -0.013103
7.517265 -0.003753
7.522266 0.004971
7.527268 0.011507
7.532269 0.015444
7.537271 0.018095
7.542272 0.021644
7.547274 0.027302
7.552275 0.034145
7.557277 0.039685
7.562278 0.041398
7.567280 0.037804
7.572281 0.028713
7.577283 0.015032
7.582285 -0.001512
7.587286 -0.018564
7.592288 -0.033114
7.597289 -0.041713
7.602291 -0.041660
7.607292 -0.032837
7.612294 -0.018563
7.617295 -0.004480
7.622297 0.003640
7.627298 0.001762
7.632300 -0.011221
7.637301 -0.032775
7.642303 -0.056765
7.647304 -0.074686
7.652306 -0.077999
7.657307 -0.061139
7.662309 -0.024481
7.667310 0.024243
7.672312 0.071761
7.677313 0.104181
7.682315 0.112452
7.687316 0.095495
7.692318 0.060036
7.697319 0.017796
7.702321 -0.018781
7.707322 -0.040729
7.712324 -0.044979
7.717325 -0.034244
7.722327 -0.015177
7.727328 0.003940
7.732330 0.015581
7.737331 0.015322
7.742333 0.003415
7.747334 -0.015187
7.752336 -0.032455
7.757337 -0.040139
7.762339 -0.033238
7.767340 -0.012820
7.772342 0.013649
7.777343 0.035202
7.782345 0.042152
7.787346 0.030487
7.792348 0.004221
7.797349 -0.025321
7.802351 -0.043690
7.807352 -0.039694
7.812354 -0.010878
7.817355 0.034686
7.822357 0.080958
7.827358 0.109580
7.832360 0.106743
7.837361 0.068906
7.842363 0.004878
7.847364 -0.066929
7.852366 -0.124882
7.857367 -0.151610
7.862369 -0.140090
7.867370 -0.096154
7.872372 -0.036004
7.877373 0.020458
7.882375 0.057316
7.887376 0.067952
7.892378 0.056415
7.897379 0.034819
7.902381 0.017642
7.907382 0.015038
7.912384 0.028261
7.917385 0.049424
7.922387 0.065408
7.927388 0.063969
7.932390 0.039622
7.937392 -0.003087
7.942393 -0.050756
7.947395 -0.086463
7.952396 -0.096617
7.957398 -0.076298
7.962399 -0.031361
7.967401 0.023290
7.972402 0.069117
7.977404 0.091292
7.982405 0.084473
7.987407 0.054037
7.992408 0.012783
7.997410 -0.024576
8.002411 -0.046672
8.007413 -0.048968
8.012414 -0.034564
8.017416 -0.012223
8.022417 0.007349
8.027419 0.015460
8.032420 0.008496
8.037422 -0.010798
8.042423 -0.034520
8.047425 -0.052947
8.052426 -0.058376
8.057428 -0.047798
8.062429 -0.023754
8.067431 0.006637
8.072432 0.034356
8.077434 0.052016
8.082435 0.056417
8.087437 0.048838
8.092438 0.033566
8.097440 0.015893
8.102441 0.000250
8.107443 -0.011122
8.112444 -0.018324
8.117446 -0.022611
8.122447 -0.024991
8.127449 -0.025736
8.132450 -0.024851
8.137452 -0.022749
8.142453 -0.020696
8.147455 -0.020719
8.152456 -0.024684
8.157458 -0.032897
8.162459 -0.043307
8.167461 -0.051877
8.172462 -0.053608
8.177464 -0.043750
8.182465 -0.019479
8.187467 0.018052
8.192468 0.062576
8.197470 0.103764
8.202471 0.130265
8.207473 0.133422
8.212474 0.110468
8.217476 0.066153
8.222477 0.011757
8.227479 -0.038563
8.232480 -0.072483
8.237482 -0.083251
8.242483 -0.071408
8.247485 -0.044224
8.252486 -0.012854
8.257488 0.011928
8.262489 0.023415
8.267491 0.020544
8.272492 0.007366
8.277494 -0.008977
8.282495 -0.021389
8.287497 -0.026011
8.292498 -0.023583
8.297500 -0.018081
8.302502 -0.013882
8.307503 -0.013435
8.312505 -0.016295
8.317506 -0.019459
8.322508 -0.018887
8.327509 -0.011723
8.332511 0.002010
8.337512 0.019223
8.342514 0.034896
8.347515 0.043890
8.352517 0.043010
8.357518 0.032667
8.362520 0.017010
8.367521 0.002086
8.372523 -0.006950
8.377524 -0.008106
8.382526 -0.003512
8.387527 0.001285
8.392529 -0.000179
8.397530 -0.011804
8.402532 -0.032457
8.407533 -0.056026
8.412535 -0.073704
8.417536 -0.077187
8.422538 -0.061786
8.427539 -0.028574
8.432541 0.015423
8.437542 0.059317
8.442544 0.091706
8.447545 0.103991
8.452547 0.092930
8.457548 0.061935
8.462550 0.020273
8.467551 -0.019845
8.472553 -0.047084
8.477554 -0.054224
8.482556 -0.040235
8.487557 -0.010811
8.492559 0.023296
8.497560 0.050061
8.502562 0.060488
8.507563 0.051408
8.512565 0.026008
8.517566 -0.007669
8.522568 -0.039582
8.527569 -0.060912
8.532571 -0.066374
8.537572 -0.055161
8.542574 -0.031011
8.547575 -0.001500
8.552577 0.024135
8.557578 0.038459
8.562580 0.038678
8.567581 0.027083
8.572583 0.009238
8.577584 -0.008658
8.582586 -0.022126
8.587587 -0.029689
8.592589 -0.032509
8.597590 -0.032703
8.602592 -0.031696
8.607593 -0.029619
8.612595 -0.025573
8.617596 -0.018375
8.622598 -0.007679
8.627599 0.005015
8.632601 0.016502
8.637602 0.023358
8.642604 0.023596
8.647605 0.017396
8.652607 0.006965
8.657608 -0.004032
8.662610 -0.011540
8.667612 -0.012563
8.672613 -0.006221
8.677615 0.006108
8.682616 0.021261
8.687618 0.035028
8.692619 0.043358
8.697621 0.043883
8.702622 0.036667
8.707624 0.023603
8.712625 0.007312
8.717627 -0.009390
8.722628 -0.023651
8.727630 -0.033057
8.732631 -0.036365
8.737633 -0.033915
8.742634 -0.027592
8.747636 -0.020365
8.752637 -0.015256
8.757639 -0.013934
8.762640 -0.015926
8.767642 -0.019090
8.772643 -0.020835
8.777645 -0.019185
8.782646 -0.013426
8.787648 -0.004346
8.792649 0.006160
8.797651 0.016050
8.802652 0.023894
8.807654 0.028981
8.812655 0.031252
8.817657 0.031432
8.822658 0.030881
8.827660 0.030825
8.832661 0.031618
8.837663 0.032779
8.842664 0.033477
8.847666 0.032823
8.852667 0.030025
8.857669 0.024684
8.862670 0.016966
8.867672 0.007422
8.872673 -0.003201
8.877675 -0.013938
8.882676 -0.023749
8.887678 -0.031887
8.892679 -0.037933
8.897681 -0.041309
8.902682 -0.041056
8.907684 -0.036395
8.912685 -0.027476
8.917687 -0.015588
8.922688 -0.002963
8.927690 0.007595
8.932691 0.013525
8.937693 0.013773
8.942694 0.009518
8.947696 0.003614
8.952697 -0.000693
8.957699 -0.000862
8.962700 0.004102
8.967702 0.012982
8.972703 0.022458
8.977705 0.028423
8.982706 0.027747
8.987708 0.019493
8.992709 0.005282
8.997711 -0.011157
9.002712 -0.025388
9.007714 -0.034127
9.012715 -0.036281
9.017717 -0.032481
9.022719 -0.023990
9.027720 -0.012098
9.032722 0.001936
9.037723 0.016871
9.042725 0.031432
9.047726 0.044114
9.052728 0.053201
9.057729 0.057127
9.062731 0.054686
9.067732 0.044949
9.072734 0.027556
9.077735 0.003595
9.082737 -0.023812
9.087738 -0.050027
9.092740 -0.070196
9.097741 -0.080559
9.102743 -0.079543
9.107744 -0.068450
9.112746 -0.051103
9.117747 -0.032248
9.122749 -0.015673
9.127750 -0.003123
9.132752 0.005855
9.137753 0.013323
9.142755 0.021591
9.147756 0.031467
9.152758 0.041377
9.157759 0.048067
9.162761 0.048163
9.167762 0.039519
9.172764 0.022178
9.177765 -0.000988
9.182767 -0.024519
9.187768 -0.041947
9.192770 -0.048079
9.197771 -0.040791
9.202773 -0.021778
9.207774 0.003855
9.212776 0.029221
9.217777 0.048052
9.222779 0.056620
9.227780 0.054230
9.232782 0.042626
9.237783 0.025027
9.242785 0.005041
9.247786 -0.014321
9.252788 -0.030974
9.257789 -0.043347
9.262791 -0.049990
9.267792 -0.049690
9.272794 -0.041670
9.277795 -0.025618
9.282797 -0.002088
9.287798 0.026507
9.292800 0.055284
9.297801 0.077624
9.302803 0.086969
9.307804 0.078884
9.312806 0.052851
9.317807 0.013287
9.322809 -0.031141
9.327810 -0.070039
9.332812 -0.094378
9.337813 -0.098762
9.342815 -0.082603
9.347816 -0.050359
9.352818 -0.010526
9.357819 0.026765
9.362821 0.052649
9.367822 0.061827
9.372824 0.053830
9.377825 0.032997
9.382827 0.006815
9.387829 -0.016990
9.392830 -0.033051
9.397832 -0.039324
9.402833 -0.036545
9.407835 -0.027066
9.412836 -0.013683
9.417838 0.001119
9.422839 0.015131
9.427841 0.025928
9.432842 0.031016
9.437844 0.028911
9.442845 0.020087
9.447847 0.006852
9.452848 -0.007437
9.457850 -0.019122
9.462851 -0.025098
9.467853 -0.023889
9.472854 -0.016199
9.477856 -0.004380
9.482857 0.008582
9.487859 0.019751
9.492860 0.026661
9.497862 0.027857
9.502863 0.023287
9.507865 0.014123
9.512866 0.002328
9.517868 -0.009634
9.522869 -0.019193
9.527871 -0.024430
9.532872 -0.024716
9.537874 -0.020667
9.542875 -0.013643
9.547877 -0.005257
9.552878 0.003109
9.557880 0.010768
9.562881 0.017694
9.567883 0.023881
9.572884 0.028797
9.577886 0.031460
9.582887 0.030787
9.587889 0.025840
9.592890 0.016225
9.597892 0.002785
9.602893 -0.012030
9.607895 -0.024704
9.612896 -0.031795
9.617898 -0.031080
9.622899 -0.022521
9.627901 -0.008764
9.632902 0.005535
9.637904 0.015595
9.642905 0.018391
9.647907 0.013376
9.652908 0.002145
9.657910 -0.012281
9.662911 -0.026455
9.667913 -0.037666
9.672914 -0.044602
9.677916 -0.047072
9.682917 -0.045383
9.687919 -0.040069
9.692920 -0.031775
9.697922 -0.021057
9.702923 -0.008386
9.707925 0.005512
9.712926 0.019453
9.717928 0.032048
9.722929 0.042016
9.727931 0.048285
9.732932 0.050230
9.737934 0.048118
9.742936 0.043090
9.747937 0.036388
9.752939 0.028542
9.757940 0.019314
9.762942 0.008149
9.767943 -0.005325
9.772945 -0.020779
9.777946 -0.036743
9.782948 -0.050797
9.787949 -0.060535
9.792951 -0.064437
9.797952 -0.062021
9.802954 -0.053672
9.807955 -0.040703
9.812957 -0.025387
9.817958 -0.010447
9.822960 0.001741
9.827961 0.009748
9.832963 0.013479
9.837964 0.014232
9.842966 0.014036
9.847967 0.014414
9.852969 0.015560
9.857970 0.016483
9.862972 0.015583
9.867973 0.011222
9.872975 0.002595
9.877976 -0.009131
9.882978 -0.020478
9.887979 -0.026935
9.892981 -0.025069
9.897982 -0.014037
9.902984 0.004079
9.907985 0.024848
9.912987 0.042800
9.917988 0.053184
9.922990 0.053495
9.927991 0.044152
9.932993 0.028341
9.937994 0.011074
9.942996 -0.002659
9.947997 -0.010037
9.952999 -0.011380
9.958000 -0.009278
9.963002 -0.006833
9.968003 -0.006329
9.973005 -0.008616
9.978006 -0.013048
9.983008 -0.018052
9.988009 -0.022206
9.993011 -0.024969
9.998012 -0.026459
10.003014 -0.026749
10.008015 -0.025528
10.013017 -0.022179
10.018018 -0.016005
10.023020 -0.006618
10.028021 0.005481
10.033023 0.018640
10.038024 0.030462
10.043026 0.038413
10.048027 0.040227
10.053029 0.034476
10.058030 0.021521
10.063032 0.004007
10.068033 -0.013855
10.073035 -0.027810
10.078036 -0.034913
10.083038 -0.034436
10.088039 -0.028219
10.093041 -0.019993
10.098042 -0.013626
10.103044 -0.011357
10.108046 -0.013087
10.113047 -0.016699
10.118049 -0.018959
10.123050 -0.016928
10.128052 -0.009552
10.133053 0.001698
10.138055 0.013704
10.143056 0.023225
10.148058 0.027932
10.153059 0.026947
10.158061 0.021190
10.163062 0.013171
10.168064 0.005886
10.173065 0.001478
10.178067 0.000542
10.183068 0.002200
10.188070 0.004609
10.193071 0.005807
10.198073 0.004650
10.203074 0.001132
10.208076 -0.004074
10.213077 -0.010042
10.218079 -0.015447
10.223080 -0.018464
10.228082 -0.017384
10.233083 -0.011529
10.238085 -0.001672
10.243086 0.010090
10.248088 0.020838
10.253089 0.027868
10.258091 0.030122
10.263092 0.028994
10.268094 0.027708
10.273095 0.029657
10.278097 0.036640
10.283098 0.047587
10.288100 0.058318
10.293101 0.062951
10.298103 0.056650
10.303104 0.038081
10.308106 0.010096
10.313107 -0.021317
10.318109 -0.048955
10.323110 -0.066658
10.328112 -0.071376
10.333113 -0.064009
10.338115 -0.048532
10.343116 -0.030182
10.348118 -0.013779
10.353119 -0.002432
10.358121 0.003281
10.363122 0.005125
10.368124 0.005785
10.373125 0.007230
10.378127 0.009996
10.383128 0.013475
10.388130 0.016536
10.393131 0.018220
10.398133 0.018398
10.403134 0.017940
10.408136 0.018158
10.413137 0.020011
10.418139 0.023577
10.423140 0.027749
10.428142 0.030193
10.433143 0.028108
10.438145 0.019689
10.443146 0.005153
10.448148 -0.013429
10.453149 -0.032902
10.458151 -0.049545
10.463153 -0.059639
10.468154 -0.060562
10.473156 -0.051853
10.478157 -0.035415
10.483159 -0.014985
10.488160 0.004680
10.493162 0.018992
10.498163 0.025117
10.503165 0.023113
10.508166 0.015792
10.513168 0.007513
10.518169 0.002577
10.523171 0.003559
10.528172 0.010036
10.533174 0.018569
10.538175 0.024234
10.543177 0.022798
10.548178 0.012502
10.553180 -0.004890
10.558181 -0.024076
10.563183 -0.037846
10.568184 -0.040157
10.573186 -0.028993
10.578187 -0.007301
10.583189 0.018232
10.588190 0.039621
10.593192 0.050357
10.598193 0.047685
10.603195 0.033378
10.608196 0.012582
10.613198 -0.008418
10.618199 -0.024348
10.623201 -0.032457
10.628202 -0.033117
10.633204 -0.029053
10.638205 -0.023528
10.643207 -0.018795
10.648208 -0.015757
10.653210 -0.014300
10.658211 -0.013561
10.663213 -0.012278
10.668214 -0.009496
10.673216 -0.005054
10.678217 0.000642
10.683219 0.007001
10.688220 0.013150
10.693222 0.017741
10.698223 0.019324
10.703225 0.017011
10.708226 0.010872
10.713228 0.002055
10.718229 -0.007267
10.723231 -0.014527
10.728232 -0.017990
10.733234 -0.017582
10.738235 -0.014533
10.743237 -0.010427
10.748238 -0.006606
10.753240 -0.003961
10.758241 -0.002682
10.763243 -0.002172
10.768244 -0.001422
10.773246 0.000501
10.778247 0.004274
10.783249 0.010188
10.788250 0.017800
10.793252 0.025728
10.798253 0.031970
10.803255 0.034469
10.808256 0.031589
10.813258 0.022733
10.818259 0.009195
10.823261 -0.005543
10.828263 -0.016886
10.833264 -0.021224
10.838266 -0.017776
10.843267 -0.009190
10.848269 -0.000571
10.853270 0.002798
10.858272 -0.001898
10.863273 -0.013510
10.868275 -0.027433
10.873276 -0.037609
10.878278 -0.038925
10.883279 -0.029277
10.888281 -0.010640
10.893282 0.011607
10.898284 0.031014
10.903285 0.042635
10.908287 0.044444
10.913288 0.037443
10.918290 0.024936
10.923291 0.011163
10.928293 -0.000408
10.933294 -0.008267
10.938296 -0.012926
10.943297 -0.016171
10.948299 -0.020002
10.953300 -0.025412
10.958302 -0.031383
10.963303 -0.034964
10.968305 -0.032713
10.973306 -0.022471
10.978308 -0.004442
10.983309 0.018452
10.988311 0.040780
10.993312 0.055880
10.998314 0.058341
11.003315 0.046445
11.008317 0.023071
11.013318 -0.005192
11.018320 -0.030110
11.023321 -0.044493
11.028323 -0.044775
11.033324 -0.032281
11.038326 -0.012434
11.043327 0.007454
11.048329 0.020691
11.053330 0.023405
11.058332 0.015888
11.063333 0.002238
11.068335 -0.011748
11.073336 -0.021022
11.078338 -0.022718
11.083339 -0.016544
11.088341 -0.004693
11.093342 0.008864
11.098344 0.019922
11.103345 0.025729
11.108347 0.025859
11.113348 0.022045
11.118350 0.017174
11.123351 0.013591
11.128353 0.011492
11.133354 0.008782
11.138356 0.002778
11.143357 -0.007713
11.148359 -0.021607
11.153360 -0.036035
11.158362 -0.047240
11.163363 -0.051562
11.168365 -0.046597
11.173366 -0.032148
11.178368 -0.010455
11.183369 0.014219
11.188371 0.036408
11.193373 0.050796
11.198374 0.053975
11.203376 0.045720
11.208377 0.029028
11.213379 0.009136
11.218380 -0.008029
11.223382 -0.017792
11.228383 -0.018629
11.233385 -0.012760
11.238386 -0.004773
11.243388 0.000662
11.248389 0.000453
11.253391 -0.006184
11.258392 -0.017519
11.263394 -0.029751
11.268395 -0.038330
11.273397 -0.039603
11.278398 -0.031988
11.283400 -0.016533
11.288401 0.003119
11.293403 0.021792
11.298404 0.034849
11.303406 0.040098
11.308407 0.038306
11.313409 0.032322
11.318410 0.025590
11.323412 0.020612
11.328413 0.017928
11.333415 0.016343
11.338416 0.014317
11.343418 0.011209
11.348419 0.007374
11.353421 0.003565
11.358422 0.000484
11.363424 -0.001473
11.368425 -0.002568
11.373427 -0.003784
11.378428 -0.006314
11.383430 -0.010985
11.388431 -0.018124
11.393433 -0.027496
11.398434 -0.037950
11.403436 -0.047258
11.408437 -0.052715
11.413439 -0.052129
11.418440 -0.044584
11.423442 -0.030958
11.428443 -0.014130
11.433445 0.001677
11.438446 0.012601
11.443448 0.016798
11.448449 0.014893
11.453451 0.009273
11.458452 0.003014
11.463454 -0.001210
11.468455 -0.001979
11.473457 0.000784
11.478458 0.006509
11.483460 0.014530
11.488461 0.023824
11.493463 0.032584
11.498464 0.038514
11.503466 0.039622
11.508467 0.034854
11.513469 0.024456
11.518470 0.010167
11.523472 -0.005114
11.528473 -0.018352
11.533475 -0.027346
11.538476 -0.030949
11.543478 -0.028894
11.548480 -0.021830
11.553481 -0.011359
11.558483 0.000398
11.563484 0.011445
11.568486 0.020217
11.573487 0.025638
11.578489 0.027317
11.583490 0.025717
11.588492 0.021945
11.593493 0.017367
11.598495 0.013333
11.603496 0.010754
11.608498 0.009521
11.613499 0.008439
11.618501 0.006026
11.623502 0.001425
11.628504 -0.005311
11.633505 -0.013340
11.638507 -0.021151
11.643508 -0.026959
11.648510 -0.029519
11.653511 -0.028647
11.658513 -0.024915
11.663514 -0.019033
11.668516 -0.011622
11.673517 -0.003244
11.678519 0.005634
11.683520 0.014472
11.688522 0.022193
11.693523 0.027040
11.698525 0.027261
11.703526 0.022013
11.708528 0.011783
11.713529 -0.001546
11.718531 -0.014718
11.723532 -0.023697
11.728534 -0.025242
11.733535 -0.018662
11.738537 -0.006436
11.743538 0.006683
11.748540 0.015531
11.753541 0.016620
11.758543 0.009574
11.763544 -0.002904
11.768546 -0.016488
11.773547 -0.026931
11.778549 -0.031099
11.783550 -0.027505
11.788552 -0.016706
11.793553 -0.001137
11.798555 0.015894
11.803556 0.031324
11.808558 0.042818
11.813559 0.048902
11.818561 0.049283
11.823562 0.044989
11.828564 0.037768
11.833565 0.029235
11.838567 0.020580
11.843568 0.012731
11.848570 0.006358
11.853571 0.001732
11.858573 -0.001210
11.863574 -0.002751
11.868576 -0.003475
11.873577 -0.004186
11.878579 -0.005471
11.883580 -0.007368
11.888582 -0.009542
11.893583 -0.011623
11.898585 -0.013337
11.903586 -0.014620
11.908588 -0.015857
11.913590 -0.017744
11.918591 -0.020553
11.923593 -0.023620
11.928594 -0.025764
11.933596 -0.026114
11.938597 -0.024422
11.943599 -0.020926
11.948600 -0.016337
11.953602 -0.011795
11.958603 -0.008448
11.963605 -0.006973
11.968606 -0.007487
11.973608 -0.009613
11.978609 -0.012393
11.983611 -0.014425
11.988612 -0.014503
11.993614 -0.012183
11.998615 -0.007755
12.003617 -0.001991
12.008618 0.003925
12.013620 0.008616
12.018621 0.011178
12.023623 0.011689
12.028624 0.010988
12.033626 0.010177
12.038627 0.010409
12.043629 0.012716
12.048630 0.017512
12.053632 0.024208
12.058633 0.031469
12.063635 0.037757
12.068636 0.041673
12.073638 0.042189
12.078639 0.039022
12.083641 0.032771
12.088642 0.024547
12.093644 0.015498
12.098645 0.006647
12.103647 -0.001278
12.108648 -0.008245
12.113650 -0.014911
12.118651 -0.021775
12.123653 -0.028234
12.128654 -0.032581
12.133656 -0.032827
12.138657 -0.027589
12.143659 -0.016761
12.148660 -0.001975
12.153662 0.013564
12.158663 0.026094
12.163665 0.032565
12.168666 0.031412
12.173668 0.022842
12.178669 0.008868
12.183671 -0.007156
12.188672 -0.021626
12.193674 -0.031793
12.198675 -0.036334
12.203677 -0.035530
12.208678 -0.031254
12.213680 -0.026324
12.218681 -0.023122
12.223683 -0.022416
12.228684 -0.023333
12.233686 -0.024194
12.238687 -0.023398
12.243689 -0.020057
12.248690 -0.014390
12.253692 -0.007635
12.258693 -0.001338
12.263695 0.003417
12.268697 0.006393
12.273698 0.008303
12.278700 0.010726
12.283701 0.015415
12.288703 0.023108
12.293704 0.032853
12.298706 0.042515
12.303707 0.049747
12.308709 0.052571
12.313710 0.049710
12.318712 0.041053
12.323713 0.027882
12.328715 0.012408
12.333716 -0.003032
12.338718 -0.016501
12.343719 -0.026690
12.348721 -0.033042
12.353722 -0.035621
12.358724 -0.034732
12.363725 -0.030775
12.368727 -0.024482
12.373728 -0.016917
12.378730 -0.008949
12.383731 -0.000924
12.388733 0.006954
12.393734 0.014099
12.398736 0.019615
12.403737 0.022696
12.408739 0.022843
12.413740 0.019988
12.418742 0.014742
12.423743 0.008370
12.428745 0.002187
12.433746 -0.003113
12.438748 -0.007562
12.443749 -0.011572
12.448751 -0.015589
12.453752 -0.019751
12.458754 -0.023569
12.463755 -0.026061
12.468757 -0.026408
12.473758 -0.024412
12.478760 -0.020274
12.483761 -0.014199
12.488763 -0.006372
12.493764 0.002903
12.498766 0.013263
12.503767 0.024244
12.508769 0.034921
12.513770 0.043779
12.518772 0.049210
12.523773 0.050073
12.528775 0.045815
12.533776 0.036570
12.538778 0.023631
12.543779 0.009578
12.548781 -0.002610
12.553782 -0.010782
12.558784 -0.014097
12.563785 -0.012817
12.568787 -0.008138
12.573788 -0.002073
12.578790 0.003085
12.583791 0.005554
12.588793 0.004612
12.593794 0.000778
12.598796 -0.004299
12.603797 -0.008517
12.608799 -0.010386
12.613800 -0.009576
12.618802 -0.006502
12.623803 -0.001763
12.628805 0.003756
12.633807 0.008630
12.638808 0.011308
12.643810 0.010867
12.648811 0.007258
12.653813 0.001007
12.658814 -0.007098
12.663816 -0.016170
12.668817 -0.025395
12.673819 -0.033985
12.678820 -0.040845
12.683822 -0.044472
12.688823 -0.043467
12.693825 -0.037142
12.698826 -0.025680
12.703828 -0.010159
12.708829 0.007226
12.713831 0.023318
12.718832 0.035001
12.723834 0.040410
12.728835 0.039444
12.733837 0.033598
12.738838 0.025501
12.743840 0.018129
12.748841 0.013671
12.753843 0.012672
12.758844 0.014072
12.763846 0.015902
12.768847 0.016086
12.773849 0.013240
12.778850 0.007318
12.783852 -0.000389
12.788853 -0.008032
12.793855 -0.014007
12.798856 -0.017168
12.803858 -0.016837
12.808859 -0.013136
12.813861 -0.007297
12.818862 -0.001378
12.823864 0.002485
12.828865 0.002761
12.833867 -0.000923
12.838868 -0.007445
12.843870 -0.014523
12.848871 -0.019849
12.853873 -0.022246
12.858874 -0.021957
12.863876 -0.020232
12.868877 -0.018707
12.873879 -0.018682
12.878880 -0.020401
12.883882 -0.022958
12.888883 -0.025087
12.893885 -0.025957
12.898886 -0.025213
12.903888 -0.022719
12.908889 -0.018662
12.913891 -0.013658
12.918892 -0.008269
12.923894 -0.002434
12.928895 0.004361
12.933897 0.012364
12.938898 0.021095
12.943900 0.029362
12.948901 0.035486
12.953903 0.037776
12.958904 0.035321
12.963906 0.028502
12.968907 0.018781
12.973909 0.008108
12.978910 -0.001507
12.983912 -0.008466
12.988914 -0.012195
12.993915 -0.013276
12.998917 -0.012758
13.003918 -0.011433
13.008920 -0.009778
13.013921 -0.008157
13.018923 -0.006678
13.023924 -0.005030
13.028926 -0.002791
13.033927 0.000177
13.038929 0.003829
13.043930 0.008166
13.048932 0.013054
13.053933 0.017947
13.058935 0.022048
13.063936 0.024626
13.068938 0.025040
13.073939 0.022805
13.078941 0.017964
13.083942 0.011218
13.088944 0.003439
13.093945 -0.004864
13.098947 -0.013419
13.103948 -0.021791
13.108950 -0.029268
13.113951 -0.034906
13.118953 -0.037484
13.123954 -0.035824
13.128956 -0.029674
13.133957 -0.020334
13.138959 -0.010138
13.143960 -0.001246
13.148962 0.005217
13.153963 0.009275
13.158965 0.011675
13.163966 0.013143
13.168968 0.013706
13.173969 0.012717
13.178971 0.009619
13.183972 0.004584
13.188974 -0.001577
13.193975 -0.007797
13.198977 -0.012862
13.203978 -0.015531
13.208980 -0.015018
13.213981 -0.011409
13.218983 -0.005483
13.223984 0.001721
13.228986 0.009042
13.233987 0.015255
13.238989 0.019463
13.243990 0.021406
13.248992 0.021254
13.253993 0.019290
13.258995 0.016060
13.263996 0.012654
13.268998 0.010439
13.273999 0.010354
13.279001 0.012370
13.284002 0.015339
13.289004 0.017278
13.294005 0.016201
13.299007 0.011289
13.304008 0.003446
13.309010 -0.005260
13.314011 -0.012640
13.319013 -0.017088
13.324014 -0.017973
13.329016 -0.015949
13.334017 -0.012726
13.339019 -0.010041
13.344020 -0.008660
13.349022 -0.008334
13.354024 -0.008458
13.359025 -0.008604
13.364027 -0.008723
13.369028 -0.009232
13.374030 -0.010780
13.379031 -0.013588
13.384033 -0.017002
13.389034 -0.019850
13.394036 -0.021119
13.399037 -0.020184
13.404039 -0.016711
13.409040 -0.010771
13.414042 -0.002979
13.419043 0.005726
13.424045 0.014376
13.429046 0.021909
13.434048 0.027105
13.439049 0.028980
13.444051 0.027303
13.449052 0.022629
13.454054 0.015994
13.459055 0.008713
13.464057 0.002196
13.469058 -0.002472
13.474060 -0.004943
13.479061 -0.005585
13.484063 -0.005203
13.489064 -0.004760
13.494066 -0.004970
13.499067 -0.005799
13.504069 -0.006470
13.509070 -0.006187
13.514072 -0.004777
13.519073 -0.002515
13.524075 0.000346
13.529076 0.003600
13.534078 0.006876
13.539079 0.009701
13.544081 0.011660
13.549082 0.012288
13.554084 0.011026
13.559085 0.007601
13.564087 0.002413
13.569088 -0.003595
13.574090 -0.009314
13.579091 -0.013631
13.584093 -0.015555
13.589094 -0.014595
13.594096 -0.011041
13.599097 -0.005792
13.604099 -0.000027
13.609100 0.004944
13.614102 0.007929
13.619103 0.008402
13.624105 0.006780
13.629106 0.004010
13.634108 0.000998
13.639109 -0.001508
13.644111 -0.002874
13.649112 -0.002836
13.654114 -0.001676
13.659115 0.000181
13.664117 0.002746
13.669118 0.006387
13.674120 0.011179
13.679121 0.016371
13.684123 0.020351
13.689124 0.021124
13.694126 0.017342
13.699127 0.009436
13.704129 -0.000229
13.709131 -0.008591
13.714132 -0.013445
13.719134 -0.014079
13.724135 -0.011090
13.729137 -0.006078
13.734138 -0.001227
13.739140 0.001487
13.744141 0.001050
13.749143 -0.002439
13.754144 -0.008036
13.759146 -0.014191
13.764147 -0.019086
13.769149 -0.021246
13.774150 -0.020023
13.779152 -0.015596
13.784153 -0.008837
13.789155 -0.001305
13.794156 0.005108
13.799158 0.009082
13.804159 0.010514
13.809161 0.010201
13.814162 0.009078
13.819164 0.007870
13.824165 0.007072
13.829167 0.006725
13.834168 0.006245
13.839170 0.004842
13.844171 0.002198
13.849173 -0.001284
13.854174 -0.004621
13.859176 -0.006480
13.864177 -0.005683
13.869179 -0.002092
13.874180 0.002926
13.879182 0.007084
13.884183 0.008312
13.889185 0.005589
13.894186 -0.000629
13.899188 -0.008237
13.904189 -0.014050
13.909191 -0.015302
13.914192 -0.011118
13.919194 -0.002880
13.924195 0.006486
13.929197 0.013637
13.934198 0.016055
13.939200 0.013138
13.944201 0.006353
13.949203 -0.001803
13.954204 -0.009113
13.959206 -0.014141
13.964207 -0.016108
13.969209 -0.014884
13.974210 -0.011123
13.979212 -0.006174
13.984213 -0.001707
13.989215 0.000742
13.994216 0.000406
13.999218 -0.002127
14.004219 -0.005111
14.009221 -0.006792
14.014222 -0.006458
14.019224 -0.004454
14.024225 -0.001561
14.029227 0.001360
14.034228 0.003498
14.039230 0.004460
14.044231 0.004565
14.049233 0.004553
14.054234 0.004963
14.059236 0.005834
14.064237 0.006762
14.069239 0.007082
14.074241 0.006215
14.079242 0.004134
14.084244 0.001436
14.089245 -0.001173
14.094247 -0.003355
14.099248 -0.005048
14.104250 -0.006199
14.109251 -0.006892
14.114253 -0.007556
14.119254 -0.008734
14.124256 -0.010685
14.129257 -0.013307
14.134259 -0.016172
14.139260 -0.018367
14.144262 -0.018572
14.149263 -0.015759
14.154265 -0.009879
14.159266 -0.001808
14.164268 0.007088
14.169269 0.015153
14.174271 0.020616
14.179272 0.022170
14.184274 0.019532
14.189275 0.013433
14.194277 0.005326
14.199278 -0.002766
14.204280 -0.008542
14.209281 -0.010240
14.214283 -0.007476
14.219284 -0.001348
14.224286 0.006074
14.229287 0.012440
14.234289 0.015917
14.239290 0.015991
14.244292 0.013625
14.249293 0.010460
14.254295 0.007817
14.259296 0.006334
14.264298 0.006058
14.269299 0.006529
14.274301 0.007014
14.279302 0.007042
14.284304 0.006687
14.289305 0.006195
14.294307 0.005556
14.299308 0.004642
14.304310 0.003485
14.309311 0.002094
14.314313 0.000157
14.319314 -0.002686
14.324316 -0.006297
14.329317 -0.010001
14.334319 -0.013023
14.339320 -0.014780
14.344322 -0.014922
14.349323 -0.013340
14.354325 -0.010137
14.359326 -0.005549
14.364328 -0.000068
14.369329 0.005224
14.374331 0.008784
14.379332 0.009447
14.384334 0.007167
14.389335 0.002927
14.394337 -0.001839
14.399338 -0.005556
14.404340 -0.006764
14.409341 -0.004761
14.414343 -0.000153
14.419344 0.005434
14.424346 0.010243
14.429347 0.012958
14.434349 0.012849
14.439351 0.009866
14.444352 0.004632
14.449354 -0.001942
14.454355 -0.009020
14.459357 -0.015678
14.464358 -0.020607
14.469360 -0.022351
14.474361 -0.019990
14.479363 -0.013671
14.484364 -0.004739
14.489366 0.004557
14.494367 0.011883
14.499369 0.015855
14.504370 0.016436
14.509372 0.014401
14.514373 0.010669
14.519375 0.006219
14.524376 0.002162
14.529378 -0.000694
14.534379 -0.002308
14.539381 -0.003176
14.544382 -0.003678
14.549384 -0.003793
14.554385 -0.003228
14.559387 -0.001559
14.564388 0.001545
14.569390 0.005881
14.574391 0.010540
14.579393 0.014361
14.584394 0.016446
14.589396 0.016183
14.594397 0.013160
14.599399 0.007532
14.604400 0.000358
14.609402 -0.006694
14.614403 -0.012009
14.619405 -0.014420
14.624406 -0.013462
14.629408 -0.009787
14.634409 -0.005263
14.639411 -0.002241
14.644412 -0.002356
14.649414 -0.005795
14.654415 -0.011284
14.659417 -0.016597
14.664418 -0.019492
14.669420 -0.018838
14.674421 -0.015136
14.679423 -0.009976
14.684424 -0.005092
14.689426 -0.001831
14.694427 -0.000935
14.699429 -0.002207
14.704430 -0.004393
14.709432 -0.005856
14.714433 -0.005625
14.719435 -0.003827
14.724436 -0.001248
14.729438 0.001305
14.734439 0.003399
14.739441 0.005096
14.744442 0.006794
14.749444 0.008823
14.754445 0.011260
14.759447 0.014157
14.764448 0.017664
14.769450 0.021663
14.774451 0.025422
14.779453 0.027809
14.784454 0.027740
14.789456 0.024373
14.794458 0.017404
14.799459 0.007714
14.804461 -0.002460
14.809462 -0.010504
14.814464 -0.014798
14.819465 -0.015222
14.824467 -0.012702
14.829468 -0.008615
14.834470 -0.004375
14.839471 -0.001081
14.844473 0.000693
14.849474 0.000811
14.854476 -0.000504
14.859477 -0.002634
14.864479 -0.004786
14.869480 -0.006586
14.874482 -0.008286
14.879483 -0.010205
14.884485 -0.012151
14.889486 -0.013622
14.894488 -0.014329
14.899489 -0.014230
14.904491 -0.013213
14.909492 -0.011126
14.914494 -0.008054
14.919495 -0.004324
14.924497 -0.000350
14.929498 0.003311
14.934500 0.005968
14.939501 0.007192
14.944503 0.007146
14.949504 0.006319
14.954506 0.005100
14.959507 0.003739
14.964509 0.002439
14.969510 0.001179
14.974512 -0.000404
14.979513 -0.002624
14.984515 -0.005307
14.989516 -0.007861
14.994518 -0.009635
14.999519 -0.010107
15.004521 -0.009007
15.009522 -0.006568
15.014524 -0.003474
15.019525 -0.000224
15.024527 0.003327
15.029528 0.007534
15.034530 0.012152
15.039531 0.016200
15.044533 0.018519
15.049534 0.018298
15.054536 0.015305
15.059537 0.010019
15.064539 0.003529
15.069540 -0.002975
15.074542 -0.008641
15.079543 -0.012938
15.084545 -0.015509
15.089546 -0.016311
15.094548 -0.015675
15.099549 -0.013916
15.104551 -0.011006
15.109552 -0.006893
15.114554 -0.002020
15.119555 0.002778
15.124557 0.006794
15.129558 0.009650
15.134560 0.011106
15.139561 0.011047
15.144563 0.009686
15.149564 0.007635
15.154566 0.005797
15.159568 0.005186
15.164569 0.006491
15.169571 0.009443
15.174572 0.012763
15.179574 0.015068
15.184575 0.015811
15.189577 0.015251
15.194578 0.013760
15.199580 0.011519
15.204581 0.008747
15.209583 0.005849
15.214584 0.003298
15.219586 0.001565
15.224587 0.001040
15.229589 0.001772
15.234590 0.003335
15.239592 0.005060
15.244593 0.006283
15.249595 0.006336
15.254596 0.004718
15.259598 0.001582
15.264599 -0.002179
15.269601 -0.005633
15.274602 -0.008450
15.279604 -0.010688
15.284605 -0.012234
15.289607 -0.012805
15.294608 -0.012360
15.299610 -0.011210
15.304611 -0.009769
15.309613 -0.008396
15.314614 -0.007356
15.319616 -0.006658
15.324617 -0.006048
15.329619 -0.005378
15.334620 -0.004858
15.339622 -0.004744
15.344623 -0.004959
15.349625 -0.005256
15.354626 -0.005621
15.359628 -0.006206
15.364629 -0.006933
15.369631 -0.007408
15.374632 -0.007177
15.379634 -0.005982
15.384635 -0.003962
15.389637 -0.001838
15.394638 -0.000694
15.399640 -0.001249
15.404641 -0.003332
15.409643 -0.006183
15.414644 -0.009042
15.419646 -0.011264
15.424647 -0.012211
15.429649 -0.011569
15.434650 -0.009797
15.439652 -0.007892
15.444653 -0.006622
15.449655 -0.006089
15.454656 -0.005847
15.459658 -0.005198
15.464659 -0.003542
15.469661 -0.000794
15.474662 0.002523
15.479664 0.005786
15.484665 0.008768
15.489667 0.011488
15.494668 0.013788
15.499670 0.015386
15.504671 0.016182
15.509673 0.016219
15.514675 0.015503
15.519676 0.014152
15.524678 0.012542
15.529679 0.010942
15.534681 0.009102
15.539682 0.006483
15.544684 0.002916
15.549685 -0.001108
15.554687 -0.004635
15.559688 -0.006627
15.564690 -0.006417
15.569691 -0.004133
15.574693 -0.000640
15.579694 0.003124
15.584696 0.006677
15.589697 0.009786
15.594699 0.012038
15.599700 0.012956
15.604702 0.012450
15.609703 0.010898
15.614705 0.008895
15.619706 0.007086
15.624708 0.006025
15.629709 0.005828
15.634711 0.005949
15.639712 0.005513
15.644714 0.003881
15.649715 0.000865
15.654717 -0.003321
15.659718 -0.008025
15.664720 -0.012260
15.669721 -0.015282
15.674723 -0.017098
15.679724 -0.018205
15.684726 -0.018947
15.689727 -0.019325
15.694729 -0.019274
15.699730 -0.018829
15.704732 -0.018102
15.709733 -0.017312
15.714735 -0.016734
15.719736 -0.016391
15.724738 -0.015909
15.729739 -0.014897
15.734741 -0.013342
15.739742 -0.011410
15.744744 -0.009018
15.749745 -0.005887
15.754747 -0.001912
15.759748 0.002707
15.764750 0.007581
15.769751 0.012154
15.774753 0.015801
15.779754 0.018192
15.784756 0.019423
15.789757 0.019574
15.794759 0.018301
15.799760 0.015145
15.804762 0.010166
15.809763 0.004091
15.814765 -0.001994
15.819766 -0.006884
15.824768 -0.009435
15.829769 -0.009024
15.834771 -0.005962
15.839772 -0.001363
15.844774 0.003366
15.849775 0.006915
15.854777 0.008349
15.859778 0.007484
15.864780 0.005011
15.869781 0.002036
15.874783 -0.000484
15.879785 -0.001892
15.884786 -0.001823
15.889788 -0.000404
15.894789 0.001715
15.899791 0.003862
15.904792 0.005838
15.909794 0.007728
15.914795 0.009371
15.919797 0.010304
15.924798 0.010202
15.929800 0.009172
15.934801 0.007680
15.939803 0.006352
15.944804 0.005660
15.949806 0.005495
15.954807 0.005060
15.959809 0.003447
15.964810 0.000381
15.969812 -0.003657
15.974813 -0.007847
15.979815 -0.011369
15.984816 -0.013629
15.989818 -0.014588
15.994819 -0.014823
15.999821 -0.014927
16.004822 -0.014860
16.009824 -0.014099
16.014825 -0.012323
16.019827 -0.009708
16.024828 -0.006726
16.029830 -0.003937
16.034831 -0.001847
16.039833 -0.000635
16.044834 -0.000030
16.049836 0.000387
16.054837 0.000878
16.059839 0.001676
16.064840 0.003126
16.069842 0.005353
16.074843 0.007953
16.079845 0.010367
16.084846 0.012439
16.089848 0.014338
16.094849 0.016052
16.099851 0.017274
16.104852 0.017593
16.109854 0.016524
16.114855 0.013565
16.119857 0.008641
16.124858 0.002479
16.129860 -0.003669
16.134861 -0.008597
16.139863 -0.011349
16.144864 -0.011255
16.149866 -0.008239
16.154867 -0.003067
16.159869 0.003010
16.164870 0.008844
16.169872 0.013556
16.174873 0.016435
16.179875 0.017095
16.184876 0.015708
16.189878 0.012803
16.194879 0.008849
16.199881 0.004187
16.204882 -0.000814
16.209884 -0.005802
16.214885 -0.010488
16.219887 -0.014403
16.224888 -0.016790
16.229890 -0.017109
16.234892 -0.015631
16.239893 -0.013313
16.244895 -0.011187
16.249896 -0.009983
16.254898 -0.010028
16.259899 -0.011061
16.264901 -0.012195
16.269902 -0.012369
16.274904 -0.010887
16.279905 -0.007462
16.284907 -0.002069
16.289908 0.004837
16.294910 0.012052
16.299911 0.017885
16.304913 0.020796
16.309914 0.019839
16.314916 0.014962
16.319917 0.007283
16.324919 -0.001062
16.329920 -0.007790
16.334922 -0.011438
16.339923 -0.011618
16.344925 -0.008772
16.349926 -0.004019
16.354928 0.000985
16.359929 0.004652
16.364931 0.006190
16.369932 0.005762
16.374934 0.004147
16.379935 0.002436
16.384937 0.001777
16.389938 0.002867
16.394940 0.005488
16.399941 0.008634
16.404943 0.011022
16.409944 0.011470
16.414946 0.009192
16.419947 0.004242
16.424949 -0.002289
16.429950 -0.008748
16.434952 -0.013666
16.439953 -0.016104
16.444955 -0.015647
16.449956 -0.012509
16.454958 -0.007609
16.459959 -0.002214
16.464961 0.002627
16.469962 0.006299
16.474964 0.008502
16.479965 0.009194
16.484967 0.008600
16.489968 0.007029
16.494970 0.004703
16.499971 0.001902
16.504973 -0.000879
16.509974 -0.003168
16.514976 -0.004805
16.519977 -0.005707
16.524979 -0.005478
16.529980 -0.003558
16.534982 0.000222
16.539983 0.005393
16.544985 0.010974
16.549986 0.015601
16.554988 0.017845
16.559989 0.016955
16.564991 0.013463
16.569992 0.008872
16.574994 0.004717
16.579995 0.001891
16.584997 0.000509
16.589998 0.000098
16.595000 0.000055
