0.000000 0.000000
0.005001 -0.002319
0.010002 -0.000994
0.015003 0.002751
0.020004 0.000984
0.025005 -0.001657
0.030006 -0.001731
0.035007 0.003079
0.040008 -0.000431
0.045009 -0.001851
0.050010 0.001815
0.055011 0.000685
0.060012 -0.001167
0.065013 -0.001507
0.070014 0.002192
0.075015 0.000286
0.080016 -0.001208
0.085017 -0.000393
0.090018 -0.000458
0.095019 0.002143
0.100020 -0.000037
0.105021 -0.001805
0.110022 -0.000430
0.115023 0.002136
0.120024 -0.000936
0.125025 -0.002242
0.130026 0.001510
0.135027 0.000102
0.140028 0.000534
0.145029 -0.002437
0.150030 -0.000087
0.155031 0.002941
0.160032 -0.002232
0.165033 -0.001694
0.170034 0.002030
0.175035 0.001479
0.180036 -0.001411
0.185037 0.000065
0.190038 -0.001331
0.195039 0.002387
0.200040 0.001484
0.205041 -0.003965
0.210042 0.002456
0.215043 0.001064
0.220044 -0.001088
0.225045 -0.001239
0.230046 -0.000362
0.235047 0.003226
0.240048 -0.000819
0.245049 -0.002563
0.250050 0.001161
0.255051 0.001986
0.260052 -0.001406
0.265053 -0.001734
0.270054 0.001180
0.275055 0.000853
0.280056 0.000391
0.285057 -0.000651
0.290058 -0.003040
0.295059 0.003307
0.300060 0.000970
0.305061 -0.004652
0.310062 0.003156
0.315063 0.000684
0.320064 -0.001649
0.325065 0.000205
0.330066 -0.000104
0.335067 0.001426
0.340068 -0.000130
0.345069 -0.000789
0.350070 -0.001244
0.355071 0.001783
0.360072 0.000331
0.365073 -0.001858
0.370074 0.001167
0.375075 -0.000446
0.380076 -0.000051
0.385077 -0.001068
0.390078 0.000818
0.395079 0.001665
0.400080 -0.002565
0.405081 0.001085
0.410082 0.000271
0.415083 -0.000215
0.420084 0.000399
0.425085 -0.001754
0.430086 0.000931
0.435087 0.000749
0.440088 -0.000119
0.445089 -0.000301
0.450090 -0.000769
0.455091 0.000436
0.460092 0.000070
0.465093 -0.001380
0.470094 0.000691
0.475095 0.001699
0.480096 -0.000446
0.485097 -0.002654
0.490098 -0.000095
0.495099 0.003649
0.500100 -0.001855
0.505101 -0.002168
0.510102 0.001853
0.515103 0.001079
0.520104 -0.000224
0.525105 -0.002203
0.530106 0.000011
0.535107 0.001992
0.540108 0.000295
0.545109 -0.003245
0.550110 0.000334
0.555111 0.003696
0.560112 -0.002045
0.565113 -0.000711
0.570114 -0.000583
0.575115 0.001142
0.580116 -0.000161
0.585117 -0.003131
0.590118 0.002578
0.595119 -0.000078
0.600120 0.000361
0.605121 -0.001594
0.610122 -0.000796
0.615123 0.003478
0.620124 -0.001327
0.625125 -0.001791
0.630126 -0.000844
0.635127 0.002324
0.640128 -0.000943
0.645129 -0.001880
0.650130 0.001109
0.655131 0.000371
0.660132 0.000492
0.665133 -0.002107
0.670134 0.000994
0.675135 0.000648
0.680136 -0.000502
0.685137 -0.000467
0.690138 -0.001419
0.695139 0.002246
0.700140 0.000063
0.705141 -0.003699
0.710142 0.000647
0.715143 0.003203
0.720144 -0.001786
0.725145 -0.002443
0.730146 0.000554
0.735147 0.002038
0.740148 -0.001375
0.745149 -0.002975
0.750150 0.001857
0.755151 0.001618
0.760152 -0.002088
0.765153 -0.001059
0.770154 0.002177
0.775155 -0.000626
0.780156 -0.000831
0.785157 0.000290
0.790158 -0.001184
0.795159 0.001768
0.800160 -0.000197
0.805161 -0.001279
0.810162 0.001604
0.815163 -0.000326
0.820164 -0.001225
0.825165 -0.000792
0.830166 0.000708
0.835167 0.002311
0.840168 -0.002029
0.845169 -0.001998
0.850170 0.001793
0.855171 0.000337
0.860172 0.000238
0.865173 -0.002209
0.870174 -0.000602
0.875175 0.002630
0.880176 -0.001488
0.885177 -0.001368
0.890178 0.001205
0.895179 0.000303
0.900180 -0.001536
0.905181 0.000159
0.910182 -0.000238
0.915183 0.001372
0.920184 0.000015
0.925185 -0.003149
0.930186 0.002774
0.935187 0.000137
0.940188 -0.001468
0.945189 0.000283
0.950190 -0.000733
0.955191 0.001270
0.960192 -0.000025
0.965193 -0.002592
0.970194 0.000573
0.975195 0.002895
0.980196 -0.003001
0.985197 -0.000888
0.990198 0.001688
0.995199 0.000133
1.000200 -0.000075
1.005201 -0.002155
1.010202 0.000840
1.015203 0.001422
1.020204 0.000308
1.025205 -0.002220
1.030206 -0.000785
1.035207 0.002427
1.040208 -0.001391
1.045209 -0.000412
1.050210 0.000047
1.055211 -0.000042
1.060212 0.000736
1.065213 -0.001390
1.070214 -0.000306
1.075215 0.000997
1.080216 0.000081
1.085217 -0.001413
1.090218 -0.000688
1.095219 0.002138
1.100220 0.000280
1.105221 -0.003021
1.110222 0.001126
1.115223 0.001911
1.120224 -0.001910
1.125225 0.000427
1.130226 -0.000593
1.135228 0.000887
1.140229 0.001325
1.145230 -0.003237
1.150231 0.001789
1.155232 0.001938
1.160233 -0.000922
1.165234 -0.001617
1.170235 0.000070
1.175236 0.003639
1.180237 -0.000385
1.185238 -0.002092
1.190239 -0.000267
1.195240 0.003190
1.200241 -0.000822
1.205242 -0.003317
1.210243 0.003565
1.215244 -0.000125
1.220245 -0.001359
1.225246 -0.000011
1.230247 -0.000167
1.235248 0.001733
1.240249 -0.001882
1.245250 -0.000854
1.250251 0.000976
1.255252 0.001018
1.260253 0.000420
1.265254 -0.002166
1.270255 0.000212
1.275256 0.001464
1.280257 -0.000973
1.285258 -0.000900
1.290259 -0.000066
1.295260 0.002185
1.300261 0.001428
1.305262 -0.003635
1.310263 0.001232
1.315264 0.001939
1.320265 -0.001596
1.325266 -0.000566
1.330267 -0.001123
1.335268 0.003167
1.340269 -0.001338
1.345270 -0.001163
1.350271 0.002112
1.355272 -0.001351
1.360273 0.000632
1.365274 -0.002278
1.370275 0.002232
1.375276 0.001723
1.380277 -0.002209
1.385278 0.000181
1.390279 -0.001500
1.395280 0.002392
1.400281 -0.001507
1.405282 -0.002046
1.410283 0.002269
1.415284 0.000792
1.420285 -0.000136
1.425286 -0.003360
1.430287 0.001659
1.435288 0.001866
1.440289 -0.002133
1.445290 0.000040
1.450291 0.000155
1.455292 0.000802
1.460293 -0.000825
1.465294 -0.000714
1.470295 -0.000010
1.475296 0.001522
1.480297 0.000213
1.485298 -0.003419
1.490299 0.001385
1.495300 0.002297
1.500301 -0.001705
1.505302 -0.003397
1.510303 0.002845
1.515304 0.002338
1.520305 -0.002819
1.525306 0.001120
1.530307 -0.001397
1.535308 0.001358
1.540309 0.001922
1.545310 -0.004114
1.550311 0.000818
1.555312 0.003183
1.560313 -0.000654
1.565314 -0.002150
1.570315 0.000332
1.575316 0.002948
1.580317 -0.000642
1.585318 -0.001198
1.590319 0.000989
1.595320 0.000590
1.600321 0.000237
1.605322 -0.002858
1.610323 0.002122
1.615324 0.002323
1.620325 -0.002889
1.625326 -0.000392
1.630327 0.001225
1.635328 0.001683
1.640329 -0.001069
1.645330 -0.000378
1.650331 0.000245
1.655332 0.001809
1.660333 -0.000650
1.665334 -0.003392
1.670335 0.003159
1.675336 0.001393
1.680337 -0.001464
1.685338 -0.001432
1.690339 0.001976
1.695340 0.001053
1.700341 -0.002940
1.705342 0.000886
1.710343 0.000204
1.715344 0.001850
1.720345 -0.000425
1.725346 -0.002919
1.730347 0.002782
1.735348 0.000619
1.740349 -0.000577
1.745350 -0.001283
1.750351 0.000426
1.755352 0.002477
1.760353 -0.002359
1.765354 -0.000630
1.770355 0.000183
1.775356 0.001418
1.780357 0.000055
1.785358 -0.002751
1.790359 0.002153
1.795360 -0.000197
1.800361 -0.001768
1.805362 0.000501
1.810363 -0.000665
1.815364 0.001662
1.820365 0.000068
1.825366 -0.003482
1.830367 0.001854
1.835368 0.001789
1.840369 -0.001220
1.845370 -0.000913
1.850371 -0.000843
1.855372 0.002959
1.860373 -0.001228
1.865374 -0.001915
1.870375 0.001663
1.875376 0.000368
1.880377 -0.000048
1.885378 -0.002252
1.890379 0.001634
1.895380 0.001665
1.900381 -0.001085
1.905382 -0.001855
1.910383 0.000347
1.915384 0.002568
1.920385 -0.002436
1.925386 0.000076
1.930387 0.000855
1.935388 0.001152
1.940389 -0.000426
1.945390 -0.002405
1.950391 0.002587
1.955392 -0.000025
1.960393 -0.000002
1.965394 -0.000704
1.970395 -0.000727
1.975396 0.003035
1.980397 -0.000982
1.985398 -0.001651
1.990399 0.001606
1.995400 0.000743
2.000401 -0.000840
2.005402 -0.001231
2.010403 0.000838
2.015404 0.002259
2.020405 -0.001821
2.025406 -0.001280
2.030407 0.001538
2.035408 0.000385
2.040409 0.000019
2.045410 -0.000874
2.050411 0.000259
2.055412 0.001118
2.060413 -0.000885
2.065414 -0.001438
2.070415 0.000768
2.075416 0.002161
2.080417 -0.000166
2.085418 -0.003013
2.090419 -0.000122
2.095420 0.003029
2.100421 -0.001573
2.105422 -0.001639
2.110423 0.001813
2.115424 0.000689
2.120425 -0.000862
2.125426 -0.001001
2.130427 -0.000385
2.135428 0.000795
2.140429 0.000753
2.145430 -0.002271
2.150431 0.000715
2.155432 0.001547
2.160433 -0.001352
2.165434 -0.000075
2.170435 0.000126
2.175436 0.001187
2.180437 -0.000937
2.185438 -0.000792
2.190439 0.000448
2.195440 0.000220
2.200441 0.000622
2.205442 -0.001232
2.210443 -0.000188
2.215444 -0.000424
2.220445 0.000821
2.225446 -0.000493
2.230447 0.000058
2.235448 0.002076
2.240449 -0.001799
2.245450 -0.001146
2.250451 -0.000823
2.255452 0.001275
2.260453 0.000514
2.265454 -0.001956
2.270455 0.000322
2.275456 0.001566
2.280457 -0.001450
2.285458 -0.001107
2.290459 0.001509
2.295460 -0.000691
2.300461 0.000971
2.305462 -0.001786
2.310463 -0.000145
2.315464 0.002432
2.320465 -0.001706
2.325466 -0.001088
2.330467 0.000799
2.335468 0.001572
2.340469 -0.000835
2.345470 -0.000072
2.350471 -0.000063
2.355472 -0.000681
2.360473 -0.000351
2.365474 0.000947
2.370475 0.000674
2.375476 -0.001363
2.380477 0.000836
2.385478 -0.002858
2.390479 0.000869
2.395480 0.003068
2.400481 -0.003390
2.405482 -0.000085
2.410483 0.000357
2.415484 0.001589
2.420485 -0.001209
2.425486 -0.002289
2.430487 0.002509
2.435488 -0.000130
2.440489 0.000245
2.445490 -0.001232
2.450491 0.000213
2.455492 0.001810
2.460493 -0.001697
2.465494 -0.000618
2.470495 0.000357
2.475496 0.000641
2.480497 0.000733
2.485498 -0.002152
2.490499 0.000618
2.495500 0.001341
2.500501 -0.001500
2.505502 0.000486
2.510503 -0.000620
2.515504 0.002034
2.520505 -0.002083
2.525506 -0.002691
2.530507 0.002116
2.535508 -0.000231
2.540509 0.000109
2.545510 -0.003327
2.550511 0.001845
2.555512 0.002025
2.560513 -0.002952
2.565514 0.000721
2.570515 -0.000998
2.575516 -0.000066
2.580517 0.000703
2.585518 -0.001846
2.590519 -0.000499
2.595520 0.001523
2.600521 0.000003
2.605522 -0.001720
2.610523 -0.000267
2.615524 0.001751
2.620525 -0.000339
2.625526 -0.003142
2.630527 0.001194
2.635528 0.002122
2.640529 -0.002616
2.645530 -0.000683
2.650531 0.001975
2.655532 -0.000087
2.660533 -0.000078
2.665534 -0.001085
2.670535 -0.000826
2.675536 0.002755
2.680537 -0.001294
2.685538 -0.001122
2.690539 -0.000040
2.695540 0.000366
2.700541 0.001787
2.705542 -0.004083
2.710543 0.001403
2.715544 0.001438
2.720545 -0.001021
2.725546 -0.000304
2.730547 -0.000933
2.735548 0.002792
2.740549 -0.002164
2.745550 -0.000425
2.750551 0.000860
2.755552 0.001203
2.760553 0.000074
2.765554 -0.002013
2.770555 0.002204
2.775556 -0.000267
2.780557 -0.000192
2.785558 -0.000806
2.790559 -0.000469
2.795560 0.002569
2.800561 -0.001855
2.805562 -0.003082
2.810563 0.003838
2.815564 0.001460
2.820565 -0.003342
2.825566 -0.000212
2.830567 0.000472
2.835568 0.001211
2.840569 -0.001739
2.845570 -0.000538
2.850571 0.001910
2.855572 -0.000745
2.860573 -0.000324
2.865574 -0.001826
2.870575 0.000981
2.875576 0.001550
2.880577 -0.001933
2.885578 -0.001392
2.890579 0.000308
2.895580 0.000435
2.900581 -0.000716
2.905582 -0.000858
2.910583 0.000322
2.915584 0.001516
2.920585 -0.002128
2.925586 -0.000110
2.930587 0.000023
2.935588 -0.000229
2.940589 0.000251
2.945590 -0.002906
2.950591 0.002502
2.955592 -0.000122
2.960593 -0.000844
2.965594 -0.000982
2.970595 -0.001309
2.975596 0.003922
2.980597 -0.002516
2.985598 -0.002351
2.990599 0.003345
2.995600 0.001136
3.000601 -0.003175
3.005602 -0.001373
3.010603 0.001684
3.015604 0.001616
3.020605 -0.000046
3.025606 -0.003146
3.030607 0.001231
3.035608 0.001744
3.040609 -0.001987
3.045610 -0.000960
3.050611 0.001082
3.055612 0.000270
3.060613 -0.001442
3.065614 -0.000266
3.070615 -0.000172
3.075616 0.000257
3.080617 0.000616
3.085618 -0.000445
3.090619 -0.001140
3.095620 0.001862
3.100621 -0.000647
3.105622 -0.002567
3.110623 0.002625
3.115624 0.001030
3.120625 -0.001866
3.125626 -0.000548
3.130627 0.001979
3.135628 -0.001265
3.140629 -0.000976
3.145630 0.000675
3.150631 -0.000347
3.155632 0.002284
3.160633 -0.001646
3.165634 -0.001780
3.170635 0.002315
3.175636 0.000716
3.180637 -0.001851
3.185638 -0.000122
3.190639 0.001064
3.195640 -0.000285
3.200641 -0.000122
3.205642 -0.001396
3.210643 0.001044
3.215644 0.001431
3.220645 -0.001947
3.225646 -0.000928
3.230647 0.000956
3.235648 0.000735
3.240649 -0.001212
3.245650 -0.000305
3.250651 0.000917
3.255652 -0.000320
3.260653 0.000347
3.265654 -0.001149
3.270655 -0.000324
3.275656 0.001703
3.280657 -0.002285
3.285658 -0.000070
3.290659 0.000422
3.295660 -0.000267
3.300661 0.000304
3.305662 -0.003009
3.310663 0.001359
3.315664 0.001112
3.320665 -0.002281
3.325666 -0.001260
3.330667 0.001887
3.335668 -0.001005
3.340669 -0.001770
3.345670 0.001572
3.350671 -0.001817
3.355672 0.001770
3.360673 -0.001566
3.365674 -0.001109
3.370675 0.001412
3.375676 0.000047
3.380677 0.000991
3.385678 -0.003450
3.390679 0.001816
3.395680 0.001362
3.400681 -0.002199
3.405683 -0.000641
3.410684 0.001609
3.415685 0.001237
3.420686 -0.002057
3.425687 -0.000295
3.430688 0.000052
3.435689 0.001775
3.440690 -0.001116
3.445691 -0.002263
3.450692 0.001943
3.455693 0.001600
3.460694 -0.001212
3.465695 -0.002401
3.470696 0.002694
3.475697 0.000734
3.480698 -0.002950
3.485699 0.000383
3.490700 0.000374
3.495701 0.000251
3.500702 0.000232
3.505703 -0.000850
3.510704 -0.001274
3.515705 0.001192
3.520706 0.000428
3.525707 -0.001554
3.530708 0.000827
3.535709 -0.000158
3.540710 0.000195
3.545711 -0.000708
3.550712 -0.000344
3.555713 0.000924
3.560714 -0.000858
3.565715 -0.002210
3.570716 0.000656
3.575717 0.004492
3.580718 -0.003992
3.585719 -0.000759
3.590720 0.002522
3.595721 -0.001971
3.600722 0.001335
3.605723 -0.002890
3.610724 0.001940
3.615725 0.002299
3.620726 -0.004147
3.625727 0.000273
3.630728 0.000766
3.635729 0.000823
3.640730 -0.001443
3.645731 -0.001584
3.650732 0.002040
3.655733 0.000088
3.660734 -0.000805
3.665735 -0.001218
3.670736 0.000333
3.675737 0.001854
3.680738 -0.002017
3.685739 -0.001270
3.690740 0.000665
3.695741 0.001660
3.700742 -0.000134
3.705743 -0.002533
3.710744 0.001488
3.715745 0.001049
3.720746 -0.001193
3.725747 -0.001410
3.730748 0.001191
3.735749 0.001521
3.740750 -0.002005
3.745751 -0.000542
3.750752 0.001242
3.755753 0.000486
3.760754 -0.001411
3.765755 -0.000442
3.770756 0.000548
3.775757 0.001088
3.780758 -0.000850
3.785759 -0.002015
3.790760 0.001931
3.795761 0.000035
3.800762 -0.001581
3.805763 0.000017
3.810764 0.000767
3.815765 0.000802
3.820766 -0.001558
3.825767 -0.001898
3.830768 0.002367
3.835769 0.001104
3.840770 -0.002308
3.845771 -0.000067
3.850772 0.000312
3.855773 0.001315
3.860774 -0.001399
3.865775 -0.001799
3.870776 0.001909
3.875777 0.001102
3.880778 -0.000826
3.885779 -0.002248
3.890780 0.001713
3.895781 0.000152
3.900782 -0.000776
3.905783 -0.000512
3.910784 -0.001631
3.915785 0.003855
3.920786 -0.001663
3.925787 -0.001783
3.930788 0.003086
3.935789 -0.000616
3.940790 -0.000488
3.945791 -0.002103
3.950792 0.001126
3.955793 0.001981
3.960794 -0.002401
3.965795 0.000115
3.970796 0.000507
3.975797 0.001301
3.980798 0.000128
3.985799 -0.003702
3.990800 0.001302
3.995801 0.002331
4.000802 -0.000785
4.005803 -0.001049
4.010804 -0.001601
4.015805 0.002989
4.020806 -0.001348
4.025807 -0.001871
4.030808 0.002367
4.035809 -0.000376
4.040810 0.000386
4.045811 -0.002240
4.050812 0.001804
4.055813 0.000901
4.060814 -0.002595
4.065815 -0.000247
4.070816 0.000268
4.075817 0.001788
4.080818 -0.001436
4.085819 -0.001413
4.090820 0.000691
4.095821 0.001221
4.100822 -0.001369
4.105823 -0.000996
4.110824 0.001105
4.115825 -0.000256
4.120826 -0.000571
4.125827 -0.001341
4.130828 0.001644
4.135829 0.000142
4.140830 -0.002525
4.145831 0.001056
4.150832 -0.000635
4.155833 0.000882
4.160834 -0.000108
4.165835 -0.003091
4.170836 0.002477
4.175837 0.000866
4.180838 -0.001426
4.185839 -0.001529
4.190840 0.001286
4.195841 0.000836
4.200842 -0.000921
4.205843 0.000099
4.210844 -0.000673
4.215845 0.003489
4.220846 -0.002282
4.225847 -0.001795
4.230848 0.003151
4.235849 -0.000241
4.240850 -0.001050
4.245851 -0.001546
4.250852 0.002927
4.255853 0.000786
4.260854 -0.002392
4.265855 0.000103
4.270856 0.000052
4.275857 0.001749
4.280858 -0.001427
4.285859 -0.000934
4.290860 0.002726
4.295861 -0.000203
4.300862 -0.000788
4.305863 -0.001301
4.310864 0.000138
4.315865 0.001696
4.320866 -0.001532
4.325867 -0.001364
4.330868 0.001074
4.335869 0.000382
4.340870 0.000088
4.345871 -0.001494
4.350872 0.000239
4.355873 0.001373
4.360874 -0.000550
4.365875 -0.000303
4.370876 -0.001868
4.375877 0.003736
4.380878 -0.000753
4.385879 -0.004718
4.390880 0.003975
4.395881 0.000009
4.400882 -0.002030
4.405883 0.000396
4.410884 0.001344
4.415885 0.000967
4.420886 -0.002313
4.425887 0.000365
4.430888 0.001156
4.435889 0.000600
4.440890 0.000267
4.445891 -0.002582
4.450892 0.001853
4.455893 0.001018
4.460894 -0.002108
4.465895 0.000431
4.470896 -0.000020
4.475897 0.001748
4.480898 -0.000065
4.485899 -0.001578
4.490900 0.001024
4.495901 0.000893
4.500902 -0.000866
4.505903 -0.000473
4.510904 0.001667
4.515905 0.000058
4.520906 -0.001408
4.525907 -0.000045
4.530908 0.000282
4.535909 0.000988
4.540910 0.000038
4.545911 -0.001524
4.550912 0.000555
4.555913 0.000881
4.560914 0.000540
4.565915 -0.002076
4.570916 0.001200
4.575917 0.002322
4.580918 -0.002828
4.585919 0.000376
4.590920 0.000828
4.595921 0.001286
4.600922 -0.000658
4.605923 -0.002144
4.610924 0.001630
4.615925 0.001433
4.620926 -0.001377
4.625927 -0.001429
4.630928 0.001195
4.635929 0.000267
4.640930 -0.000934
4.645931 -0.000606
4.650932 0.001263
4.655933 0.000697
4.660934 -0.001982
4.665935 0.000105
4.670936 0.002021
4.675937 0.000244
4.680938 0.000074
4.685939 -0.001659
4.690940 -0.000270
4.695941 0.002764
4.700942 -0.001028
4.705943 -0.000974
4.710944 0.000336
4.715945 0.001740
4.720946 0.000964
4.725947 -0.000949
4.730948 0.001510
4.735949 0.001556
4.740950 -0.000716
4.745951 -0.000337
4.750952 0.000841
4.755953 0.000156
4.760954 -0.000305
4.765955 -0.002395
4.770956 0.000230
4.775957 0.001130
4.780958 -0.000099
4.785959 -0.000526
4.790960 -0.000222
4.795961 0.003176
4.800962 -0.001250
4.805963 0.000142
4.810964 0.001601
4.815965 0.000874
4.820966 -0.000030
4.825967 -0.003393
4.830968 0.003478
4.835969 0.000632
4.840970 -0.002687
4.845971 -0.001147
4.850972 -0.000238
4.855973 0.003218
4.860974 -0.003605
4.865975 -0.003840
4.870976 -0.000598
4.875977 -0.001789
4.880978 -0.001005
4.885979 0.000730
4.890980 0.002653
4.895981 -0.000794
4.900982 -0.004186
4.905983 -0.003714
4.910984 0.000805
4.915985 0.003732
4.920986 0.000423
4.925987 -0.001520
4.930988 -0.001625
4.935989 -0.004903
4.940990 -0.004020
4.945991 -0.002006
4.950992 0.001629
4.955993 0.005308
4.960994 -0.001754
4.965995 -0.002905
4.970996 0.000367
4.975997 0.001886
4.980998 0.004866
4.985999 0.003955
4.991000 0.004912
4.996001 0.001175
5.001002 -0.004396
5.006003 -0.003893
5.011004 -0.005391
5.016005 -0.004748
5.021006 -0.007115
5.026007 -0.006616
5.031008 -0.001182
5.036009 0.000074
5.041010 0.004352
5.046011 0.005857
5.051012 0.006235
5.056013 0.004915
5.061014 0.007943
5.066015 0.011295
5.071016 0.011876
5.076017 0.010731
5.081018 -0.002292
5.086019 -0.008760
5.091020 -0.015027
5.096021 -0.015411
5.101022 -0.007983
5.106023 -0.009122
5.111024 -0.008080
5.116025 -0.008366
5.121026 -0.005966
5.126027 0.001747
5.131028 0.004922
5.136029 0.005955
5.141030 0.000874
5.146031 -0.005367
5.151032 0.003795
5.156033 0.012288
5.161034 0.012912
5.166035 0.009961
5.171036 0.001219
5.176037 -0.010474
5.181038 -0.021808
5.186039 -0.022522
5.191040 -0.009946
5.196041 0.015050
5.201042 0.021864
5.206043 0.005487
5.211044 -0.006689
5.216045 -0.016167
5.221046 -0.012440
5.226047 0.011697
5.231048 0.037949
5.236049 0.032513
5.241050 0.002283
5.246051 -0.019723
5.251052 -0.023154
5.256053 -0.005557
5.261054 0.008078
5.266055 0.010781
5.271056 0.002441
5.276057 -0.023233
5.281058 -0.040379
5.286059 -0.029383
5.291060 0.002667
5.296061 0.023726
5.301062 0.019078
5.306063 0.005175
5.311064 0.003675
5.316065 0.018025
5.321066 0.034520
5.326067 0.042031
5.331068 0.026969
5.336069 -0.000162
5.341070 -0.018454
5.346071 -0.016628
5.351072 -0.008757
5.356073 -0.008227
5.361074 -0.015962
5.366075 -0.031347
5.371076 -0.028947
5.376077 -0.014533
5.381078 0.003362
5.386079 0.019849
5.391080 0.018035
5.396081 0.004112
5.401082 -0.004442
5.406083 0.010573
5.411084 0.027974
5.416085 0.023351
5.421086 0.001405
5.426087 -0.024608
5.431088 -0.032666
5.436089 -0.016332
5.441090 0.006753
5.446091 0.008800
5.451092 -0.008131
5.456093 -0.016671
5.461094 -0.006586
5.466095 0.019239
5.471096 0.041632
5.476097 0.038147
5.481098 0.013837
5.486099 -0.007272
5.491100 -0.015778
5.496101 -0.013263
5.501102 -0.009974
5.506103 -0.010302
5.511104 -0.013373
5.516105 -0.030904
5.521106 -0.040487
5.526107 -0.031456
5.531108 -0.014586
5.536109 -0.000680
5.541110 0.003292
5.546111 0.016505
5.551112 0.026805
5.556113 0.027567
5.561114 0.023519
5.566115 0.019331
5.571116 0.021991
5.576117 0.015274
5.581118 0.007712
5.586119 0.010426
5.591120 0.011028
5.596121 -0.006207
5.601122 -0.026954
5.606123 -0.033723
5.611124 -0.023447
5.616125 -0.003554
5.621126 0.000043
5.626127 -0.001422
5.631128 0.001781
5.636129 0.002002
5.641130 0.002624
5.646131 0.009976
5.651132 0.019106
5.656133 0.013545
5.661134 -0.004724
5.666135 -0.014226
5.671137 -0.007679
5.676138 -0.007642
5.681139 -0.015030
5.686140 -0.015620
5.691141 -0.008177
5.696142 -0.009071
5.701143 -0.014443
5.706144 -0.006572
5.711145 0.003448
5.716146 0.011252
5.721147 0.010565
5.726148 0.008373
5.731149 0.010147
5.736150 0.008562
5.741151 0.002253
5.746152 -0.010038
5.751153 -0.013661
5.756154 -0.016449
5.761155 -0.022189
5.766156 -0.014235
5.771157 -0.013690
5.776158 -0.019601
5.781159 -0.012174
5.786160 -0.009935
5.791161 -0.011061
5.796162 -0.007177
5.801163 -0.000366
5.806164 0.011755
5.811165 0.014341
5.816166 0.006637
5.821167 0.001712
5.826168 0.004930
5.831169 0.011033
5.836170 0.015988
5.841171 0.015609
5.846172 0.012025
5.851173 0.015951
5.856174 0.009250
5.861175 -0.001465
5.866176 -0.000810
5.871177 0.003044
5.876178 0.008430
5.881179 0.007170
5.886180 -0.000194
5.891181 -0.009513
5.896182 -0.018759
5.901183 -0.016792
5.906184 0.009115
5.911185 0.034931
5.916186 0.031658
5.921187 0.008250
5.926188 -0.012346
5.931189 -0.016342
5.936190 -0.015077
5.941191 -0.014875
5.946192 -0.003081
5.951193 0.011551
5.956194 0.004855
5.961195 -0.007922
5.966196 -0.008612
5.971197 0.001792
5.976198 0.016649
5.981199 0.023280
5.986200 0.025283
5.991201 0.018533
5.996202 0.000273
6.001203 -0.013762
6.006204 -0.014533
6.011205 -0.010204
6.016206 -0.005710
6.021207 -0.009267
6.026208 -0.022165
6.031209 -0.026271
6.036210 -0.027512
6.041211 -0.021853
6.046212 -0.011142
6.051213 -0.004643
6.056214 0.006973
6.061215 0.015269
6.066216 0.024235
6.071217 0.025637
6.076218 0.021553
6.081219 0.015595
6.086220 0.003079
6.091221 -0.000598
6.096222 -0.004533
6.101223 -0.004620
6.106224 -0.006204
6.111225 -0.009032
6.116226 -0.014201
6.121227 -0.025611
6.126228 -0.019539
6.131229 -0.004864
6.136230 0.015980
6.141231 0.032252
6.146232 0.030077
6.151233 0.020826
6.156234 0.002092
6.161235 -0.017329
6.166236 -0.015724
6.171237 -0.004052
6.176238 -0.001711
6.181239 -0.012610
6.186240 -0.030142
6.191241 -0.029128
6.196242 -0.012647
6.201243 0.004591
6.206244 0.016834
6.211245 0.013302
6.216246 0.003615
6.221247 -0.003149
6.226248 -0.008715
6.231249 -0.006673
6.236250 0.002697
6.241251 0.004042
6.246252 -0.001729
6.251253 -0.003316
6.256254 -0.005512
6.261255 -0.007936
6.266256 -0.009272
6.271257 -0.014840
6.276258 -0.019134
6.281259 -0.014826
6.286260 -0.008226
6.291261 -0.003109
6.296262 -0.004866
6.301263 -0.014174
6.306264 -0.024178
6.311265 -0.030745
6.316266 -0.021446
6.321267 -0.006230
6.326268 0.013446
6.331269 0.022170
6.336270 0.007384
6.341271 -0.006253
6.346272 -0.005737
6.351273 0.010048
6.356274 0.012683
6.361275 0.003744
6.366276 -0.005261
6.371277 -0.009055
6.376278 -0.008926
6.381279 -0.010872
6.386280 0.002522
6.391281 0.015265
6.396282 0.018200
6.401283 0.007619
6.406284 -0.010168
6.411285 -0.023641
6.416286 -0.027472
6.421287 -0.011714
6.426288 0.007154
6.431289 0.020901
6.436290 0.010464
6.441291 -0.013945
6.446292 -0.023164
6.451293 -0.019662
6.456294 -0.004028
6.461295 0.006362
6.466296 0.015344
6.471297 0.030841
6.476298 0.048261
6.481299 0.056751
6.486300 0.050730
6.491301 0.043184
6.496302 0.031996
6.501303 0.023919
6.506304 0.023327
6.511305 0.022292
6.516306 0.007650
6.521307 -0.014736
6.526308 -0.027891
6.531309 -0.023059
6.536310 -0.007424
6.541311 0.006035
6.546312 0.020040
6.551313 0.018460
6.556314 0.000760
6.561315 -0.011184
6.566316 -0.007682
6.571317 0.004955
6.576318 0.008418
6.581319 -0.004370
6.586320 -0.017718
6.591321 -0.020366
6.596322 -0.012197
6.601323 -0.002422
6.606324 -0.007223
6.611325 -0.028762
6.616326 -0.052066
6.621327 -0.056441
6.626328 -0.040698
6.631329 -0.013562
6.636330 -0.001192
6.641331 -0.011026
6.646332 -0.028225
6.651333 -0.036860
6.656334 -0.032402
6.661335 -0.032093
6.666336 -0.027131
6.671337 -0.024270
6.676338 -0.022331
6.681339 -0.013184
6.686340 -0.003447
6.691341 0.010427
6.696342 0.019735
6.701343 0.026668
6.706344 0.041263
6.711345 0.063301
6.716346 0.077948
6.721347 0.081478
6.726348 0.077025
6.731349 0.067735
6.736350 0.061633
6.741351 0.050066
6.746352 0.039836
6.751353 0.025753
6.756354 -0.004458
6.761355 -0.029506
6.766356 -0.038086
6.771357 -0.030535
6.776358 -0.026023
6.781359 -0.035697
6.786360 -0.043521
6.791361 -0.041828
6.796362 -0.037601
6.801363 -0.039383
6.806364 -0.038082
6.811365 -0.037854
6.816366 -0.033074
6.821367 -0.022524
6.826368 -0.015352
6.831369 -0.009952
6.836370 -0.016879
6.841371 -0.024186
6.846372 -0.018192
6.851373 0.003287
6.856374 0.030665
6.861375 0.053795
6.866376 0.067166
6.871377 0.067883
6.876378 0.065307
6.881379 0.054253
6.886380 0.038032
6.891381 0.019530
6.896382 -0.006799
6.901383 -0.036496
6.906384 -0.064814
6.911385 -0.085158
6.916386 -0.103533
6.921387 -0.119711
6.926388 -0.128484
6.931389 -0.128370
6.936390 -0.109845
6.941391 -0.079582
6.946392 -0.041973
6.951393 -0.015851
6.956394 -0.014003
6.961395 -0.021587
6.966396 -0.025378
6.971397 -0.008022
6.976398 0.019079
6.981399 0.041354
6.986400 0.049637
6.991401 0.044819
6.996402 0.038730
7.001403 0.039585
7.006404 0.052796
7.011405 0.057010
7.016406 0.048205
7.021407 0.030681
7.026408 0.014759
7.031409 0.014092
7.036410 0.019225
7.041411 0.016245
7.046412 0.003075
7.051413 -0.015776
7.056414 -0.031803
7.061415 -0.028510
7.066416 -0.011589
7.071417 0.010201
7.076418 0.019248
7.081419 0.019791
7.086420 0.034958
7.091421 0.069099
7.096422 0.122485
7.101423 0.180881
7.106424 0.238343
7.111425 0.291173
7.116426 0.336974
7.121427 0.376002
7.126428 0.417830
7.131429 0.454980
7.136430 0.473963
7.141431 0.476000
7.146432 0.452531
7.151433 0.414157
7.156434 0.356508
7.161435 0.291580
7.166436 0.237004
7.171437 0.170087
7.176438 0.102510
7.181439 0.047631
7.186440 0.002893
7.191441 -0.023919
7.196442 -0.045571
7.201443 -0.067738
7.206444 -0.096440
7.211445 -0.134499
7.216446 -0.171652
7.221447 -0.211565
7.226448 -0.238408
7.231449 -0.263280
7.236450 -0.295212
7.241451 -0.321394
7.246452 -0.355750
7.251453 -0.392133
7.256454 -0.423257
7.261455 -0.438549
7.266456 -0.442910
7.271457 -0.433639
7.276458 -0.404072
7.281459 -0.370116
7.286460 -0.318590
7.291461 -0.271918
7.296462 -0.241632
7.301463 -0.218368
7.306464 -0.201105
7.311465 -0.169851
7.316466 -0.140285
7.321467 -0.112597
7.326468 -0.084650
7.331469 -0.072505
7.336470 -0.072004
7.341471 -0.076503
7.346472 -0.080021
7.351473 -0.095128
7.356474 -0.125745
7.361475 -0.158668
7.366476 -0.182281
7.371477 -0.187384
7.376478 -0.171016
7.381479 -0.133924
7.386480 -0.083155
7.391481 -0.027654
7.396482 0.013737
7.401483 0.041952
7.406484 0.065996
7.411485 0.074441
7.416486 0.076261
7.421487 0.076379
7.426488 0.077709
7.431489 0.088025
7.436490 0.101594
7.441491 0.132354
7.446492 0.175135
7.451493 0.217840
7.456494 0.256482
7.461495 0.273834
7.466496 0.280808
7.471497 0.280971
7.476498 0.274189
7.481499 0.263698
7.486500 0.251538
7.491501 0.247791
7.496502 0.238136
7.501503 0.224918
7.506504 0.207638
7.511505 0.179118
7.516506 0.142174
7.521507 0.090814
7.526508 0.046200
7.531509 0.014776
7.536510 -0.010022
7.541511 -0.022275
7.546512 -0.025427
7.551513 -0.026028
7.556514 -0.030937
7.561515 -0.038753
7.566516 -0.046326
7.571517 -0.048905
7.576518 -0.046039
7.581519 -0.038105
7.586520 -0.026455
7.591521 -0.011317
7.596522 0.003258
7.601523 0.012798
7.606524 0.021516
7.611525 0.020330
7.616526 0.014998
7.621527 -0.000028
7.626528 -0.027714
7.631529 -0.051492
7.636530 -0.086753
7.641531 -0.124133
7.646532 -0.143982
7.651533 -0.160471
7.656534 -0.169607
7.661535 -0.171233
7.666536 -0.173876
7.671537 -0.170243
7.676538 -0.165111
7.681539 -0.150356
7.686540 -0.123930
7.691541 -0.095143
7.696542 -0.065244
7.701543 -0.040897
7.706544 -0.017587
7.711545 0.007652
7.716546 0.031093
7.721547 0.054421
7.726548 0.079115
7.731549 0.099367
7.736550 0.109608
7.741551 0.108912
7.746552 0.102351
7.751553 0.086046
7.756554 0.059263
7.761555 0.025065
7.766556 -0.011988
7.771557 -0.035176
7.776558 -0.053364
7.781559 -0.068227
7.786560 -0.073098
7.791561 -0.080400
7.796562 -0.082776
7.801563 -0.075209
7.806564 -0.060901
7.811565 -0.030127
7.816566 0.004463
7.821567 0.030055
7.826568 0.058721
7.831569 0.083450
7.836570 0.099517
7.841571 0.113226
7.846572 0.119895
7.851573 0.122654
7.856574 0.120282
7.861575 0.109353
7.866576 0.100506
7.871577 0.089246
7.876578 0.074087
7.881579 0.060403
7.886580 0.045540
7.891581 0.041026
7.896582 0.036064
7.901583 0.031979
7.906584 0.032327
7.911585 0.025557
7.916586 0.014772
7.921587 -0.008540
7.926588 -0.031203
7.931589 -0.047394
7.936590 -0.063430
7.941592 -0.071155
7.946593 -0.069177
7.951594 -0.063075
7.956595 -0.058945
7.961596 -0.056640
7.966597 -0.051357
7.971598 -0.040249
7.976599 -0.022556
7.981600 0.003864
7.986601 0.035452
7.991602 0.063579
7.996603 0.083684
8.001604 0.099739
8.006605 0.110993
8.011606 0.121699
8.016607 0.124246
8.021608 0.121685
8.026609 0.121818
8.031610 0.103539
8.036611 0.079103
8.041612 0.049810
8.046613 0.023263
8.051614 0.006562
8.056615 -0.012570
8.061616 -0.017477
8.066617 -0.020908
8.071618 -0.021445
8.076619 -0.018515
8.081620 -0.020715
8.086621 -0.017650
8.091622 -0.018269
8.096623 -0.025744
8.101624 -0.041043
8.106625 -0.052285
8.111626 -0.052934
8.116627 -0.054320
8.121628 -0.052486
8.126629 -0.046367
8.131630 -0.041201
8.136631 -0.037852
8.141632 -0.037722
8.146633 -0.032209
8.151634 -0.022736
8.156635 -0.015828
8.161636 -0.007574
8.166637 0.000861
8.171638 0.011166
8.176639 0.013177
8.181640 0.005061
8.186641 -0.009747
8.191642 -0.028231
8.196643 -0.045150
8.201644 -0.064525
8.206645 -0.080259
8.211646 -0.089604
8.216647 -0.096182
8.221648 -0.100442
8.226649 -0.088478
8.231650 -0.070237
8.236651 -0.052003
8.241652 -0.031409
8.246653 -0.009493
8.251654 0.016532
8.256655 0.028558
8.261656 0.045337
8.266657 0.055333
8.271658 0.060409
8.276659 0.068078
8.281660 0.058052
8.286661 0.053620
8.291662 0.044857
8.296663 0.033052
8.301664 0.024205
8.306665 0.021324
8.311666 0.027481
8.316667 0.034775
8.321668 0.043088
8.326669 0.042683
8.331670 0.041818
8.336671 0.036959
8.341672 0.028156
8.346673 0.021169
8.351674 0.014510
8.356675 0.002393
8.361676 -0.017390
8.366677 -0.035516
8.371678 -0.054352
8.376679 -0.066657
8.381680 -0.079721
8.386681 -0.090966
8.391682 -0.091935
8.396683 -0.095559
8.401684 -0.090534
8.406685 -0.079392
8.411686 -0.057856
8.416687 -0.032168
8.421688 -0.013046
8.426689 0.016715
8.431690 0.041119
8.436691 0.060957
8.441692 0.073054
8.446693 0.077902
8.451694 0.079037
8.456695 0.067514
8.461696 0.052933
8.466697 0.034446
8.471698 0.021792
8.476699 0.004254
8.481700 -0.018376
8.486701 -0.034716
8.491702 -0.050719
8.496703 -0.063608
8.501704 -0.071343
8.506705 -0.069938
8.511706 -0.066820
8.516707 -0.065123
8.521708 -0.066998
8.526709 -0.070972
8.531710 -0.071071
8.536711 -0.071935
8.541712 -0.069470
8.546713 -0.056711
8.551714 -0.036540
8.556715 -0.017042
8.561716 0.003365
8.566717 0.025612
8.571718 0.044098
8.576719 0.054697
8.581720 0.052655
8.586721 0.049113
8.591722 0.045864
8.596723 0.033352
8.601724 0.020120
8.606725 0.011823
8.611726 0.007932
8.616727 0.003891
8.621728 -0.002092
8.626729 -0.001910
8.631730 -0.004110
8.636731 -0.011865
8.641732 -0.015726
8.646733 -0.023922
8.651734 -0.029921
8.656735 -0.027036
8.661736 -0.023552
8.666737 -0.011728
8.671738 0.008024
8.676739 0.023008
8.681740 0.032324
8.686741 0.039909
8.691742 0.045448
8.696743 0.047966
8.701744 0.049504
8.706745 0.050107
8.711746 0.052104
8.716747 0.051273
8.721748 0.038277
8.726749 0.028558
8.731750 0.019663
8.736751 0.004447
8.741752 -0.007373
8.746753 -0.017538
8.751754 -0.024756
8.756755 -0.032588
8.761756 -0.029733
8.766757 -0.017569
8.771758 0.000389
8.776759 0.023637
8.781760 0.040849
8.786761 0.063607
8.791762 0.082057
8.796763 0.089429
8.801764 0.089789
8.806765 0.086829
8.811766 0.077399
8.816767 0.054737
8.821768 0.030148
8.826769 0.005131
8.831770 -0.012431
8.836771 -0.024284
8.841772 -0.026806
8.846773 -0.015138
8.851774 0.000135
8.856775 0.015378
8.861776 0.023110
8.866777 0.032107
8.871778 0.042111
8.876779 0.046918
8.881780 0.055404
8.886781 0.064452
8.891782 0.074323
8.896783 0.076942
8.901784 0.066723
8.906785 0.058630
8.911786 0.045795
8.916787 0.025224
8.921788 0.006307
8.926789 -0.007661
8.931790 -0.014984
8.936791 -0.014852
8.941792 -0.010170
8.946793 -0.002712
8.951794 0.010348
8.956795 0.012134
8.961796 0.008240
8.966797 0.007979
8.971798 0.002480
8.976799 -0.000717
8.981800 -0.007711
8.986801 -0.018769
8.991802 -0.029639
8.996803 -0.045867
9.001804 -0.058812
9.006805 -0.068153
9.011806 -0.072387
9.016807 -0.072927
9.021808 -0.083459
9.026809 -0.092076
9.031810 -0.095241
9.036811 -0.105052
9.041812 -0.114024
9.046813 -0.112924
9.051814 -0.109559
9.056815 -0.104898
9.061816 -0.092990
9.066817 -0.078516
9.071818 -0.059079
9.076819 -0.044579
9.081820 -0.034424
9.086821 -0.016172
9.091822 0.000757
9.096823 0.016726
9.101824 0.028846
9.106825 0.041781
9.111826 0.060487
9.116827 0.066014
9.121828 0.060569
9.126829 0.049226
9.131830 0.030456
9.136831 0.007404
9.141832 -0.022874
9.146833 -0.045532
9.151834 -0.060817
9.156835 -0.079655
9.161836 -0.092330
9.166837 -0.096884
9.171838 -0.097296
9.176839 -0.099442
9.181840 -0.094229
9.186841 -0.076562
9.191842 -0.058441
9.196843 -0.034135
9.201844 -0.003254
9.206845 0.028890
9.211846 0.062529
9.216847 0.088355
9.221848 0.108565
9.226849 0.124049
9.231850 0.132314
9.236851 0.134627
9.241852 0.130532
9.246853 0.122168
9.251854 0.112193
9.256855 0.098283
9.261856 0.072788
9.266857 0.053723
9.271858 0.034762
9.276859 0.013286
9.281860 0.003087
9.286861 -0.009070
9.291862 -0.014744
9.296863 -0.021083
9.301864 -0.031027
9.306865 -0.035069
9.311866 -0.035319
9.316867 -0.032443
9.321868 -0.024582
9.326869 -0.009653
9.331870 0.005250
9.336871 0.018054
9.341872 0.024564
9.346873 0.031845
9.351874 0.038397
9.356875 0.038272
9.361876 0.035945
9.366877 0.035478
9.371878 0.034027
9.376879 0.025061
9.381880 0.014772
9.386881 0.001357
9.391882 -0.008230
9.396883 -0.017912
9.401884 -0.030802
9.406885 -0.032952
9.411886 -0.029518
9.416887 -0.028071
9.421888 -0.026961
9.426889 -0.021778
9.431890 -0.017227
9.436891 -0.014379
9.441892 -0.016308
9.446893 -0.018810
9.451894 -0.014697
9.456895 -0.018319
9.461896 -0.027185
9.466897 -0.031248
9.471898 -0.032187
9.476899 -0.031148
9.481900 -0.029391
9.486901 -0.019231
9.491902 -0.002405
9.496903 0.012681
9.501904 0.025113
9.506905 0.040432
9.511906 0.055284
9.516907 0.058525
9.521908 0.057998
9.526909 0.050426
9.531910 0.035045
9.536911 0.010152
9.541912 -0.017676
9.546913 -0.038356
9.551914 -0.058914
9.556915 -0.068596
9.561916 -0.071921
9.566917 -0.064557
9.571918 -0.045700
9.576919 -0.026218
9.581920 -0.004692
9.586921 0.017977
9.591922 0.044275
9.596923 0.058755
9.601924 0.063041
9.606925 0.066298
9.611926 0.058015
9.616927 0.043330
9.621928 0.026058
9.626929 0.013156
9.631930 0.007572
9.636931 -0.002555
9.641932 -0.004320
9.646933 -0.002126
9.651934 0.005007
9.656935 0.018359
9.661936 0.021485
9.666937 0.034770
9.671938 0.041077
9.676939 0.038608
9.681940 0.039173
9.686941 0.029793
9.691942 0.027533
9.696943 0.016166
9.701944 -0.005269
9.706945 -0.016540
9.711946 -0.028685
9.716947 -0.048119
9.721948 -0.058249
9.726949 -0.061705
9.731950 -0.062961
9.736951 -0.054378
9.741952 -0.049281
9.746953 -0.030574
9.751954 -0.010425
9.756955 0.003612
9.761956 0.018288
9.766957 0.022982
9.771958 0.033803
9.776959 0.033227
9.781960 0.027534
9.786961 0.023658
9.791962 0.011478
9.796963 -0.004366
9.801964 -0.025842
9.806965 -0.041887
9.811966 -0.055926
9.816967 -0.068384
9.821968 -0.072196
9.826969 -0.070213
9.831970 -0.067407
9.836971 -0.060493
9.841972 -0.055400
9.846973 -0.053830
9.851974 -0.047899
9.856975 -0.049469
9.861976 -0.051606
9.866977 -0.051503
9.871978 -0.054483
9.876979 -0.052553
9.881980 -0.049176
9.886981 -0.042620
9.891982 -0.029833
9.896983 -0.014839
9.901984 -0.003076
9.906985 0.011787
9.911986 0.030532
9.916987 0.040426
9.921988 0.050374
9.926989 0.062375
9.931990 0.069098
9.936991 0.069320
9.941992 0.063168
9.946993 0.054192
9.951994 0.046597
9.956995 0.035576
9.961996 0.019059
9.966997 0.007928
9.971998 -0.000546
9.976999 -0.008984
9.982000 -0.013868
9.987001 -0.010049
9.992002 -0.002561
9.997003 0.004048
10.002004 0.016112
10.007005 0.029885
10.012006 0.041842
10.017007 0.056658
10.022008 0.069406
10.027009 0.076659
10.032010 0.086192
10.037011 0.088777
10.042012 0.084675
10.047013 0.082207
10.052014 0.079225
10.057015 0.070836
10.062016 0.058589
10.067017 0.052269
10.072018 0.042556
10.077019 0.031521
10.082020 0.022514
10.087021 0.009762
10.092022 0.005616
10.097023 -0.000464
10.102024 -0.009709
10.107025 -0.010618
10.112026 -0.018273
10.117027 -0.028291
10.122028 -0.038066
10.127029 -0.052182
10.132030 -0.059011
10.137031 -0.071057
10.142032 -0.090009
10.147033 -0.095907
10.152034 -0.105283
10.157035 -0.117207
10.162036 -0.119124
10.167037 -0.119931
10.172038 -0.108259
10.177039 -0.093765
10.182040 -0.075943
10.187041 -0.046867
10.192042 -0.020118
10.197043 0.008752
10.202044 0.028902
10.207046 0.047892
10.212047 0.069046
10.217048 0.072421
10.222049 0.068899
10.227050 0.063598
10.232051 0.053393
10.237052 0.039085
10.242053 0.022691
10.247054 0.011300
10.252055 0.004463
10.257056 -0.005036
10.262057 -0.014502
10.267058 -0.017666
10.272059 -0.021105
10.277060 -0.021427
10.282061 -0.020412
10.287062 -0.019775
10.292063 -0.012195
10.297064 -0.009844
10.302065 -0.009228
10.307066 -0.004623
10.312067 0.002231
10.317068 0.006461
10.322069 0.008404
10.327070 0.017770
10.332071 0.025006
10.337072 0.029552
10.342073 0.034704
10.347074 0.042115
10.352075 0.050853
10.357076 0.053926
10.362077 0.055582
10.367078 0.060656
10.372079 0.063643
10.377080 0.063630
10.382081 0.059586
10.387082 0.053300
10.392083 0.046737
10.397084 0.032185
10.402085 0.016328
10.407086 0.002130
10.412087 -0.010522
10.417088 -0.024513
10.422089 -0.039554
10.427090 -0.047999
10.432091 -0.053362
10.437092 -0.058319
10.442093 -0.061174
10.447094 -0.057426
10.452095 -0.051381
10.457096 -0.049305
10.462097 -0.041333
10.467098 -0.029574
10.472099 -0.022313
10.477100 -0.011331
10.482101 -0.005543
10.487102 0.000135
10.492103 0.013009
10.497104 0.018435
10.502105 0.017319
10.507106 0.020742
10.512107 0.026749
10.517108 0.020955
10.522109 0.019381
10.527110 0.018482
10.532111 0.011746
10.537112 0.006599
10.542113 -0.004026
10.547114 -0.010301
10.552115 -0.015457
10.557116 -0.023398
10.562117 -0.034560
10.567118 -0.039560
10.572119 -0.045086
10.577120 -0.054547
10.582121 -0.056592
10.587122 -0.059035
10.592123 -0.054758
10.597124 -0.048853
10.602125 -0.041504
10.607126 -0.031807
10.612127 -0.017719
10.617128 0.000684
10.622129 0.013358
10.627130 0.029539
10.632131 0.048395
10.637132 0.060947
10.642133 0.066336
10.647134 0.071735
10.652135 0.071183
10.657136 0.068286
10.662137 0.062617
10.667138 0.050845
10.672139 0.048247
10.677140 0.038433
10.682141 0.027106
10.687142 0.023741
10.692143 0.018184
10.697144 0.015234
10.702145 0.008851
10.707146 0.004908
10.712147 0.004016
10.717148 -0.003966
10.722149 -0.018694
10.727150 -0.028047
10.732151 -0.034634
10.737152 -0.048608
10.742153 -0.053889
10.747154 -0.055622
10.752155 -0.053558
10.757156 -0.045099
10.762157 -0.038714
10.767158 -0.022969
10.772159 -0.001470
10.777160 0.016223
10.782161 0.033662
10.787162 0.056050
10.792163 0.072875
10.797164 0.082988
10.802165 0.089548
10.807166 0.093868
10.812167 0.096476
10.817168 0.087275
10.822169 0.076252
10.827170 0.061301
10.832171 0.044014
10.837172 0.024584
10.842173 -0.002687
10.847174 -0.025156
10.852175 -0.043437
10.857176 -0.062559
10.862177 -0.082008
10.867178 -0.091104
10.872179 -0.097323
10.877180 -0.104036
10.882181 -0.106595
10.887182 -0.105521
10.892183 -0.095314
10.897184 -0.093166
10.902185 -0.087297
10.907186 -0.073981
10.912187 -0.065895
10.917188 -0.054459
10.922189 -0.044901
10.927190 -0.032458
10.932191 -0.018504
10.937192 -0.006516
10.942193 0.005343
10.947194 0.018852
10.952195 0.031739
10.957196 0.037779
10.962197 0.043336
10.967198 0.045449
10.972199 0.046945
10.977200 0.044722
10.982201 0.032646
10.987202 0.028406
10.992203 0.022517
10.997204 0.006122
11.002205 -0.005118
11.007206 -0.014257
11.012207 -0.021601
11.017208 -0.032210
11.022209 -0.040961
11.027210 -0.040144
11.032211 -0.044029
11.037212 -0.043918
11.042213 -0.040189
11.047214 -0.037305
11.052215 -0.025715
11.057216 -0.015292
11.062217 -0.006507
11.067218 0.009188
11.072219 0.023606
11.077220 0.037564
11.082221 0.050518
11.087222 0.059383
11.092223 0.071624
11.097224 0.075964
11.102225 0.075639
11.107226 0.078607
11.112227 0.076981
11.117228 0.072879
11.122229 0.066884
11.127230 0.063906
11.132231 0.062510
11.137232 0.056242
11.142233 0.050429
11.147234 0.048158
11.152235 0.041628
11.157236 0.032196
11.162237 0.024359
11.167238 0.012582
11.172239 0.001928
11.177240 -0.008885
11.182241 -0.020503
11.187242 -0.028588
11.192243 -0.031308
11.197244 -0.031931
11.202245 -0.035896
11.207246 -0.030401
11.212247 -0.023324
11.217248 -0.023036
11.222249 -0.019475
11.227250 -0.016624
11.232251 -0.018746
11.237252 -0.019687
11.242253 -0.024589
11.247254 -0.032525
11.252255 -0.033141
11.257256 -0.040555
11.262257 -0.048341
11.267258 -0.050893
11.272259 -0.050979
11.277260 -0.051860
11.282261 -0.058146
11.287262 -0.056997
11.292263 -0.057971
11.297264 -0.062257
11.302265 -0.064681
11.307266 -0.067494
11.312267 -0.067969
11.317268 -0.073226
11.322269 -0.080799
11.327270 -0.080494
11.332271 -0.080319
11.337272 -0.079943
11.342273 -0.078709
11.347274 -0.072918
11.352275 -0.059343
11.357276 -0.052910
11.362277 -0.039063
11.367278 -0.023510
11.372279 -0.006262
11.377280 0.012743
11.382281 0.023249
11.387282 0.044786
11.392283 0.061738
11.397284 0.071244
11.402285 0.082159
11.407286 0.089863
11.412287 0.095485
11.417288 0.099523
11.422289 0.096708
11.427290 0.094326
11.432291 0.096394
11.437292 0.085909
11.442293 0.079899
11.447294 0.079620
11.452295 0.078061
11.457296 0.078039
11.462297 0.079875
11.467298 0.087364
11.472299 0.094639
11.477300 0.101184
11.482301 0.100410
11.487302 0.103737
11.492303 0.105285
11.497304 0.097957
11.502305 0.092779
11.507306 0.084317
11.512307 0.076099
11.517308 0.067232
11.522309 0.054648
11.527310 0.046335
11.532311 0.041818
11.537312 0.031714
11.542313 0.023948
11.547314 0.021540
11.552315 0.018587
11.557316 0.013359
11.562317 0.010905
11.567318 0.008942
11.572319 0.003576
11.577320 -0.003319
11.582321 -0.015344
11.587322 -0.025123
11.592323 -0.036530
11.597324 -0.046351
11.602325 -0.058332
11.607326 -0.068973
11.612327 -0.069042
11.617328 -0.074107
11.622329 -0.074650
11.627330 -0.068665
11.632331 -0.063270
11.637332 -0.057826
11.642333 -0.056877
11.647334 -0.055442
11.652335 -0.053204
11.657336 -0.056109
11.662337 -0.064371
11.667338 -0.073166
11.672339 -0.078524
11.677340 -0.086695
11.682341 -0.094173
11.687342 -0.096775
11.692343 -0.096216
11.697344 -0.094665
11.702345 -0.094474
11.707346 -0.086800
11.712347 -0.077220
11.717348 -0.071126
11.722349 -0.062835
11.727350 -0.053652
11.732351 -0.043883
11.737352 -0.034644
11.742353 -0.031624
11.747354 -0.023347
11.752355 -0.015744
11.757356 -0.016853
11.762357 -0.012617
11.767358 -0.012273
11.772359 -0.010893
11.777360 -0.011020
11.782361 -0.011282
11.787362 -0.005948
11.792363 -0.003620
11.797364 0.006244
11.802365 0.013207
11.807366 0.023165
11.812367 0.037458
11.817368 0.043026
11.822369 0.053345
11.827370 0.062070
11.832371 0.066396
11.837372 0.068973
11.842373 0.064576
11.847374 0.058699
11.852375 0.051862
11.857376 0.035497
11.862377 0.020694
11.867378 0.011222
11.872379 -0.001611
11.877380 -0.011433
11.882381 -0.019125
11.887382 -0.020460
11.892383 -0.019753
11.897384 -0.018825
11.902385 -0.013761
11.907386 -0.006136
11.912387 0.003571
11.917388 0.011649
11.922389 0.018050
11.927390 0.025261
11.932391 0.034163
11.937392 0.038596
11.942393 0.043067
11.947394 0.048430
11.952395 0.056097
11.957396 0.062025
11.962397 0.062385
11.967398 0.067975
11.972399 0.072934
11.977400 0.071440
11.982401 0.066561
11.987402 0.063879
11.992403 0.059483
11.997404 0.043480
12.002405 0.031605
12.007406 0.024357
12.012407 0.011272
12.017408 0.000471
12.022409 -0.012903
12.027410 -0.019404
12.032411 -0.023449
12.037412 -0.030559
12.042413 -0.033930
12.047414 -0.035068
12.052415 -0.030453
12.057416 -0.031423
12.062417 -0.026537
12.067418 -0.018849
12.072419 -0.011679
12.077420 0.002041
12.082421 0.012028
12.087422 0.026717
12.092423 0.036785
12.097424 0.047428
12.102425 0.058815
12.107426 0.061503
12.112427 0.068187
12.117428 0.067549
12.122429 0.066550
12.127430 0.062898
12.132431 0.054848
12.137432 0.051743
12.142433 0.036717
12.147434 0.028069
12.152435 0.019402
12.157436 -0.000372
12.162437 -0.011847
12.167438 -0.026824
12.172439 -0.038941
12.177440 -0.050569
12.182441 -0.070721
12.187442 -0.082385
12.192443 -0.094460
12.197444 -0.115238
12.202445 -0.130448
12.207446 -0.139501
12.212447 -0.149372
12.217448 -0.159091
12.222449 -0.167993
12.227450 -0.165377
12.232451 -0.157307
12.237452 -0.151544
12.242453 -0.139498
12.247454 -0.121099
12.252455 -0.098283
12.257456 -0.076922
12.262457 -0.055513
12.267458 -0.030107
12.272459 -0.006809
12.277460 0.007201
12.282461 0.020634
12.287462 0.035225
12.292463 0.041662
12.297464 0.043214
12.302465 0.043322
12.307466 0.038736
12.312467 0.034074
12.317468 0.024526
12.322469 0.008971
12.327470 0.003022
12.332471 -0.004679
12.337472 -0.014440
12.342473 -0.018719
12.347474 -0.018476
12.352475 -0.016802
12.357476 -0.014653
12.362477 -0.004931
12.367478 0.001977
12.372479 0.014074
12.377480 0.029059
12.382481 0.038737
12.387482 0.054787
12.392483 0.072306
12.397484 0.085176
12.402485 0.093230
12.407486 0.105296
12.412487 0.118828
12.417488 0.127433
12.422489 0.135289
12.427490 0.144302
12.432491 0.153581
12.437492 0.154699
12.442493 0.152541
12.447494 0.150977
12.452495 0.145633
12.457496 0.132724
12.462497 0.115539
12.467498 0.101686
12.472499 0.082394
12.477501 0.060832
12.482502 0.041863
12.487503 0.026847
12.492504 0.015914
12.497505 -0.000672
12.502506 -0.008167
12.507507 -0.007370
12.512508 -0.009110
12.517509 -0.003534
12.522510 -0.002022
12.527511 0.000454
12.532512 0.007032
12.537513 0.005131
12.542514 0.002185
12.547515 -0.003545
12.552516 -0.006757
12.557517 -0.015883
12.562518 -0.030858
12.567519 -0.039907
12.572520 -0.051439
12.577521 -0.064791
12.582522 -0.077964
12.587523 -0.083400
12.592524 -0.088516
12.597525 -0.092427
12.602526 -0.092764
12.607527 -0.091614
12.612528 -0.084081
12.617529 -0.080063
12.622530 -0.075393
12.627531 -0.069602
12.632532 -0.060303
12.637533 -0.054045
12.642534 -0.053100
12.647535 -0.049896
12.652536 -0.049755
12.657537 -0.053325
12.662538 -0.061248
12.667539 -0.063221
12.672540 -0.067645
12.677541 -0.074732
12.682542 -0.076832
12.687543 -0.076727
12.692544 -0.073762
12.697545 -0.071672
12.702546 -0.068476
12.707547 -0.063496
12.712548 -0.050858
12.717549 -0.044061
12.722550 -0.037665
12.727551 -0.024575
12.732552 -0.014980
12.737553 -0.005899
12.742554 -0.000109
12.747555 0.008604
12.752556 0.014787
12.757557 0.017961
12.762558 0.020379
12.767559 0.025610
12.772560 0.031649
12.777561 0.033175
12.782562 0.037799
12.787563 0.042301
12.792564 0.046572
12.797565 0.050907
12.802566 0.049718
12.807567 0.050523
12.812568 0.055411
12.817569 0.049660
12.822570 0.045886
12.827571 0.043358
12.832572 0.040533
12.837573 0.037082
12.842574 0.027567
12.847575 0.027820
12.852576 0.028478
12.857577 0.026546
12.862578 0.023397
12.867579 0.027263
12.872580 0.030097
12.877581 0.026116
12.882582 0.029168
12.887583 0.026826
12.892584 0.027769
12.897585 0.026600
12.902586 0.021442
12.907587 0.024119
12.912588 0.021446
12.917589 0.021249
12.922590 0.021063
12.927591 0.018954
12.932592 0.025043
12.937593 0.026557
12.942594 0.023068
12.947595 0.028309
12.952596 0.034103
12.957597 0.031976
12.962598 0.034467
12.967599 0.033991
12.972600 0.033341
12.977601 0.033837
12.982602 0.024989
12.987603 0.021350
12.992604 0.016336
12.997605 0.007193
13.002606 -0.003382
13.007607 -0.010890
13.012608 -0.016399
13.017609 -0.025647
13.022610 -0.031329
13.027611 -0.036655
13.032612 -0.037835
13.037613 -0.041213
13.042614 -0.042748
13.047615 -0.041902
13.052616 -0.037029
13.057617 -0.031837
13.062618 -0.033963
13.067619 -0.022585
13.072620 -0.016260
13.077621 -0.011897
13.082622 -0.003566
13.087623 0.000606
13.092624 0.012802
13.097625 0.015695
13.102626 0.017453
13.107627 0.025166
13.112628 0.027483
13.117629 0.029135
13.122630 0.025475
13.127631 0.025407
13.132632 0.027052
13.137633 0.019695
13.142634 0.015520
13.147635 0.011586
13.152636 0.008928
13.157637 0.003277
13.162638 -0.005500
13.167639 -0.006497
13.172640 -0.009797
13.177641 -0.012385
13.182642 -0.016201
13.187643 -0.017733
13.192644 -0.011721
13.197645 -0.012412
13.202646 -0.011957
13.207647 -0.007333
13.212648 -0.004890
13.217649 -0.002047
13.222650 -0.002726
13.227651 -0.000984
13.232652 0.001951
13.237653 0.001254
13.242654 -0.000275
13.247655 0.000780
13.252656 0.005350
13.257657 0.004373
13.262658 0.004716
13.267659 0.007727
13.272660 0.011824
13.277661 0.013987
13.282662 0.014738
13.287663 0.020420
13.292664 0.022196
13.297665 0.025092
13.302666 0.026527
13.307667 0.027885
13.312668 0.032821
13.317669 0.031491
13.322670 0.027090
13.327671 0.025493
13.332672 0.023848
13.337673 0.017518
13.342674 0.009770
13.347675 0.003097
13.352676 -0.000049
13.357677 -0.006594
13.362678 -0.018207
13.367679 -0.022561
13.372680 -0.026048
13.377681 -0.033459
13.382682 -0.039855
13.387683 -0.043832
13.392684 -0.044527
13.397685 -0.047068
13.402686 -0.049050
13.407687 -0.044649
13.412688 -0.039892
13.417689 -0.036570
13.422690 -0.031870
13.427691 -0.021902
13.432692 -0.014208
13.437693 -0.011981
13.442694 -0.005326
13.447695 -0.001393
13.452696 0.004761
13.457697 0.004710
13.462698 -0.000460
13.467699 0.005285
13.472700 0.003422
13.477701 0.000419
13.482702 -0.002955
13.487703 -0.006330
13.492704 -0.004066
13.497705 -0.010286
13.502706 -0.016552
13.507707 -0.017393
13.512708 -0.018546
13.517709 -0.024204
13.522710 -0.029644
13.527711 -0.028928
13.532712 -0.029854
13.537713 -0.031132
13.542714 -0.032295
13.547715 -0.031445
13.552716 -0.024599
13.557717 -0.023269
13.562718 -0.019389
13.567719 -0.012740
13.572720 -0.008001
13.577721 0.000174
13.582722 -0.000877
13.587723 0.001297
13.592724 0.008817
13.597725 0.003190
13.602726 -0.000789
13.607727 -0.001264
13.612728 -0.006479
13.617729 -0.009077
13.622730 -0.013372
13.627731 -0.015525
13.632732 -0.012866
13.637733 -0.013453
13.642734 -0.012759
13.647735 -0.007133
13.652736 -0.000213
13.657737 0.003819
13.662738 0.007136
13.667739 0.010864
13.672740 0.015998
13.677741 0.019990
13.682742 0.016373
13.687743 0.017447
13.692744 0.021952
13.697745 0.019024
13.702746 0.016498
13.707747 0.020050
13.712748 0.020920
13.717749 0.018882
13.722750 0.022609
13.727751 0.021854
13.732752 0.025234
13.737753 0.027108
13.742754 0.023174
13.747755 0.027802
13.752756 0.025705
13.757757 0.025088
13.762758 0.023312
13.767759 0.020326
13.772760 0.021489
13.777761 0.014590
13.782762 0.012425
13.787763 0.011659
13.792764 0.008678
13.797765 0.006786
13.802766 0.005290
13.807767 0.006802
13.812768 0.006295
13.817769 0.007963
13.822770 0.008206
13.827771 0.007566
13.832772 0.012484
13.837773 0.011820
13.842774 0.009893
13.847775 0.009806
13.852776 0.008367
13.857777 0.006850
13.862778 0.001512
13.867779 0.000518
13.872780 0.001752
13.877781 -0.004515
13.882782 -0.008095
13.887783 -0.005564
13.892784 -0.008043
13.897785 -0.009984
13.902786 -0.013350
13.907787 -0.017146
13.912788 -0.013877
13.917789 -0.019462
13.922790 -0.023789
13.927791 -0.020787
13.932792 -0.020860
13.937793 -0.019992
13.942794 -0.021473
13.947795 -0.017830
13.952796 -0.009818
13.957797 -0.011187
13.962798 -0.009226
13.967799 -0.002167
13.972800 0.003224
13.977801 0.006161
13.982802 0.004790
13.987803 0.010610
13.992804 0.012420
13.997805 0.010514
14.002806 0.007962
14.007807 0.005669
14.012808 0.007710
14.017809 0.001285
14.022810 -0.000875
14.027811 -0.001707
14.032812 0.000966
14.037813 0.003347
14.042814 -0.000338
14.047815 0.004426
14.052816 0.010238
14.057817 0.012553
14.062818 0.010115
14.067819 0.015706
14.072820 0.021074
14.077821 0.016750
14.082822 0.017869
14.087823 0.020095
14.092824 0.018442
14.097825 0.017242
14.102826 0.014919
14.107827 0.013809
14.112828 0.015698
14.117829 0.013480
14.122830 0.014248
14.127831 0.014963
14.132832 0.017453
14.137833 0.020090
14.142834 0.018053
14.147835 0.020334
14.152836 0.023167
14.157837 0.022236
14.162838 0.016842
14.167839 0.016187
14.172840 0.014458
14.177841 0.007262
14.182842 0.002646
14.187843 -0.000459
14.192844 -0.005432
14.197845 -0.010492
14.202846 -0.013999
14.207847 -0.017323
14.212848 -0.015784
14.217849 -0.019649
14.222850 -0.021834
14.227851 -0.018423
14.232852 -0.019112
14.237853 -0.015324
14.242854 -0.015452
14.247855 -0.015467
14.252856 -0.011373
14.257857 -0.011345
14.262858 -0.012525
14.267859 -0.010021
14.272860 -0.008147
14.277861 -0.012648
14.282862 -0.014566
14.287863 -0.014176
14.292864 -0.012616
14.297865 -0.017904
14.302866 -0.022238
14.307867 -0.021422
14.312868 -0.022966
14.317869 -0.024513
14.322870 -0.032435
14.327871 -0.029493
14.332872 -0.028112
14.337873 -0.032996
14.342874 -0.030059
14.347875 -0.032819
14.352876 -0.028484
14.357877 -0.025914
14.362878 -0.027105
14.367879 -0.019452
14.372880 -0.014869
14.377881 -0.010078
14.382882 -0.007518
14.387883 0.000548
14.392884 0.011674
14.397885 0.013244
14.402886 0.017259
14.407887 0.026075
14.412888 0.032066
14.417889 0.031155
14.422890 0.031741
14.427891 0.032979
14.432892 0.032978
14.437893 0.030016
14.442894 0.023774
14.447895 0.024921
14.452896 0.020740
14.457897 0.014530
14.462898 0.012514
14.467899 0.004932
14.472900 0.005858
14.477901 0.004867
14.482902 -0.003316
14.487903 -0.000957
14.492904 -0.000077
14.497905 0.000038
14.502906 -0.001686
14.507907 0.000072
14.512908 0.006069
14.517909 0.000765
14.522910 0.006174
14.527911 0.009710
14.532912 0.006957
14.537913 0.014652
14.542914 0.014330
14.547915 0.012075
14.552916 0.016960
14.557917 0.018716
14.562918 0.014542
14.567919 0.016608
14.572920 0.017561
14.577921 0.013122
14.582922 0.012936
14.587923 0.010295
14.592924 0.009712
14.597925 0.007216
14.602926 0.002901
14.607927 0.002090
14.612928 0.000384
14.617929 -0.001243
14.622930 -0.005656
14.627931 -0.007239
14.632932 -0.009147
14.637933 -0.011499
14.642934 -0.015076
14.647935 -0.020579
14.652936 -0.017847
14.657937 -0.021248
14.662938 -0.026287
14.667939 -0.024827
14.672940 -0.023369
14.677941 -0.025574
14.682942 -0.029428
14.687943 -0.024984
14.692944 -0.025468
14.697945 -0.027610
14.702946 -0.027014
14.707947 -0.025602
14.712948 -0.022233
14.717949 -0.022169
14.722950 -0.021631
14.727951 -0.018968
14.732952 -0.015219
14.737953 -0.015168
14.742954 -0.013181
14.747956 -0.012467
14.752957 -0.010222
14.757958 -0.009755
14.762959 -0.011776
14.767960 -0.010631
14.772961 -0.010827
14.777962 -0.009041
14.782963 -0.015335
14.787964 -0.014462
14.792965 -0.012506
14.797966 -0.018962
14.802967 -0.019461
14.807968 -0.020515
14.812969 -0.020054
14.817970 -0.023301
14.822971 -0.026240
14.827972 -0.022749
14.832973 -0.022408
14.837974 -0.020661
14.842975 -0.017940
14.847976 -0.015902
14.852977 -0.006895
14.857978 -0.001948
14.862979 0.001941
14.867980 0.012795
14.872981 0.021291
14.877982 0.028046
14.882983 0.035593
14.887984 0.043671
14.892985 0.051660
14.897986 0.056222
14.902987 0.055836
14.907988 0.061265
14.912989 0.063511
14.917990 0.060054
14.922991 0.056276
14.927992 0.054254
14.932993 0.053235
14.937994 0.043809
14.942995 0.040326
14.947996 0.032959
14.952997 0.028191
14.957998 0.026047
14.962999 0.014005
14.968000 0.009313
14.973001 0.006655
14.978002 -0.000423
14.983003 -0.008669
14.988004 -0.008971
14.993005 -0.011046
14.998006 -0.019057
15.003007 -0.019765
15.008008 -0.016538
15.013009 -0.017779
15.018010 -0.017520
15.023011 -0.014641
15.028012 -0.010582
15.033013 -0.003868
15.038014 -0.003182
15.043015 -0.000774
15.048016 0.003633
15.053017 0.005874
15.058018 0.005903
15.063019 0.003164
15.068020 0.002373
15.073021 0.001402
15.078022 -0.001705
15.083023 -0.007807
15.088024 -0.007618
15.093025 -0.004935
15.098026 -0.012525
15.103027 -0.011901
15.108028 -0.007905
15.113029 -0.010890
15.118030 -0.009162
15.123031 -0.009595
15.128032 -0.006212
15.133033 -0.002766
15.138034 -0.003926
15.143035 -0.002155
15.148036 -0.001841
15.153037 0.001639
15.158038 0.000246
15.163039 -0.004714
15.168040 -0.001740
15.173041 -0.003369
15.178042 -0.008084
15.183043 -0.010277
15.188044 -0.011525
15.193045 -0.011200
15.198046 -0.013791
15.203047 -0.015518
15.208048 -0.015083
15.213049 -0.013678
15.218050 -0.012641
15.223051 -0.014999
15.228052 -0.015368
15.233053 -0.012996
15.238054 -0.014841
15.243055 -0.017578
15.248056 -0.018640
15.253057 -0.018047
15.258058 -0.019650
15.263059 -0.022187
15.268060 -0.020602
15.273061 -0.019199
15.278062 -0.017269
15.283063 -0.018389
15.288064 -0.011818
15.293065 -0.005389
15.298066 -0.005712
15.303067 0.000474
15.308068 0.004221
15.313069 0.009554
15.318070 0.013216
15.323071 0.012614
15.328072 0.012798
15.333073 0.016295
15.338074 0.017360
15.343075 0.011640
15.348076 0.014160
15.353077 0.015872
15.358078 0.012974
15.363079 0.012241
15.368080 0.012986
15.373081 0.013670
15.378082 0.010443
15.383083 0.005486
15.388084 0.005965
15.393085 0.006579
15.398086 -0.002268
15.403087 -0.006876
15.408088 -0.009093
15.413089 -0.010933
15.418090 -0.011739
15.423091 -0.015870
15.428092 -0.012758
15.433093 -0.009221
15.438094 -0.008341
15.443095 -0.002989
15.448096 0.001664
15.453097 0.006335
15.458098 0.012897
15.463099 0.017046
15.468100 0.022057
15.473101 0.027023
15.478102 0.028090
15.483103 0.027622
15.488104 0.027696
15.493105 0.027831
15.498106 0.024662
15.503107 0.016434
15.508108 0.011817
15.513109 0.012002
15.518110 0.005193
15.523111 -0.002527
15.528112 -0.002854
15.533113 -0.001016
15.538114 -0.005757
15.543115 -0.006988
15.548116 -0.002283
15.553117 -0.001230
15.558118 -0.000186
15.563119 -0.001713
15.568120 0.004411
15.573121 0.006674
15.578122 0.002479
15.583123 0.005923
15.588124 0.004281
15.593125 0.005839
15.598126 0.005773
15.603127 0.003626
15.608128 0.006327
15.613129 0.005063
15.618130 0.007706
15.623131 0.003720
15.628132 0.003853
15.633133 0.008572
15.638134 0.003842
15.643135 0.004747
15.648136 0.002613
15.653137 0.003933
15.658138 -0.001086
15.663139 -0.006074
15.668140 -0.000888
15.673141 -0.006829
15.678142 -0.007762
15.683143 -0.010151
15.688144 -0.010705
15.693145 -0.008328
15.698146 -0.010936
15.703147 -0.006025
15.708148 -0.004941
15.713149 -0.001020
15.718150 0.002883
15.723151 0.000663
15.728152 0.007934
15.733153 0.009585
15.738154 0.005815
15.743155 0.010590
15.748156 0.009699
15.753157 0.008842
15.758158 0.011011
15.763159 0.007505
15.768160 0.010146
15.773161 0.011976
15.778162 0.010635
15.783163 0.010522
15.788164 0.009414
15.793165 0.012531
15.798166 0.009127
15.803167 0.004789
15.808168 0.005859
15.813169 0.001329
15.818170 -0.001909
15.823171 -0.004559
15.828172 -0.010390
15.833173 -0.009236
15.838174 -0.015265
15.843175 -0.020946
15.848176 -0.019300
15.853177 -0.022508
15.858178 -0.020623
15.863179 -0.024880
15.868180 -0.021616
15.873181 -0.016819
15.878182 -0.022307
15.883183 -0.016774
15.888184 -0.014964
15.893185 -0.013259
15.898186 -0.011879
15.903187 -0.014852
15.908188 -0.011120
15.913189 -0.010615
15.918190 -0.009984
15.923191 -0.011313
15.928192 -0.012103
15.933193 -0.006642
15.938194 -0.007680
15.943195 -0.005688
15.948196 -0.006268
15.953197 -0.002765
15.958198 0.003443
15.963199 -0.002663
15.968200 0.002381
15.973201 0.005489
15.978202 0.002699
15.983203 0.004072
15.988204 0.002533
15.993205 0.004690
15.998206 0.005265
16.003207 0.001581
16.008208 0.001548
16.013209 0.002472
16.018210 0.000916
16.023211 -0.002150
16.028212 -0.002911
16.033213 -0.001974
16.038214 -0.002856
16.043215 -0.004486
16.048216 -0.008253
16.053217 -0.005422
16.058218 -0.005463
16.063219 -0.010524
16.068220 -0.007453
16.073221 -0.007097
16.078222 -0.008012
16.083223 -0.009270
16.088224 -0.008919
16.093225 -0.004353
16.098226 -0.004549
16.103227 -0.005296
16.108228 -0.001601
16.113229 0.003642
16.118230 0.003822
16.123231 0.002993
16.128232 0.008859
16.133233 0.013882
16.138234 0.014854
16.143235 0.016844
16.148236 0.019270
16.153237 0.024658
16.158238 0.026797
16.163239 0.024679
16.168240 0.029724
16.173241 0.030981
16.178242 0.030503
16.183243 0.028037
16.188244 0.024966
16.193245 0.026995
16.198246 0.020700
16.203247 0.015223
16.208248 0.011334
16.213249 0.006424
16.218250 0.001055
16.223251 -0.006290
16.228252 -0.008819
16.233253 -0.010171
16.238254 -0.014436
16.243255 -0.017571
16.248256 -0.016232
16.253257 -0.014600
16.258258 -0.014389
16.263259 -0.013793
16.268260 -0.008213
16.273261 -0.004824
16.278262 -0.004755
16.283263 -0.000985
16.288264 0.001882
16.293265 0.005552
16.298266 0.006452
16.303267 0.005853
16.308268 0.007643
16.313269 0.008429
16.318270 0.008846
16.323271 0.005695
16.328272 0.005889
16.333273 0.007165
16.338274 0.002438
16.343275 0.002582
16.348276 0.003911
16.353277 0.003326
16.358278 0.002642
16.363279 0.000736
16.368280 0.003086
16.373281 0.005203
16.378282 0.005196
16.383283 0.005667
16.388284 0.006712
16.393285 0.008494
16.398286 0.008124
16.403287 0.008828
16.408288 0.008228
16.413289 0.008803
16.418290 0.009419
16.423291 0.003737
16.428292 0.004755
16.433293 0.003960
16.438294 -0.003915
16.443295 -0.004265
16.448296 -0.005212
16.453297 -0.010413
16.458298 -0.014192
16.463299 -0.017317
16.468300 -0.018790
16.473301 -0.018930
16.478302 -0.022166
16.483303 -0.026403
16.488304 -0.022876
16.493305 -0.022971
16.498306 -0.025314
16.503307 -0.024236
16.508308 -0.025943
16.513309 -0.022151
16.518310 -0.022464
16.523311 -0.024367
16.528312 -0.022697
16.533313 -0.020069
16.538314 -0.019057
16.543315 -0.020759
16.548316 -0.016800
16.553317 -0.014867
16.558318 -0.012359
16.563319 -0.011225
16.568320 -0.008498
16.573321 -0.003619
16.578322 -0.002590
16.583323 -0.000148
16.588324 0.000650
16.593325 0.003780
16.598326 0.004368
16.603327 0.003004
16.608328 0.002740
16.613329 0.004732
16.618330 0.004759
16.623331 -0.002398
16.628332 0.000749
16.633333 0.001955
16.638334 -0.001658
16.643335 0.000892
16.648336 -0.000594
16.653337 0.003923
16.658338 0.007913
16.663339 0.004832
16.668340 0.010684
16.673341 0.017787
16.678342 0.017875
16.683343 0.020949
16.688344 0.027027
16.693345 0.030103
16.698346 0.031956
16.703347 0.030337
16.708348 0.032747
16.713349 0.037377
16.718350 0.033680
16.723351 0.031500
16.728352 0.032302
16.733353 0.034281
16.738354 0.029434
16.743355 0.026065
16.748356 0.029142
16.753357 0.024347
16.758358 0.021757
16.763359 0.017432
16.768360 0.015786
16.773361 0.014298
16.778362 0.007068
16.783363 0.002297
16.788364 0.001246
16.793365 0.004101
16.798366 -0.003477
16.803367 -0.005737
16.808368 -0.004062
16.813369 -0.003580
16.818370 -0.003139
16.823371 -0.009765
16.828372 -0.004731
16.833373 -0.003283
16.838374 -0.007321
16.843375 -0.010153
16.848376 -0.011216
16.853377 -0.009240
16.858378 -0.016184
16.863379 -0.020354
16.868380 -0.021258
16.873381 -0.021778
16.878382 -0.025688
16.883383 -0.029535
16.888384 -0.028129
16.893385 -0.027444
16.898386 -0.025791
16.903387 -0.027688
16.908388 -0.024241
16.913389 -0.019044
16.918390 -0.019019
16.923391 -0.016507
16.928392 -0.011442
16.933393 -0.005576
16.938394 -0.006891
16.943395 -0.004508
16.948396 0.001418
16.953397 0.002603
16.958398 0.003380
16.963399 0.002297
16.968400 0.007821
16.973401 0.008059
16.978402 0.004135
16.983403 0.008844
16.988404 0.006945
16.993405 0.003874
16.998406 0.005535
17.003407 0.000340
17.008408 -0.002579
17.013410 -0.000070
17.018411 -0.006152
17.023412 -0.011128
17.028413 -0.010860
17.033414 -0.013620
17.038415 -0.018143
17.043416 -0.022595
17.048417 -0.021534
17.053418 -0.019164
17.058419 -0.023213
17.063420 -0.023783
17.068421 -0.017989
17.073422 -0.016949
17.078423 -0.013842
17.083424 -0.009744
17.088425 -0.007757
17.093426 -0.001373
17.098427 0.001094
17.103428 0.003247
17.108429 0.006456
17.113430 0.009094
17.118431 0.013575
17.123432 0.012260
17.128433 0.011238
17.133434 0.017693
17.138435 0.017241
17.143436 0.013176
17.148437 0.017011
17.153438 0.017697
17.158439 0.015862
17.163440 0.012259
17.168441 0.014151
17.173442 0.017934
17.178443 0.012323
17.183444 0.012436
17.188445 0.013073
17.193446 0.014290
17.198447 0.015879
17.203448 0.012749
17.208449 0.015407
17.213450 0.018192
17.218451 0.017109
17.223452 0.016441
17.228453 0.018223
17.233454 0.018679
17.238455 0.018325
17.243456 0.017472
17.248457 0.016005
17.253458 0.014724
17.258459 0.013814
17.263460 0.010766
17.268461 0.005762
17.273462 0.007003
17.278463 0.002683
17.283464 -0.003349
17.288465 -0.005166
17.293466 -0.007517
17.298467 -0.011410
17.303468 -0.015529
17.308469 -0.016862
17.313470 -0.019234
17.318471 -0.020356
17.323472 -0.024717
17.328473 -0.023633
17.333474 -0.021897
17.338475 -0.023876
17.343476 -0.021526
17.348477 -0.021536
17.353478 -0.016586
17.358479 -0.012221
17.363480 -0.014128
17.368481 -0.008231
17.373482 -0.002643
17.378483 -0.002578
17.383484 0.001771
17.388485 0.003317
17.393486 0.006595
17.398487 0.008523
17.403488 0.006367
17.408489 0.009172
17.413490 0.009435
17.418491 0.007590
17.423492 0.005219
17.428493 0.005735
17.433494 0.005552
17.438495 0.000989
17.443496 -0.003128
17.448497 -0.004495
17.453498 -0.002145
17.458499 -0.006289
17.463500 -0.010996
17.468501 -0.009328
17.473502 -0.008405
17.478503 -0.008157
17.483504 -0.008456
17.488505 -0.004875
17.493506 -0.001196
17.498507 -0.001095
17.503508 0.003014
17.508509 0.007403
17.513510 0.009927
17.518511 0.012686
17.523512 0.013968
17.528513 0.015770
17.533514 0.020420
17.538515 0.019483
17.543516 0.016963
17.548517 0.020772
17.553518 0.020715
17.558519 0.018950
17.563520 0.014307
17.568521 0.014049
17.573522 0.015024
17.578523 0.008507
17.583524 0.005635
17.588525 0.000906
17.593526 0.000987
17.598527 -0.002715
17.603528 -0.009679
17.608529 -0.009472
17.613530 -0.011985
17.618531 -0.013774
17.623532 -0.019834
17.628533 -0.017907
17.633534 -0.015200
17.638535 -0.018420
17.643536 -0.017607
17.648537 -0.018400
17.653538 -0.015155
17.658539 -0.013655
17.663540 -0.012292
17.668541 -0.013613
17.673542 -0.010655
17.678543 -0.007483
17.683544 -0.012025
17.688545 -0.006360
17.693546 -0.004998
17.698547 -0.006508
17.703548 -0.003173
17.708549 -0.003150
17.713550 -0.000768
17.718551 0.000985
17.723552 0.000272
17.728553 0.002737
17.733554 0.004044
17.738555 0.005212
17.743556 0.003637
17.748557 0.004732
17.753558 0.008888
17.758559 0.003343
17.763560 0.005645
17.768561 0.005399
17.773562 0.003543
17.778563 0.005792
17.783564 0.000793
17.788565 0.000331
17.793566 0.001569
17.798567 0.000604
17.803568 -0.003533
17.808569 -0.001828
17.813570 -0.001524
17.818571 -0.005989
17.823572 -0.007131
17.828573 -0.009263
17.833574 -0.008462
17.838575 -0.009584
17.843576 -0.014612
17.848577 -0.014866
17.853578 -0.012830
17.858579 -0.014968
17.863580 -0.015838
17.868581 -0.014603
17.873582 -0.012026
17.878583 -0.009764
17.883584 -0.010573
17.888585 -0.007420
17.893586 -0.001710
17.898587 -0.000526
17.903588 -0.000647
17.908589 0.002892
17.913590 0.006709
17.918591 0.004736
17.923592 0.004951
17.928593 0.006163
17.933594 0.008403
17.938595 0.006128
17.943596 -0.000142
17.948597 0.004245
17.953598 0.000806
17.958599 -0.000453
17.963600 -0.001414
17.968601 -0.004149
17.973602 -0.001935
17.978603 -0.005004
17.983604 -0.002681
17.988605 -0.004326
17.993606 -0.002772
17.998607 -0.001997
18.003608 -0.006137
18.008609 -0.002905
18.013610 0.000067
18.018611 -0.002884
18.023612 -0.003410
18.028613 -0.000253
18.033614 -0.001541
18.038615 0.001571
18.043616 -0.000979
18.048617 0.000013
18.053618 0.005740
18.058619 0.003512
18.063620 0.004350
18.068621 0.008403
18.073622 0.012147
18.078623 0.011080
18.083624 0.011962
18.088625 0.014411
18.093626 0.018671
18.098627 0.016817
18.103628 0.014219
18.108629 0.017444
18.113630 0.016551
18.118631 0.016170
18.123632 0.011235
18.128633 0.012548
18.133634 0.012934
18.138635 0.007986
18.143636 0.008084
18.148637 0.007911
18.153638 0.007616
18.158639 0.006580
18.163640 0.005013
18.168641 0.003782
18.173642 0.008935
18.178643 0.007491
18.183644 0.004639
18.188645 0.010031
18.193646 0.011460
18.198647 0.010346
18.203648 0.010304
18.208649 0.014742
18.213650 0.016504
18.218651 0.015331
18.223652 0.013782
18.228653 0.015031
18.233654 0.017522
18.238655 0.011620
18.243656 0.008260
18.248657 0.008224
18.253658 0.005823
18.258659 -0.000741
18.263660 -0.007569
18.268661 -0.008651
18.273662 -0.012815
18.278663 -0.016605
18.283664 -0.022179
18.288665 -0.024562
18.293666 -0.021543
18.298667 -0.026462
18.303668 -0.026335
18.308669 -0.022182
18.313670 -0.020706
18.318671 -0.019008
18.323672 -0.016614
18.328673 -0.011847
18.333674 -0.007164
18.338675 -0.003350
18.343676 -0.002930
18.348677 0.000430
18.353678 0.007718
18.358679 0.007977
18.363680 0.005991
18.368681 0.008766
18.373682 0.010952
18.378683 0.010683
18.383684 0.008632
18.388685 0.008024
18.393686 0.008792
18.398687 0.006772
18.403688 0.003751
18.408689 0.004103
18.413690 0.002843
18.418691 -0.000702
18.423692 -0.002071
18.428693 -0.004087
18.433694 -0.003984
18.438695 -0.005969
18.443696 -0.009524
18.448697 -0.009537
18.453698 -0.007978
18.458699 -0.009038
18.463700 -0.011912
18.468701 -0.008946
18.473702 -0.007318
18.478703 -0.006495
18.483704 -0.003865
18.488705 -0.004003
18.493706 0.000842
18.498707 0.003722
18.503708 0.001580
18.508709 0.006651
18.513710 0.011549
18.518711 0.009485
18.523712 0.008396
18.528713 0.012791
18.533714 0.014203
18.538715 0.008865
18.543716 0.010327
18.548717 0.012520
18.553718 0.008962
18.558719 0.007879
18.563720 0.005293
18.568721 0.003594
18.573722 0.003923
18.578723 0.002887
18.583724 -0.001918
18.588725 -0.001837
18.593726 0.000898
18.598727 -0.003445
18.603728 -0.005545
18.608729 -0.004741
18.613730 -0.002837
18.618731 -0.005692
18.623732 -0.006923
18.628733 -0.005012
18.633734 -0.004852
18.638735 -0.002964
18.643736 -0.005374
18.648737 -0.004837
18.653738 -0.001057
18.658739 -0.000851
18.663740 -0.003162
18.668741 -0.002059
18.673742 0.001884
18.678743 0.000208
18.683744 -0.000220
18.688745 0.001221
18.693746 0.000997
18.698747 0.000673
18.703748 -0.002166
18.708749 -0.003462
18.713750 -0.001821
18.718751 -0.003796
18.723752 -0.008306
18.728753 -0.009394
18.733754 -0.008750
18.738755 -0.010874
18.743756 -0.013460
18.748757 -0.012881
18.753758 -0.011329
18.758759 -0.011714
18.763760 -0.012820
18.768761 -0.008926
18.773762 -0.006740
18.778763 -0.005286
18.783764 -0.003539
18.788765 -0.001890
18.793766 0.004952
18.798767 0.003115
18.803768 0.003273
18.808769 0.007890
18.813770 0.008480
18.818771 0.009404
18.823772 0.006596
18.828773 0.007624
18.833774 0.012264
18.838775 0.009894
18.843776 0.005689
18.848777 0.008577
18.853778 0.009586
18.858779 0.006305
18.863780 0.003834
18.868781 0.004840
18.873782 0.002953
18.878783 -0.000055
18.883784 -0.001147
18.888785 -0.004744
18.893786 -0.001051
18.898787 -0.005344
18.903788 -0.008717
18.908789 -0.005400
18.913790 -0.006604
18.918791 -0.004915
18.923792 -0.010107
18.928793 -0.007282
18.933794 -0.004343
18.938795 -0.008595
18.943796 -0.009038
18.948797 -0.008741
18.953798 -0.006555
18.958799 -0.009371
18.963800 -0.009432
18.968801 -0.011464
18.973802 -0.010336
18.978803 -0.008483
18.983804 -0.014236
18.988805 -0.010947
18.993806 -0.006730
18.998807 -0.009017
19.003808 -0.012168
19.008809 -0.008377
19.013810 -0.003791
19.018811 -0.004404
19.023812 -0.005416
19.028813 -0.005110
19.033814 -0.000684
19.038815 -0.002326
19.043816 -0.003310
19.048817 0.000296
19.053818 0.000436
19.058819 0.001941
19.063820 0.001222
19.068821 0.003909
19.073822 0.008054
19.078823 0.008317
19.083824 0.007461
19.088825 0.012583
19.093826 0.017060
19.098827 0.013274
19.103828 0.017092
19.108829 0.017824
19.113830 0.019456
19.118831 0.019466
19.123832 0.016937
19.128833 0.020688
19.133834 0.018518
19.138835 0.019330
19.143836 0.015809
19.148837 0.015391
19.153838 0.019350
19.158839 0.014738
19.163840 0.012706
19.168841 0.013409
19.173842 0.013359
19.178843 0.011765
19.183844 0.009850
19.188845 0.009939
19.193846 0.011443
19.198847 0.010123
19.203848 0.008795
19.208849 0.010229
19.213850 0.012422
19.218851 0.011422
19.223852 0.008212
19.228853 0.011682
19.233854 0.014532
19.238855 0.011445
19.243856 0.010482
19.248857 0.010696
19.253858 0.011846
19.258859 0.009497
19.263860 0.005630
19.268861 0.006802
19.273862 0.003890
19.278863 0.000828
19.283865 -0.002392
19.288866 -0.005869
19.293867 -0.006973
19.298868 -0.011045
19.303869 -0.016068
19.308870 -0.018068
19.313871 -0.016506
19.318872 -0.021599
19.323873 -0.023845
19.328874 -0.024207
19.333875 -0.024132
19.338876 -0.021561
19.343877 -0.028219
19.348878 -0.024422
19.353879 -0.021820
19.358880 -0.024155
19.363881 -0.020213
19.368882 -0.022156
19.373883 -0.018190
19.378884 -0.015394
19.383885 -0.018568
19.388886 -0.013082
19.393887 -0.011518
19.398888 -0.012433
19.403889 -0.008289
19.408890 -0.009189
19.413891 -0.005100
19.418892 -0.005497
19.423893 -0.008799
19.428894 -0.002386
19.433895 -0.001877
19.438896 -0.002811
19.443897 -0.001709
19.448898 -0.001943
19.453899 0.001163
19.458900 0.001755
19.463901 -0.001210
19.468902 0.001768
19.473903 0.004050
19.478904 0.002485
19.483905 0.001152
19.488906 0.004085
19.493907 0.006412
19.498908 0.001483
19.503909 0.002158
19.508910 0.005056
19.513911 0.004987
19.518912 0.003224
19.523913 0.001583
19.528914 0.003385
19.533915 0.005781
19.538916 0.005090
19.543917 0.003088
19.548918 0.006801
19.553919 0.007710
19.558920 0.007628
19.563921 0.009108
19.568922 0.008876
19.573923 0.013636
19.578924 0.013000
19.583925 0.009925
19.588926 0.012538
19.593927 0.014637
19.598928 0.012102
19.603929 0.007702
19.608930 0.011614
19.613931 0.010458
19.618932 0.006344
19.623933 0.006565
19.628934 0.002648
19.633935 0.005099
19.638936 0.004151
19.643937 -0.001155
19.648938 0.000231
19.653939 0.003023
19.658940 0.002066
19.663941 -0.002149
19.668942 0.001194
19.673943 0.002714
19.678944 0.001937
19.683945 0.002974
19.688946 0.001572
19.693947 0.005428
19.698948 0.004190
19.703949 0.003390
19.708950 0.006526
19.713951 0.004917
19.718952 0.006792
19.723953 0.006846
19.728954 0.006807
19.733955 0.008862
19.738956 0.008497
19.743957 0.006489
19.748958 0.006551
19.753959 0.010518
19.758960 0.006962
19.763961 0.004906
19.768962 0.007481
19.773963 0.006811
19.778964 0.005664
19.783965 0.001560
19.788966 0.002401
19.793967 0.003698
19.798968 -0.000066
19.803969 -0.003736
19.808970 -0.002150
19.813971 0.000515
19.818972 -0.004304
19.823973 -0.006381
19.828974 -0.004932
19.833975 -0.004031
19.838976 -0.007091
19.843977 -0.009045
19.848978 -0.007299
19.853979 -0.007344
19.858980 -0.009181
19.863981 -0.013115
19.868982 -0.011308
19.873983 -0.011556
19.878984 -0.012810
19.883985 -0.014995
19.888986 -0.016033
19.893987 -0.012328
19.898988 -0.017059
19.903989 -0.017280
19.908990 -0.014825
19.913991 -0.015199
19.918992 -0.014142
19.923993 -0.016977
19.928994 -0.015446
19.933995 -0.011074
19.938996 -0.012871
19.943997 -0.013339
19.948998 -0.010657
19.953999 -0.008049
19.959000 -0.007629
19.964001 -0.009008
19.969002 -0.003883
19.974003 -0.001724
19.979004 -0.003476
19.984005 -0.000323
19.989006 0.001742
19.994007 0.002903
19.999008 0.003905
20.004009 0.004302
20.009010 0.005933
20.014011 0.008035
20.019012 0.007532
20.024013 0.004699
20.029014 0.006986
20.034015 0.009292
20.039016 0.006475
20.044017 0.004785
20.049018 0.004655
20.054019 0.005969
20.059020 0.004890
20.064021 0.001693
20.069022 0.002262
20.074023 0.004233
20.079024 0.001310
20.084025 -0.001796
20.089026 0.001507
20.094027 0.000616
20.099028 -0.000761
20.104029 -0.001221
20.109030 -0.003024
20.114031 0.001497
20.119032 0.000216
20.124033 -0.003555
20.129034 -0.000311
20.134035 0.002417
20.139036 0.000597
20.144037 -0.000605
20.149038 0.001658
20.154039 0.004573
20.159040 0.003904
20.164041 0.000904
20.169042 0.006482
20.174043 0.007553
20.179044 0.002590
20.184045 0.006271
20.189046 0.003932
20.194047 0.002013
20.199048 0.003939
20.204049 -0.002104
20.209050 -0.001384
20.214051 -0.000347
20.219052 -0.004283
20.224053 -0.008002
20.229054 -0.009449
20.234055 -0.005918
20.239056 -0.009398
20.244057 -0.010717
20.249058 -0.008557
20.254059 -0.008349
20.259060 -0.007217
20.264061 -0.008406
20.269062 -0.006191
20.274063 -0.003091
20.279064 -0.002295
20.284065 -0.003336
20.289066 -0.001312
20.294067 0.002136
20.299068 0.000613
20.304069 0.000532
20.309070 0.002538
20.314071 0.002932
20.319072 0.002770
20.324073 0.004135
20.329074 0.003108
20.334075 0.007272
20.339076 0.007560
20.344077 0.003835
20.349078 0.010158
20.354079 0.009523
20.359080 0.008343
20.364081 0.009864
20.369082 0.010588
20.374083 0.010397
20.379084 0.009976
20.384085 0.008444
20.389086 0.007510
20.394087 0.010937
20.399088 0.006273
20.404089 0.005123
20.409090 0.005413
20.414091 0.005251
20.419092 0.005344
20.424093 0.002688
20.429094 0.004125
20.434095 0.003586
20.439096 0.004046
20.444097 0.001523
20.449098 0.000147
20.454099 0.003707
20.459100 0.001371
20.464101 -0.001169
20.469102 -0.000903
20.474103 0.000744
20.479104 -0.001264
20.484105 -0.005578
20.489106 -0.002852
20.494107 -0.002199
20.499108 -0.005279
20.504109 -0.007925
20.509110 -0.006950
20.514111 -0.003911
20.519112 -0.006618
20.524113 -0.010118
20.529114 -0.008045
20.534115 -0.005873
20.539116 -0.007016
20.544117 -0.009273
20.549118 -0.010033
20.554119 -0.005391
20.559120 -0.007127
20.564121 -0.010270
20.569122 -0.005812
20.574123 -0.004217
20.579124 -0.005295
20.584125 -0.005975
20.589126 -0.003827
20.594127 -0.001439
20.599128 -0.000139
20.604129 0.000581
20.609130 0.000346
20.614131 0.003721
20.619132 0.004634
20.624133 0.002935
20.629134 0.006217
20.634135 0.007167
20.639136 0.006631
20.644137 0.006947
20.649138 0.007034
20.654139 0.009867
20.659140 0.008019
20.664141 0.006032
20.669142 0.009028
20.674143 0.008735
20.679144 0.007824
20.684145 0.006686
20.689146 0.006167
20.694147 0.009181
20.699148 0.007485
20.704149 0.004380
20.709150 0.007228
20.714151 0.007930
20.719152 0.004188
20.724153 0.002670
20.729154 0.004544
20.734155 0.004966
20.739156 0.001729
20.744157 0.000154
20.749158 -0.001203
20.754159 0.000299
20.759160 -0.000257
20.764161 -0.005430
20.769162 -0.003800
20.774163 -0.002752
20.779164 -0.005889
20.784165 -0.009759
20.789166 -0.008127
20.794167 -0.007321
20.799168 -0.010598
20.804169 -0.013157
20.809170 -0.012633
20.814171 -0.010225
20.819172 -0.015089
20.824173 -0.015028
20.829174 -0.012995
20.834175 -0.012812
20.839176 -0.013379
20.844177 -0.015721
20.849178 -0.014000
20.854179 -0.010305
20.859180 -0.011244
20.864181 -0.014347
20.869182 -0.009074
20.874183 -0.009820
20.879184 -0.010222
20.884185 -0.008517
20.889186 -0.010887
20.894187 -0.005490
20.899188 -0.007910
20.904189 -0.010640
20.909190 -0.006967
20.914191 -0.006680
20.919192 -0.006032
20.924193 -0.007874
20.929194 -0.005675
20.934195 -0.002466
20.939196 -0.004403
20.944197 -0.004984
20.949198 -0.001434
20.954199 0.002105
20.959200 0.000470
20.964201 0.001996
20.969202 0.003842
20.974203 0.004591
20.979204 0.008589
20.984205 0.006316
20.989206 0.008792
20.994207 0.013270
20.999208 0.010523
21.004209 0.011573
21.009210 0.013497
21.014211 0.017137
21.019212 0.015562
21.024213 0.013361
21.029214 0.016491
21.034215 0.018483
21.039216 0.017295
21.044217 0.012475
21.049218 0.015820
21.054219 0.014591
21.059220 0.013876
21.064221 0.013932
21.069222 0.010121
21.074223 0.014217
21.079224 0.011022
21.084225 0.010359
21.089226 0.012226
21.094227 0.010605
21.099228 0.010769
21.104229 0.009773
21.109230 0.009737
21.114231 0.010092
21.119232 0.008635
21.124233 0.006785
21.129234 0.007261
21.134235 0.004835
21.139236 0.004878
21.144237 0.001625
21.149238 0.000417
21.154239 0.003257
21.159240 -0.001710
21.164241 -0.002821
21.169242 -0.003363
21.174243 -0.001916
21.179244 -0.003270
21.184245 -0.006509
21.189246 -0.003400
21.194247 -0.006539
21.199248 -0.004646
21.204249 -0.006486
21.209250 -0.009966
21.214251 -0.003270
21.219252 -0.008942
21.224253 -0.010552
21.229254 -0.007808
21.234255 -0.007983
21.239256 -0.009594
21.244257 -0.012882
21.249258 -0.008594
21.254259 -0.009723
21.259260 -0.009849
21.264261 -0.010839
21.269262 -0.012088
21.274263 -0.008248
21.279264 -0.010034
21.284265 -0.012271
21.289266 -0.010670
21.294267 -0.009148
21.299268 -0.010270
21.304269 -0.012623
21.309270 -0.009068
21.314271 -0.006894
21.319272 -0.011267
21.324273 -0.008867
21.329274 -0.008452
21.334275 -0.006963
21.339276 -0.005687
21.344277 -0.008861
21.349278 -0.004775
21.354279 -0.001666
21.359280 -0.003350
21.364281 -0.003950
21.369282 0.000480
21.374283 0.001830
21.379284 0.002331
21.384285 0.002220
21.389286 0.003335
21.394287 0.007704
21.399288 0.005792
21.404289 0.005417
21.409290 0.007516
21.414291 0.009507
21.419292 0.008552
21.424293 0.008252
21.429294 0.009430
21.434295 0.011975
21.439296 0.012364
21.444297 0.008155
21.449298 0.012802
21.454299 0.012268
21.459300 0.010502
21.464301 0.012421
21.469302 0.009357
21.474303 0.011985
21.479304 0.010930
21.484305 0.006866
21.489306 0.009345
21.494307 0.007704
21.499308 0.007288
21.504309 0.007221
21.509310 0.002884
21.514311 0.009009
21.519312 0.005246
21.524313 0.001260
21.529314 0.006261
21.534315 0.004006
21.539316 0.004259
21.544317 0.000816
21.549319 0.003183
21.554320 0.003905
21.559321 0.002134
21.564322 0.001148
21.569323 0.000197
21.574324 0.002421
21.579325 -0.000465
21.584326 -0.001487
21.589327 -0.003514
21.594328 0.000221
21.599329 -0.001116
21.604330 -0.003142
21.609331 -0.002876
21.614332 -0.001014
21.619333 0.001970
21.624334 -0.004357
21.629335 0.002038
21.634336 0.003327
21.639337 -0.000351
21.644338 0.002681
21.649339 0.003158
21.654340 0.004703
21.659341 0.003282
21.664342 0.002350
21.669343 0.003860
21.674344 0.003610
21.679345 0.000720
21.684346 0.000195
21.689347 -0.000207
21.694348 0.000061
21.699349 -0.001153
21.704350 -0.004730
21.709351 -0.005097
21.714352 -0.002763
21.719353 -0.005428
21.724354 -0.009767
21.729355 -0.005858
21.734356 -0.005599
21.739357 -0.008891
21.744358 -0.011176
21.749359 -0.009525
21.754360 -0.009521
21.759361 -0.012863
21.764362 -0.013653
21.769363 -0.016333
21.774364 -0.013426
21.779365 -0.015080
21.784366 -0.019241
21.789367 -0.015912
21.794368 -0.016842
21.799369 -0.017804
21.804370 -0.018415
21.809371 -0.019354
21.814372 -0.015696
21.819373 -0.017669
21.824374 -0.019219
21.829375 -0.016687
21.834376 -0.016762
21.839377 -0.014886
21.844378 -0.017038
21.849379 -0.016234
21.854380 -0.011499
21.859381 -0.013992
21.864382 -0.015178
21.869383 -0.011077
21.874384 -0.008424
21.879385 -0.008928
21.884386 -0.008922
21.889387 -0.006551
21.894388 -0.004053
21.899389 -0.003597
21.904390 -0.003830
21.909391 -0.001911
21.914392 0.001239
21.919393 0.001428
21.924394 0.001856
21.929395 0.003334
21.934396 0.007766
21.939397 0.007419
21.944398 0.005515
21.949399 0.012410
21.954400 0.012563
21.959401 0.014435
21.964402 0.014799
21.969403 0.014914
21.974404 0.020816
21.979405 0.019017
21.984406 0.017850
21.989407 0.020144
21.994408 0.022005
21.999409 0.021001
22.004410 0.020733
22.009411 0.019400
22.014412 0.021436
22.019413 0.022274
22.024414 0.017233
22.029415 0.017563
22.034416 0.021357
22.039417 0.017775
22.044418 0.013050
22.049419 0.018491
22.054420 0.017532
22.059421 0.015229
22.064422 0.013377
22.069423 0.014006
22.074424 0.015311
22.079425 0.011116
22.084426 0.013427
22.089427 0.010456
22.094428 0.010533
22.099429 0.010498
22.104430 0.004966
22.109431 0.008068
22.114432 0.007410
22.119433 0.004301
22.124434 0.001334
22.129435 0.002541
22.134436 0.005154
22.139437 -0.001540
22.144438 -0.002726
22.149439 -0.003155
22.154440 -0.001924
22.159441 -0.004592
22.164442 -0.011052
22.169443 -0.006549
22.174444 -0.008007
22.179445 -0.010575
22.184446 -0.012567
22.189447 -0.013787
22.194448 -0.011380
22.199449 -0.014023
22.204450 -0.018338
22.209451 -0.015283
22.214452 -0.012823
22.219453 -0.017897
22.224454 -0.016510
22.229455 -0.017331
22.234456 -0.017493
22.239457 -0.014957
22.244458 -0.017093
22.249459 -0.016332
22.254460 -0.013970
22.259461 -0.012642
22.264462 -0.016691
22.269463 -0.012991
22.274464 -0.008783
22.279465 -0.011412
22.284466 -0.010175
22.289467 -0.010701
22.294468 -0.005511
22.299469 -0.006169
22.304470 -0.008479
22.309471 -0.003016
22.314472 -0.001064
22.319473 -0.001939
22.324474 -0.003208
22.329475 0.001897
22.334476 0.003768
22.339477 0.002936
22.344478 0.003351
22.349479 0.004607
22.354480 0.006656
22.359481 0.005804
22.364482 0.006952
22.369483 0.006075
22.374484 0.008669
22.379485 0.009576
22.384486 0.005156
22.389487 0.008788
22.394488 0.009922
22.399489 0.009036
22.404490 0.007960
22.409491 0.007193
22.414492 0.011213
22.419493 0.007710
22.424494 0.006656
22.429495 0.008032
22.434496 0.006803
22.439497 0.007911
22.444498 0.004007
22.449499 0.002962
22.454500 0.006136
22.459501 0.003361
22.464502 0.001290
22.469503 0.001297
22.474504 0.002114
22.479505 0.002630
22.484506 -0.002033
22.489507 0.000805
22.494508 0.002938
22.499509 0.000012
22.504510 0.001284
22.509511 0.000747
22.514512 0.004383
22.519513 0.005753
22.524514 -0.000401
22.529515 0.002814
22.534516 0.007590
22.539517 0.004211
22.544518 0.003091
22.549519 0.003283
22.554520 0.005467
22.559521 0.004194
22.564522 0.001638
22.569523 0.003216
22.574524 0.003762
22.579525 0.000337
22.584526 -0.001179
22.589527 0.001524
22.594528 -0.000579
22.599529 0.000003
22.604530 -0.003618
22.609531 -0.005195
22.614532 -0.001356
22.619533 -0.004221
22.624534 -0.007613
22.629535 -0.007771
22.634536 -0.004100
22.639537 -0.008867
22.644538 -0.008999
22.649539 -0.007526
22.654540 -0.009713
22.659541 -0.006642
22.664542 -0.011236
22.669543 -0.009498
22.674544 -0.008318
22.679545 -0.008947
22.684546 -0.008646
22.689547 -0.010394
22.694548 -0.004182
22.699549 -0.006567
22.704550 -0.008257
22.709551 -0.005494
22.714552 -0.004312
22.719553 -0.001826
22.724554 -0.004084
22.729555 -0.003546
22.734556 0.001168
22.739557 -0.000917
22.744558 -0.002772
22.749559 0.001502
22.754560 0.003008
22.759561 0.001256
22.764562 -0.001642
22.769563 0.003503
22.774564 0.003701
22.779565 0.000798
22.784566 0.003349
22.789567 0.000977
22.794568 0.004285
22.799569 0.003422
22.804570 -0.000934
22.809571 0.003192
22.814572 0.004755
22.819573 0.002189
22.824574 0.002116
22.829575 0.001660
22.834576 0.004556
22.839577 0.003428
22.844578 0.000615
22.849579 0.004161
22.854580 0.002607
22.859581 0.005129
22.864582 0.000136
22.869583 0.000228
22.874584 0.004952
22.879585 -0.001356
22.884586 0.000424
22.889587 -0.001896
22.894588 0.000488
22.899589 -0.001634
22.904590 -0.005215
22.909591 -0.001594
22.914592 -0.003498
22.919593 -0.001638
22.924594 -0.007456
22.929595 -0.005774
22.934596 -0.002278
22.939597 -0.007443
22.944598 -0.008068
22.949599 -0.005283
22.954600 -0.003534
22.959601 -0.007374
22.964602 -0.006106
22.969603 -0.005825
22.974604 -0.004595
22.979605 -0.002674
22.984606 -0.006198
22.989607 -0.003693
22.994608 -0.000773
22.999609 -0.001932
23.004610 -0.001448
23.009611 0.000027
23.014612 0.001745
23.019613 0.003114
23.024614 0.003334
23.029615 0.003460
23.034616 0.005978
23.039617 0.008948
23.044618 0.005673
23.049619 0.006070
23.054620 0.010253
23.059621 0.009607
23.064622 0.008201
23.069623 0.008353
23.074624 0.010787
23.079625 0.007564
23.084626 0.005267
23.089627 0.005222
23.094628 0.004633
23.099629 0.003693
23.104630 -0.002530
23.109631 -0.000918
23.114632 -0.000513
23.119633 -0.002760
23.124634 -0.006247
23.129635 -0.008398
23.134636 -0.002732
23.139637 -0.007610
23.144638 -0.007186
23.149639 -0.004219
23.154640 -0.005774
23.159641 -0.003598
23.164642 -0.005330
23.169643 -0.002291
23.174644 -0.000936
23.179645 -0.002618
23.184646 -0.001778
23.189647 0.000697
23.194648 0.001820
23.199649 0.000001
23.204650 0.000533
23.209651 0.001608
23.214652 0.003561
23.219653 0.002346
23.224654 0.000042
23.229655 0.001525
23.234656 0.003702
23.239657 0.003295
23.244658 0.000078
23.249659 0.001703
23.254660 0.004232
23.259661 0.001937
23.264662 0.000959
23.269663 0.000421
23.274664 0.002974
23.279665 0.003377
23.284666 -0.000570
23.289667 0.001704
23.294668 0.003152
23.299669 0.003630
23.304670 0.001087
23.309671 0.002086
23.314672 0.005911
23.319673 0.004028
23.324674 0.002375
23.329675 0.003829
23.334676 0.007861
23.339677 0.004004
23.344678 0.005810
23.349679 0.005030
23.354680 0.006678
23.359681 0.010316
23.364682 0.003923
23.369683 0.008367
23.374684 0.007303
23.379685 0.010322
23.384686 0.006674
23.389687 0.003424
23.394688 0.012206
23.399689 0.002677
23.404690 0.003043
23.409691 0.005912
23.414692 0.003079
23.419693 0.002756
23.424694 -0.000158
23.429695 0.001060
23.434696 0.001008
23.439697 0.000245
23.444698 -0.004634
23.449699 -0.003986
23.454700 -0.000670
23.459701 -0.005731
23.464702 -0.007279
23.469703 -0.005515
23.474704 -0.006394
23.479705 -0.009232
23.484706 -0.009287
23.489707 -0.009086
23.494708 -0.010431
23.499709 -0.011557
23.504710 -0.013174
23.509711 -0.012063
23.514712 -0.014120
23.519713 -0.015622
23.524714 -0.016211
23.529715 -0.016557
23.534716 -0.014216
23.539717 -0.017862
23.544718 -0.017218
23.549719 -0.016348
23.554720 -0.015018
23.559721 -0.013061
23.564722 -0.017327
23.569723 -0.012411
23.574724 -0.011318
23.579725 -0.013028
23.584726 -0.009848
23.589727 -0.010315
23.594728 -0.007520
23.599729 -0.005631
23.604730 -0.006011
23.609731 -0.004382
23.614732 -0.001270
23.619733 -0.000350
23.624734 -0.000675
23.629735 0.002277
23.634736 0.004035
23.639737 0.004912
23.644738 0.005770
23.649739 0.004402
23.654740 0.006769
23.659741 0.008956
23.664742 0.004645
23.669743 0.006498
23.674744 0.009310
23.679745 0.004350
23.684746 0.004777
23.689747 0.007242
23.694748 0.005716
23.699749 0.006697
23.704750 0.005693
23.709751 0.005796
23.714752 0.009128
23.719753 0.006916
23.724754 0.006667
23.729755 0.007470
23.734756 0.009202
23.739757 0.010447
23.744758 0.007245
23.749759 0.008297
23.754760 0.010451
23.759761 0.011845
23.764762 0.007397
23.769763 0.008520
23.774764 0.013023
23.779765 0.007684
23.784766 0.008435
23.789767 0.007957
23.794768 0.008026
23.799769 0.008095
23.804770 0.001447
23.809771 0.004055
23.814772 0.005288
23.819774 0.000500
23.824775 -0.001407
23.829776 -0.002433
23.834777 -0.000987
23.839778 -0.003620
23.844779 -0.007547
23.849780 -0.006583
23.854781 -0.006567
23.859782 -0.006898
23.864783 -0.010233
23.869784 -0.010962
23.874785 -0.006929
23.879786 -0.008907
23.884787 -0.011499
23.889788 -0.009566
23.894789 -0.007583
23.899790 -0.008553
23.904791 -0.011841
23.909792 -0.009484
23.914793 -0.007080
23.919794 -0.010379
23.924795 -0.008438
23.929796 -0.008726
23.934797 -0.009111
23.939798 -0.006564
23.944799 -0.009218
23.949800 -0.008533
23.954801 -0.005957
23.959802 -0.005301
23.964803 -0.006607
23.969804 -0.005181
23.974805 -0.001550
23.979806 -0.002459
23.984807 -0.002103
23.989808 -0.000333
23.994809 0.003497
23.999810 0.003772
24.004811 0.001611
24.009812 0.005564
24.014813 0.005992
24.019814 0.008146
24.024815 0.006563
24.029816 0.005836
24.034817 0.010794
24.039818 0.007794
24.044819 0.007610
24.049820 0.008216
24.054821 0.011448
24.059822 0.009159
24.064823 0.005996
24.069824 0.010266
24.074825 0.008346
24.079826 0.008938
24.084827 0.007163
24.089828 0.006765
24.094829 0.008733
24.099830 0.006418
24.104831 0.005203
24.109832 0.004243
24.114833 0.005054
24.119834 0.006940
24.124835 0.002766
24.129836 0.001106
24.134837 0.007645
24.139838 0.003364
24.144839 0.001182
24.149840 0.002361
24.154841 0.003678
24.159842 0.005470
24.164843 -0.002677
24.169844 0.001060
24.174845 0.005071
24.179846 0.000129
24.184847 -0.001892
24.189848 0.000455
24.194849 -0.000506
24.199850 -0.003998
24.204851 -0.003965
24.209852 -0.006501
24.214853 -0.004591
24.219854 -0.007142
24.224855 -0.009623
24.229856 -0.008828
24.234857 -0.008638
24.239858 -0.009020
24.244859 -0.012936
24.249860 -0.009305
24.254861 -0.008691
24.259862 -0.012149
24.264863 -0.010727
24.269864 -0.011037
24.274865 -0.009772
24.279866 -0.006724
24.284867 -0.011072
24.289868 -0.009654
24.294869 -0.005767
24.299870 -0.007198
24.304871 -0.006516
24.309872 -0.006732
24.314873 -0.004041
24.319874 -0.005916
24.324875 -0.006307
24.329876 -0.003941
24.334877 -0.005304
24.339878 -0.002652
24.344879 -0.003799
24.349880 -0.006100
24.354881 -0.001389
24.359882 -0.002670
24.364883 -0.004730
24.369884 -0.002120
24.374885 -0.000878
24.379886 0.001204
24.384887 -0.004800
24.389888 0.000127
24.394889 0.005123
24.399890 0.000206
24.404891 0.002698
24.409892 0.002725
24.414893 0.007811
24.419894 0.006438
24.424895 0.004886
24.429896 0.008607
24.434897 0.009083
24.439898 0.010120
24.444899 0.007441
24.449900 0.008608
24.454901 0.010169
24.459902 0.011013
24.464903 0.008969
24.469904 0.009428
24.474905 0.011103
24.479906 0.009943
24.484907 0.010034
24.489908 0.009085
24.494909 0.012348
24.499910 0.009739
24.504911 0.008333
24.509912 0.010566
24.514913 0.009403
24.519914 0.010299
24.524915 0.005628
24.529916 0.008297
24.534917 0.008950
24.539918 0.003681
24.544919 0.005581
24.549920 0.003446
24.554921 0.004991
24.559922 0.001659
24.564923 -0.001297
24.569924 0.001140
24.574925 -0.000430
24.579926 -0.001719
24.584927 -0.004973
24.589928 -0.004134
24.594929 -0.002972
24.599930 -0.005561
24.604931 -0.010022
24.609932 -0.009684
24.614933 -0.007677
24.619934 -0.010880
24.624935 -0.014816
24.629936 -0.013629
24.634937 -0.012214
24.639938 -0.015599
24.644939 -0.015651
24.649940 -0.015434
24.654941 -0.015609
24.659942 -0.014465
24.664943 -0.015922
24.669944 -0.015421
24.674945 -0.008757
24.679946 -0.011840
24.684947 -0.013347
24.689948 -0.008672
24.694949 -0.007773
24.699950 -0.004518
24.704951 -0.008234
24.709952 -0.005072
24.714953 -0.001025
24.719954 -0.002696
24.724955 -0.003200
24.729956 -0.003183
24.734957 0.001256
24.739958 0.000456
24.744959 -0.001309
24.749960 -0.000613
24.754961 0.003143
24.759962 0.001823
24.764963 -0.001219
24.769964 0.003225
24.774965 0.004014
24.779966 0.002535
24.784967 0.000948
24.789968 0.002495
24.794969 0.005157
24.799970 0.004104
24.804971 0.001403
24.809972 0.002238
24.814973 0.005137
24.819974 0.003200
24.824975 0.002598
24.829976 0.004460
24.834977 0.006978
24.839978 0.005638
24.844979 0.004236
24.849980 0.007926
24.854981 0.009784
24.859982 0.009209
24.864983 0.007079
24.869984 0.010243
24.874985 0.012005
24.879986 0.009548
24.884987 0.010494
24.889988 0.010257
24.894989 0.010985
24.899990 0.010583
24.904991 0.009417
24.909992 0.009424
24.914993 0.009452
24.919994 0.010380
24.924995 0.007234
24.929996 0.007385
24.934997 0.009600
24.939998 0.007593
24.944999 0.006983
24.950000 0.004919
