0.000000 0.000000
0.005001 -0.000117
0.010002 -0.000155
0.015003 0.000058
0.020004 0.000052
0.025005 0.000014
0.030006 -0.000011
0.035007 -0.000054
0.040008 0.000046
0.045009 -0.000048
0.050010 -0.000167
0.055011 -0.000029
0.060012 -0.000029
0.065013 -0.000004
0.070014 -0.000004
0.075015 -0.000079
0.080016 -0.000023
0.085017 -0.000079
0.090018 -0.000111
0.095019 0.000008
0.100020 0.000021
0.105021 -0.000167
0.110022 -0.000129
0.115023 -0.000036
0.120024 -0.000042
0.125025 -0.000023
0.130026 -0.000054
0.135027 0.000052
0.140028 0.000002
0.145029 -0.000023
0.150030 -0.000023
0.155031 -0.000036
0.160032 0.000140
0.165033 0.000015
0.170034 -0.000067
0.175035 0.000046
0.180036 -0.000004
0.185037 -0.000079
0.190038 -0.000023
0.195039 0.000052
0.200040 0.000046
0.205041 -0.000086
0.210042 -0.000167
0.215043 0.000052
0.220044 0.000127
0.225045 -0.000035
0.230046 -0.000017
0.235047 -0.000067
0.240049 -0.000029
0.245050 0.000021
0.250051 -0.000073
0.255052 0.000084
0.260053 0.000115
0.265054 0.000015
0.270055 -0.000098
0.275056 -0.000073
0.280057 0.000008
0.285058 -0.000129
0.290059 -0.000079
0.295060 -0.000023
0.300061 0.000059
0.305062 -0.000023
0.310063 -0.000098
0.315064 0.000077
0.320065 0.000071
0.325066 0.000052
0.330067 -0.000079
0.335068 -0.000073
0.340069 0.000065
0.345070 -0.000035
0.350071 -0.000129
0.355072 0.000009
0.360073 0.000071
0.365074 -0.000042
0.370075 -0.000085
0.375076 -0.000085
0.380077 -0.000010
0.385078 -0.000016
0.390079 -0.000067
0.395080 0.000009
0.400081 0.000065
0.405082 0.000021
0.410083 0.000009
0.415084 -0.000035
0.420085 -0.000004
0.425086 0.000059
0.430087 -0.000104
0.435088 0.000046
0.440089 0.000115
0.445090 -0.000204
0.450091 -0.000104
0.455092 0.000109
0.460093 -0.000010
0.465094 -0.000160
0.470095 -0.000129
0.475096 -0.000010
0.480097 0.000059
0.485098 -0.000148
0.490099 -0.000085
0.495100 0.000140
0.500101 -0.000054
0.505102 -0.000104
0.510103 -0.000104
0.515104 -0.000054
0.520105 0.000059
0.525106 0.000015
0.530107 0.000034
0.535108 -0.000035
0.540109 -0.000035
0.545110 0.000015
0.550111 -0.000142
0.555112 -0.000123
0.560113 0.000009
0.565114 -0.000110
0.570115 -0.000129
0.575116 0.000015
0.580117 0.000021
0.585118 -0.000016
0.590119 -0.000035
0.595120 -0.000091
0.600121 -0.000035
0.605122 0.000059
0.610123 0.000015
0.615124 0.000034
0.620125 0.000003
0.625126 0.000015
0.630127 -0.000041
0.635128 -0.000091
0.640129 0.000084
0.645130 0.000003
0.650131 -0.000010
0.655132 0.000084
0.660133 0.000003
0.665134 -0.000054
0.670135 -0.000016
0.675136 0.000003
0.680137 0.000103
0.685138 0.000021
0.690139 -0.000179
0.695140 -0.000035
0.700141 0.000078
0.705142 0.000003
0.710143 0.000040
0.715145 0.000046
0.720146 -0.000041
0.725147 -0.000035
0.730148 -0.000060
0.735149 -0.000010
0.740150 0.000090
0.745151 0.000021
0.750152 0.000015
0.755153 -0.000029
0.760154 -0.000022
0.765155 -0.000035
0.770156 -0.000072
0.775157 0.000047
0.780158 0.000021
0.785159 0.000009
0.790160 -0.000010
0.795161 0.000015
0.800162 0.000097
0.805163 0.000015
0.810164 -0.000041
0.815165 0.000015
0.820166 0.000047
0.825167 -0.000104
0.830168 -0.000047
0.835169 0.000078
0.840170 0.000097
0.845171 0.000053
0.850172 -0.000085
0.855173 -0.000054
0.860174 0.000015
0.865175 0.000034
0.870176 -0.000041
0.875177 -0.000022
0.880178 -0.000041
0.885179 -0.000104
0.890180 0.000003
0.895181 -0.000016
0.900182 -0.000003
0.905183 -0.000041
0.910184 -0.000066
0.915185 0.000116
0.920186 0.000003
0.925187 -0.000135
0.930188 0.000047
0.935189 0.000122
0.940190 0.000003
0.945191 -0.000104
0.950192 -0.000135
0.955193 -0.000003
0.960194 0.000072
0.965195 0.000003
0.970196 -0.000022
0.975197 0.000028
0.980198 0.000053
0.985199 -0.000085
0.990200 -0.000160
0.995201 0.000015
1.000202 0.000134
1.005203 0.000015
1.010204 -0.000047
1.015205 0.000015
1.020206 0.000034
1.025207 0.000015
1.030208 -0.000060
1.035209 -0.000078
1.040210 -0.000060
1.045211 -0.000110
1.050212 -0.000028
1.055213 0.000059
1.060214 0.000009
1.065215 -0.000028
1.070216 -0.000097
1.075217 -0.000047
1.080218 0.000059
1.085219 -0.000016
1.090220 0.000059
1.095221 0.000041
1.100222 -0.000060
1.105223 0.000028
1.110224 -0.000053
1.115225 -0.000022
1.120226 0.000009
1.125227 -0.000066
1.130228 -0.000028
1.135229 -0.000110
1.140230 -0.000072
1.145231 0.000053
1.150232 -0.000041
1.155233 0.000009
1.160234 0.000091
1.165235 -0.000047
1.170236 -0.000034
1.175237 0.000016
1.180238 -0.000009
1.185239 0.000034
1.190241 0.000016
1.195242 -0.000022
1.200243 0.000022
1.205244 -0.000053
1.210245 -0.000084
1.215246 -0.000016
1.220247 0.000028
1.225248 0.000034
1.230249 -0.000072
1.235250 0.000028
1.240251 0.000103
1.245252 -0.000047
1.250253 -0.000072
1.255254 0.000022
1.260255 0.000003
1.265256 -0.000103
1.270257 -0.000103
1.275258 -0.000041
1.280259 0.000097
1.285260 0.000028
1.290261 -0.000103
1.295262 0.000003
1.300263 0.000003
1.305264 -0.000059
1.310265 -0.000091
1.315266 -0.000034
1.320267 0.000022
1.325268 -0.000009
1.330269 -0.000015
1.335270 0.000135
1.340271 0.000129
1.345272 -0.000084
1.350273 -0.000053
1.355274 0.000035
1.360275 0.000078
1.365276 0.000010
1.370277 -0.000009
1.375278 0.000135
1.380279 0.000060
1.385280 -0.000103
1.390281 -0.000028
1.395282 0.000085
1.400283 0.000079
1.405284 -0.000053
1.410285 -0.000091
1.415286 0.000072
1.420287 0.000104
1.425288 -0.000065
1.430289 -0.000153
1.435290 -0.000009
1.440291 0.000010
1.445292 -0.000028
1.450293 -0.000034
1.455294 -0.000116
1.460295 0.000022
1.465296 0.000085
1.470297 -0.000028
1.475298 0.000016
1.480299 0.000010
1.485300 -0.000059
1.490301 0.000047
1.495302 0.000097
1.500303 -0.000015
1.505304 -0.000134
1.510305 -0.000122
1.515306 0.000060
1.520307 0.000085
1.525308 0.000003
1.530309 0.000029
1.535310 0.000047
1.540311 0.000085
1.545312 0.000072
1.550313 0.000004
1.555314 0.000060
1.560315 0.000041
1.565316 -0.000109
1.570317 -0.000003
1.575318 0.000022
1.580319 -0.000040
1.585320 0.000047
1.590321 0.000004
1.595322 0.000029
1.600323 0.000041
1.605324 0.000041
1.610325 0.000110
1.615326 0.000016
1.620327 0.000010
1.625328 -0.000040
1.630329 -0.000084
1.635330 0.000016
1.640331 -0.000021
1.645332 -0.000109
1.650333 -0.000134
1.655334 -0.000040
1.660335 0.000004
1.665336 -0.000128
1.670338 -0.000059
1.675339 0.000060
1.680340 0.000022
1.685341 -0.000040
1.690342 -0.000040
1.695343 0.000066
1.700344 0.000073
1.705345 0.000022
1.710346 0.000004
1.715347 0.000041
1.720348 0.000160
1.725349 -0.000040
1.730350 -0.000184
1.735351 0.000004
1.740352 0.000004
1.745353 0.000004
1.750354 -0.000021
1.755355 -0.000003
1.760356 0.000073
1.765357 -0.000059
1.770358 -0.000034
1.775359 0.000060
1.780360 -0.000015
1.785361 -0.000078
1.790362 -0.000090
1.795363 -0.000015
1.800364 0.000135
1.805365 0.000023
1.810366 -0.000053
1.815367 0.000079
1.820368 0.000085
1.825369 0.000060
1.830370 0.000016
1.835371 -0.000009
1.840372 0.000066
1.845373 0.000035
1.850374 -0.000034
1.855375 0.000035
1.860376 -0.000021
1.865377 -0.000109
1.870378 -0.000021
1.875379 0.000054
1.880380 0.000010
1.885381 -0.000034
1.890382 -0.000009
1.895383 -0.000009
1.900384 0.000023
1.905385 -0.000040
1.910386 -0.000002
1.915387 0.000098
1.920388 0.000073
1.925389 -0.000071
1.930390 -0.000190
1.935391 0.000067
1.940392 0.000186
1.945393 -0.000027
1.950394 -0.000140
1.955395 0.000035
1.960396 0.000186
1.965397 0.000129
1.970398 -0.000065
1.975399 -0.000040
1.980400 0.000154
1.985401 0.000042
1.990402 -0.000084
1.995403 -0.000134
2.000404 -0.000059
2.005405 -0.000021
2.010406 0.000004
2.015407 0.000048
2.020408 0.000010
2.025409 -0.000027
2.030410 -0.000034
2.035411 0.000029
2.040412 -0.000065
2.045413 -0.000065
2.050414 0.000004
2.055415 0.000029
2.060416 0.000042
2.065417 -0.000077
2.070418 -0.000090
2.075419 -0.000096
2.080420 -0.000015
2.085421 -0.000059
2.090422 -0.000184
2.095423 -0.000002
2.100424 0.000060
2.105425 -0.000052
2.110426 -0.000102
2.115427 -0.000015
2.120428 0.000067
2.125429 0.000004
2.130430 -0.000040
2.135431 -0.000065
2.140432 -0.000040
2.145434 0.000017
2.150435 0.000017
2.155436 -0.000052
2.160437 -0.000077
2.165438 -0.000065
2.170439 -0.000052
2.175440 -0.000021
2.180441 -0.000015
2.185442 -0.000008
2.190443 -0.000077
2.195444 -0.000083
2.200445 0.000004
2.205446 -0.000002
2.210447 -0.000027
2.215448 0.000029
2.220449 -0.000021
2.225450 -0.000008
2.230451 0.000004
2.235452 -0.000027
2.240453 0.000054
2.245454 -0.000040
2.250455 -0.000052
2.255456 0.000073
2.260457 0.000098
2.265458 0.000004
2.270459 -0.000090
2.275460 0.000048
2.280461 0.000086
2.285462 -0.000014
2.290463 0.000036
2.295464 0.000098
2.300465 -0.000008
2.305466 -0.000127
2.310467 -0.000090
2.315468 0.000054
2.320469 0.000023
2.325470 -0.000014
2.330471 -0.000002
2.335472 0.000017
2.340473 0.000061
2.345474 0.000011
2.350475 0.000054
2.355476 0.000080
2.360477 0.000123
2.365478 0.000023
2.370479 -0.000002
2.375480 0.000067
2.380481 -0.000052
2.385482 -0.000008
2.390483 0.000004
2.395484 0.000167
2.400485 0.000186
2.405486 -0.000083
2.410487 0.000004
2.415488 0.000136
2.420489 0.000055
2.425490 -0.000115
2.430491 -0.000077
2.435492 0.000011
2.440493 0.000136
2.445494 0.000073
2.450495 -0.000177
2.455496 -0.000058
2.460497 0.000048
2.465498 0.000061
2.470499 -0.000046
2.475500 -0.000071
2.480501 0.000067
2.485502 0.000030
2.490503 -0.000008
2.495504 0.000030
2.500505 0.000036
2.505506 -0.000027
2.510507 -0.000027
2.515508 -0.000046
2.520509 -0.000089
2.525510 -0.000052
2.530511 -0.000046
2.535512 -0.000020
2.540513 -0.000002
2.545514 -0.000089
2.550515 -0.000008
2.555516 0.000105
2.560517 -0.000064
2.565518 -0.000096
2.570519 0.000036
2.575520 0.000080
2.580521 0.000030
2.585522 -0.000089
2.590523 -0.000114
2.595524 0.000042
2.600525 -0.000077
2.605526 -0.000196
2.610527 -0.000052
2.615528 0.000030
2.620530 0.000105
2.625531 -0.000058
2.630532 -0.000089
2.635533 0.000086
2.640534 0.000017
2.645535 -0.000033
2.650536 -0.000077
2.655537 -0.000045
2.660538 0.000005
2.665539 0.000023
2.670540 0.000049
2.675541 0.000030
2.680542 0.000011
2.685543 -0.000114
2.690544 -0.000102
2.695545 -0.000002
2.700546 -0.000058
2.705547 -0.000083
2.710548 -0.000052
2.715549 0.000011
2.720550 0.000036
2.725551 0.000017
2.730552 -0.000008
2.735553 -0.000033
2.740554 0.000005
2.745555 -0.000139
2.750556 -0.000164
2.755557 0.000042
2.760558 0.000055
2.765559 0.000017
2.770560 -0.000058
2.775561 -0.000001
2.780562 0.000017
2.785563 -0.000127
2.790564 -0.000033
2.795565 -0.000026
2.800566 -0.000033
2.805567 -0.000083
2.810568 -0.000139
2.815569 -0.000045
2.820570 -0.000058
2.825571 0.000030
2.830572 -0.000064
2.835573 -0.000051
2.840574 0.000017
2.845575 -0.000145
2.850576 -0.000102
2.855577 -0.000008
2.860578 -0.000001
2.865579 -0.000008
2.870580 0.000011
2.875581 -0.000033
2.880582 0.000036
2.885583 -0.000014
2.890584 -0.000145
2.895585 0.000030
2.900586 -0.000039
2.905587 -0.000095
2.910588 -0.000014
2.915589 -0.000045
2.920590 -0.000026
2.925591 -0.000145
2.930592 -0.000139
2.935593 -0.000020
2.940594 -0.000058
2.945595 -0.000064
2.950596 -0.000001
2.955597 -0.000008
2.960598 -0.000114
2.965599 -0.000139
2.970600 -0.000064
2.975601 0.000068
2.980602 0.000005
2.985603 -0.000183
2.990604 -0.000064
2.995605 0.000124
3.000606 0.000137
3.005607 -0.000070
3.010608 -0.000139
3.015609 -0.000001
3.020610 -0.000058
3.025611 -0.000083
3.030612 -0.000070
3.035613 -0.000045
3.040614 0.000055
3.045615 -0.000007
3.050616 -0.000126
3.055617 -0.000026
3.060618 0.000049
3.065619 -0.000083
3.070620 -0.000070
3.075621 -0.000039
3.080622 -0.000014
3.085623 -0.000007
3.090624 -0.000101
3.095626 -0.000020
3.100627 0.000055
3.105628 -0.000032
3.110629 -0.000189
3.115630 -0.000120
3.120631 -0.000007
3.125632 -0.000026
3.130633 -0.000170
3.135634 -0.000108
3.140635 0.000049
3.145636 -0.000089
3.150637 -0.000101
3.155638 -0.000045
3.160639 0.000024
3.165640 -0.000120
3.170641 -0.000264
3.175642 -0.000032
3.180643 0.000037
3.185644 -0.000032
3.190645 -0.000082
3.195646 -0.000057
3.200647 -0.000039
3.205648 -0.000107
3.210649 -0.000139
3.215650 -0.000070
3.220651 -0.000032
3.225652 -0.000114
3.230653 -0.000101
3.235654 -0.000032
3.240655 -0.000045
3.245656 -0.000032
3.250657 -0.000007
3.255658 -0.000045
3.260659 0.000043
3.265660 0.000062
3.270661 -0.000076
3.275662 0.000005
3.280663 -0.000007
3.285664 -0.000064
3.290665 -0.000013
3.295666 0.000005
3.300667 0.000024
3.305668 -0.000070
3.310669 -0.000082
3.315670 -0.000045
3.320671 0.000030
3.325672 -0.000038
3.330673 -0.000089
3.335674 0.000012
3.340675 -0.000089
3.345676 -0.000045
3.350677 -0.000038
3.355678 -0.000026
3.360679 0.000081
3.365680 -0.000026
3.370681 -0.000063
3.375682 -0.000082
3.380683 -0.000001
3.385684 0.000031
3.390685 -0.000132
3.395686 -0.000007
3.400687 0.000093
3.405688 0.000024
3.410689 -0.000007
3.415690 -0.000007
3.420691 0.000006
3.425692 -0.000057
3.430693 -0.000076
3.435694 -0.000026
3.440695 -0.000013
3.445696 -0.000120
3.450697 -0.000038
3.455698 0.000006
3.460699 -0.000088
3.465700 -0.000026
3.470701 -0.000026
3.475702 0.000074
3.480703 0.000006
3.485704 -0.000163
3.490705 -0.000063
3.495706 0.000068
3.500707 0.000056
3.505708 -0.000113
3.510709 -0.000120
3.515710 0.000006
3.520711 0.000068
3.525712 -0.000019
3.530713 -0.000044
3.535714 0.000037
3.540715 0.000068
3.545716 0.000037
3.550717 -0.000057
3.555718 -0.000007
3.560719 0.000043
3.565720 -0.000069
3.570722 -0.000163
3.575723 -0.000069
3.580724 -0.000069
3.585725 -0.000151
3.590726 -0.000094
3.595727 -0.000044
3.600728 0.000043
3.605729 -0.000013
3.610730 -0.000094
3.615731 0.000018
3.620732 0.000025
3.625733 0.000043
3.630734 0.000043
3.635735 -0.000013
3.640736 -0.000007
3.645737 -0.000001
3.650738 -0.000001
3.655739 -0.000044
3.660740 -0.000026
3.665741 -0.000101
3.670742 -0.000182
3.675743 -0.000113
3.680744 0.000006
3.685745 0.000031
3.690746 -0.000038
3.695747 0.000081
3.700748 0.000062
3.705749 -0.000094
3.710750 -0.000126
3.715751 -0.000019
3.720752 0.000056
3.725753 -0.000000
3.730754 -0.000119
3.735755 -0.000063
3.740756 0.000068
3.745757 -0.000144
3.750758 -0.000157
3.755759 -0.000063
3.760760 -0.000126
3.765761 -0.000000
3.770762 -0.000025
3.775763 0.000006
3.780764 0.000137
3.785765 0.000043
3.790766 -0.000007
3.795767 0.000050
3.800768 0.000037
3.805769 -0.000044
3.810770 -0.000057
3.815771 0.000037
3.820772 0.000031
3.825773 -0.000044
3.830774 0.000006
3.835775 0.000006
3.840776 -0.000050
3.845777 -0.000044
3.850778 -0.000000
3.855779 -0.000032
3.860780 0.000018
3.865781 0.000025
3.870782 -0.000107
3.875783 -0.000025
3.880784 -0.000013
3.885785 -0.000088
3.890786 -0.000038
3.895787 0.000025
3.900788 0.000012
3.905789 -0.000063
3.910790 -0.000006
3.915791 0.000037
3.920792 0.000019
3.925793 0.000050
3.930794 0.000006
3.935795 -0.000025
3.940796 0.000113
3.945797 0.000056
3.950798 -0.000082
3.955799 0.000025
3.960800 0.000062
3.965801 -0.000006
3.970802 -0.000025
3.975803 -0.000025
3.980804 0.000019
3.985805 -0.000113
3.990806 -0.000125
3.995807 0.000056
4.000808 -0.000019
4.005809 -0.000094
4.010810 -0.000044
4.015811 0.000031
4.020812 -0.000013
4.025813 -0.000144
4.030814 -0.000107
4.035815 -0.000019
4.040816 0.000075
4.045818 -0.000088
4.050819 -0.000200
4.055820 -0.000050
4.060821 0.000037
4.065822 0.000081
4.070823 0.000006
4.075824 0.000038
4.080825 0.000063
4.085826 -0.000044
4.090827 0.000006
4.095828 0.000019
4.100829 -0.000069
4.105830 -0.000144
4.110831 -0.000069
4.115832 0.000100
4.120833 -0.000056
4.125834 -0.000125
4.130835 0.000081
4.135836 0.000013
4.140837 -0.000119
4.145838 -0.000100
4.150839 -0.000119
4.155840 -0.000069
4.160841 0.000075
4.165842 0.000025
4.170843 -0.000012
4.175844 0.000031
4.180845 -0.000069
4.185846 -0.000069
4.190847 -0.000056
4.195848 0.000019
4.200849 0.000088
4.205850 0.000000
4.210851 0.000013
4.215852 0.000031
4.220853 -0.000075
4.225854 -0.000113
4.230855 0.000000
4.235856 -0.000012
4.240857 -0.000069
4.245858 0.000025
4.250859 0.000025
4.255860 0.000119
4.260861 0.000082
4.265862 -0.000125
4.270863 -0.000075
4.275864 0.000006
4.280865 0.000000
4.285866 -0.000081
4.290867 -0.000069
4.295868 0.000025
4.300869 -0.000012
4.305870 -0.000069
4.310871 0.000025
4.315872 0.000006
4.320873 -0.000081
4.325874 0.000013
4.330875 -0.000025
4.335876 0.000006
4.340877 0.000000
4.345878 -0.000112
4.350879 0.000000
4.355880 0.000075
4.360881 0.000038
4.365882 -0.000006
4.370883 -0.000056
4.375884 -0.000050
4.380885 0.000013
4.385886 -0.000119
4.390887 -0.000131
4.395888 0.000057
4.400889 0.000000
4.405890 -0.000081
4.410891 -0.000081
4.415892 -0.000012
4.420893 0.000063
4.425894 0.000007
4.430895 -0.000037
4.435896 -0.000006
4.440897 0.000007
4.445898 -0.000075
4.450899 -0.000112
4.455900 -0.000006
4.460901 0.000007
4.465902 -0.000081
4.470903 0.000032
4.475904 0.000144
4.480905 -0.000025
4.485906 -0.000087
4.490907 -0.000012
4.495908 0.000044
4.500909 0.000057
4.505910 -0.000150
4.510911 -0.000169
4.515912 0.000000
4.520914 0.000007
4.525915 -0.000081
4.530916 -0.000068
4.535917 0.000007
4.540918 0.000007
4.545919 -0.000062
4.550920 -0.000056
4.555921 0.000063
4.560922 0.000026
4.565923 -0.000012
4.570924 -0.000106
4.575925 -0.000006
4.580926 0.000163
4.585927 -0.000050
4.590928 -0.000018
4.595929 0.000094
4.600930 0.000057
4.605931 -0.000050
4.610932 -0.000118
4.615933 0.000057
4.620934 0.000082
4.625935 -0.000062
4.630936 -0.000087
4.635937 0.000076
4.640938 0.000032
4.645939 -0.000050
4.650940 0.000007
4.655941 -0.000075
4.660942 -0.000062
4.665943 -0.000050
4.670944 -0.000037
4.675945 0.000076
4.680946 0.000088
4.685947 0.000013
4.690948 0.000001
4.695949 -0.000037
4.700950 -0.000087
4.705951 -0.000087
4.710952 -0.000100
4.715953 -0.000037
4.720954 0.000044
4.725955 0.000007
4.730956 -0.000031
4.735957 0.000057
4.740958 0.000076
4.745959 -0.000024
4.750960 -0.000043
4.755961 0.000019
4.760962 0.000082
4.765963 -0.000018
4.770964 -0.000081
4.775965 0.000007
4.780966 0.000013
4.785967 -0.000024
4.790968 -0.000068
4.795969 -0.000081
4.800970 -0.000006
4.805971 0.000001
4.810972 -0.000043
4.815973 -0.000006
4.820974 -0.000187
4.825975 -0.000337
4.830976 -0.000563
4.835977 -0.001176
4.840978 -0.002222
4.845979 -0.002992
4.850980 -0.001558
4.855981 0.001272
4.860982 0.002549
4.865983 0.002055
4.870984 0.001360
4.875985 -0.001978
4.880986 -0.008697
4.885987 -0.015910
4.890988 -0.010951
4.895989 0.004515
4.900990 0.007565
4.905991 0.004578
4.910992 -0.002454
4.915993 -0.013750
4.920994 -0.013831
4.925995 -0.007488
4.930996 0.001159
4.935997 0.002637
4.940998 -0.002479
4.945999 -0.005134
4.951000 -0.005184
4.956001 -0.002541
4.961002 -0.007613
4.966003 -0.010707
4.971004 -0.003531
4.976005 0.003714
4.981006 -0.006705
4.986007 -0.034457
4.991008 -0.054538
4.996009 -0.070756
5.001011 -0.059679
5.006012 -0.006311
5.011013 0.031729
5.016014 0.033732
5.021015 0.014841
5.026016 -0.001433
5.031017 0.026682
5.036018 0.057157
5.041019 0.045930
5.046020 0.026331
5.051021 0.002462
5.056022 -0.012854
5.061023 -0.008659
5.066024 -0.014601
5.071025 -0.015816
5.076026 0.021979
5.081027 0.068096
5.086028 0.081158
5.091029 0.055817
5.096030 0.021885
5.101031 0.000226
5.106032 -0.038452
5.111033 -0.070480
5.116034 -0.047600
5.121035 0.006394
5.126036 0.032374
5.131037 0.018479
5.136038 0.002136
5.141039 0.000865
5.146040 0.007778
5.151041 0.003464
5.156042 -0.023862
5.161043 -0.047343
5.166044 -0.026210
5.171045 0.009462
5.176046 0.013871
5.181047 0.011310
5.186048 0.021128
5.191049 0.036738
5.196050 0.049869
5.201051 0.032756
5.206052 -0.001677
5.211053 -0.011595
5.216054 -0.001257
5.221055 0.025267
5.226056 0.026056
5.231057 -0.024789
5.236058 -0.070536
5.241059 -0.075364
5.246060 -0.039190
5.251061 -0.011445
5.256062 0.012493
5.261063 0.076769
5.266064 0.101471
5.271065 0.044590
5.276066 -0.032741
5.281067 -0.076328
5.286068 -0.058489
5.291069 -0.009341
5.296070 0.012518
5.301071 0.002569
5.306072 0.011072
5.311073 0.025856
5.316074 0.011034
5.321075 -0.009592
5.326076 -0.012265
5.331077 0.005681
5.336078 0.014027
5.341079 -0.002879
5.346080 -0.012916
5.351081 0.007440
5.356082 0.018436
5.361083 -0.004332
5.366084 -0.001896
5.371085 0.042800
5.376086 0.053632
5.381087 -0.009585
5.386088 -0.058545
5.391089 -0.034087
5.396090 0.016789
5.401091 0.047991
5.406092 0.041622
5.411093 0.015430
5.416094 -0.024682
5.421095 -0.066773
5.426096 -0.069922
5.431097 -0.038739
5.436098 -0.006123
5.441099 0.021930
5.446100 0.043363
5.451101 0.023063
5.456102 -0.050348
5.461103 -0.133015
5.466104 -0.151812
5.471105 -0.083178
5.476107 0.009143
5.481108 0.085366
5.486109 0.116531
5.491110 0.063344
5.496111 -0.022252
5.501112 -0.052947
5.506113 -0.013004
5.511114 0.040258
5.516115 0.041003
5.521116 0.000928
5.526117 -0.014807
5.531118 0.030339
5.536119 0.086155
5.541120 0.074991
5.546121 0.021003
5.551122 -0.015828
5.556123 -0.020148
5.561124 0.009406
5.566125 0.041823
5.571126 0.032531
5.576127 -0.017794
5.581128 -0.049760
5.586129 -0.044256
5.591130 -0.061488
5.596131 -0.089834
5.601132 -0.064857
5.606133 -0.005678
5.611134 0.018592
5.616135 0.013301
5.621136 0.042092
5.626137 0.091703
5.631138 0.078535
5.636139 -0.009641
5.641140 -0.063617
5.646141 -0.039240
5.651142 -0.011357
5.656143 0.004579
5.661144 0.021673
5.666145 0.019394
5.671146 0.002262
5.676147 -0.012021
5.681148 0.009676
5.686149 0.054227
5.691150 0.060808
5.696151 0.020289
5.701152 -0.048751
5.706153 -0.080135
5.711154 -0.040467
5.716155 0.008561
5.721156 0.026013
5.726157 0.020089
5.731158 0.006758
5.736159 -0.014726
5.741160 -0.022352
5.746161 -0.001964
5.751162 0.020026
5.756163 0.016044
5.761164 -0.011820
5.766165 -0.021288
5.771166 0.004729
5.776167 0.021667
5.781168 0.024886
5.786169 0.022575
5.791170 -0.016567
5.796171 -0.044256
5.801172 -0.028138
5.806173 -0.017111
5.811174 -0.028658
5.816175 -0.036516
5.821176 -0.031087
5.826177 -0.021288
5.831178 -0.002616
5.836179 0.018267
5.841180 0.033984
5.846181 0.014917
5.851182 -0.024112
5.856183 -0.012997
5.861184 0.033840
5.866185 0.053288
5.871186 0.010885
5.876187 -0.072026
5.881188 -0.113509
5.886189 -0.061788
5.891190 0.017234
5.896191 0.067621
5.901192 0.105304
5.906193 0.097896
5.911194 0.040803
5.916195 0.009607
5.921196 0.043232
5.926197 0.064090
5.931198 0.032863
5.936199 0.015274
5.941200 -0.016961
5.946201 -0.094367
5.951203 -0.133014
5.956204 -0.085776
5.961205 -0.007944
5.966206 0.038092
5.971207 0.044785
5.976208 0.032331
5.981209 0.026119
5.986210 0.043051
5.991211 0.065330
5.996212 0.044234
6.001213 -0.011269
6.006214 -0.044431
6.011215 -0.039797
6.016216 -0.011732
6.021217 0.009207
6.026218 0.017572
6.031219 0.027860
6.036220 0.021054
6.041221 0.006696
6.046222 0.013277
6.051223 0.014448
6.056224 -0.020868
6.061225 -0.049146
6.066226 -0.035414
6.071227 -0.013373
6.076228 0.002751
6.081229 0.023101
6.086230 0.043189
6.091231 0.031605
6.096232 -0.006241
6.101233 -0.024193
6.106234 -0.024312
6.111235 -0.012790
6.116236 0.001636
6.121237 -0.004037
6.126238 -0.015270
6.131239 -0.025827
6.136240 -0.023742
6.141241 0.004561
6.146242 0.018549
6.151243 0.016345
6.156244 0.022481
6.161245 0.014711
6.166246 -0.012609
6.171247 -0.041099
6.176248 -0.055633
6.181249 -0.046077
6.186250 -0.016992
6.191251 0.006946
6.196252 0.008574
6.201253 -0.001150
6.206254 -0.001895
6.211255 0.029200
6.216256 0.061047
6.221257 0.050302
6.226258 0.016596
6.231259 -0.020624
6.236260 -0.045006
6.241261 -0.036628
6.246262 -0.000793
6.251263 0.037973
6.256264 0.055455
6.261265 0.055192
6.266266 0.059569
6.271267 0.066338
6.276268 0.050440
6.281269 -0.000918
6.286270 -0.060410
6.291271 -0.070604
6.296272 -0.038012
6.301273 -0.024575
6.306274 -0.041688
6.311275 -0.054336
6.316276 -0.043115
6.321277 -0.026967
6.326278 -0.030279
6.331279 -0.040285
6.336280 -0.021243
6.341281 0.016715
6.346282 0.029513
6.351283 0.009445
6.356284 -0.014305
6.361285 -0.020273
6.366286 -0.017349
6.371287 -0.013391
6.376288 0.000353
6.381289 0.030052
6.386290 0.053477
6.391291 0.043871
6.396292 0.010528
6.401293 -0.021168
6.406294 -0.032965
6.411295 -0.014230
6.416296 0.024698
6.421297 0.042344
6.426299 0.028894
6.431300 0.015757
6.436301 0.005218
6.441302 -0.015025
6.446303 -0.024380
6.451304 -0.006153
6.456305 0.011217
6.461306 0.006371
6.466307 -0.004750
6.471308 0.002626
6.476309 0.024479
6.481310 0.031762
6.486311 0.025919
6.491312 0.020841
6.496313 0.016402
6.501314 0.018612
6.506315 0.025970
6.511316 0.026089
6.516317 0.021449
6.521318 0.019771
6.526319 0.008299
6.531320 -0.014562
6.536321 -0.036259
6.541322 -0.053027
6.546323 -0.050736
6.551324 -0.028300
6.556325 -0.008670
6.561326 -0.006654
6.566327 -0.013936
6.571328 -0.014023
6.576329 -0.006447
6.581330 0.004968
6.586331 0.009239
6.591332 0.000885
6.596333 0.003265
6.601334 0.020547
6.606335 0.026752
6.611336 0.000779
6.616337 -0.039784
6.621338 -0.055156
6.626339 -0.042195
6.631340 -0.010028
6.636341 0.022870
6.641342 0.022407
6.646343 -0.009358
6.651344 -0.030466
6.656345 -0.016428
6.661346 0.008819
6.666347 0.019871
6.671348 0.022908
6.676349 0.020553
6.681350 0.000172
6.686351 -0.022157
6.691352 -0.018588
6.696353 0.000410
6.701354 0.010203
6.706355 0.004085
6.711356 -0.010204
6.716357 -0.017718
6.721358 -0.014950
6.726359 -0.000004
6.731360 0.030885
6.736361 0.057791
6.741362 0.064911
6.746363 0.056151
6.751364 0.045300
6.756365 0.036502
6.761366 0.020522
6.766367 0.002965
6.771368 -0.012445
6.776369 -0.026396
6.781370 -0.035413
6.786371 -0.036809
6.791372 -0.025094
6.796373 -0.000874
6.801374 0.019176
6.806375 0.016671
6.811376 -0.001005
6.816377 -0.015457
6.821378 -0.016528
6.826379 -0.008557
6.831380 -0.005313
6.836381 -0.008663
6.841382 -0.007330
6.846383 0.006152
6.851384 0.022645
6.856385 0.022739
6.861386 -0.001800
6.866387 -0.033797
6.871388 -0.055444
6.876389 -0.053572
6.881390 -0.022933
6.886391 0.013465
6.891392 0.032332
6.896393 0.032156
6.901395 0.024686
6.906396 0.008563
6.911397 -0.026139
6.916398 -0.055832
6.921399 -0.045889
6.926400 -0.004418
6.931401 0.029320
6.936402 0.034999
6.941403 0.027366
6.946404 0.024524
6.951405 0.025175
6.956406 0.024949
6.961407 0.022000
6.966408 0.012219
6.971409 -0.001819
6.976410 -0.013034
6.981411 -0.015695
6.986412 -0.013009
6.991413 -0.013009
6.996414 -0.016208
7.001415 -0.021712
7.006416 -0.029884
7.011417 -0.036809
7.016418 -0.035281
7.021419 -0.023415
7.026420 -0.005632
7.031421 0.009176
7.036422 0.016578
7.041423 0.018143
7.046424 0.014705
7.051425 0.010905
7.056426 -0.001681
7.061427 -0.025707
7.066428 -0.039696
7.071429 -0.039621
7.076430 -0.029871
7.081431 -0.007248
7.086432 0.018068
7.091433 0.032144
7.096434 0.038969
7.101435 0.045769
7.106436 0.048781
7.111437 0.049508
7.116438 0.052025
7.121439 0.056696
7.126440 0.053346
7.131441 0.033866
7.136442 0.010084
7.141443 -0.003190
7.146444 -0.000811
7.151445 0.003629
7.156446 -0.008963
7.161447 -0.031881
7.166448 -0.043021
7.171449 -0.047573
7.176450 -0.057422
7.181451 -0.055788
7.186452 -0.032620
7.191453 -0.005044
7.196454 0.009346
7.201455 0.014211
7.206456 0.019940
7.211457 0.025400
7.216458 0.022933
7.221459 0.009615
7.226460 -0.002445
7.231461 -0.005707
7.236462 -0.009320
7.241463 -0.012032
7.246464 -0.006809
7.251465 -0.005789
7.256466 -0.024079
7.261467 -0.047698
7.266468 -0.050591
7.271469 -0.033709
7.276470 -0.018350
7.281471 -0.015920
7.286472 -0.020535
7.291473 -0.025425
7.296474 -0.023428
7.301475 -0.007642
7.306476 0.014167
7.311477 0.031268
7.316478 0.045782
7.321479 0.066483
7.326480 0.091336
7.331481 0.103890
7.336482 0.089570
7.341483 0.049583
7.346484 0.003723
7.351485 -0.022870
7.356486 -0.019458
7.361487 -0.003415
7.366488 0.001268
7.371489 -0.006083
7.376491 -0.014129
7.381492 -0.016941
7.386493 -0.017723
7.391494 -0.016308
7.396495 -0.007592
7.401496 0.008469
7.406497 0.031581
7.411498 0.055820
7.416499 0.068794
7.421500 0.062276
7.426501 0.036747
7.431502 0.002539
7.436503 -0.026634
7.441504 -0.045093
7.446505 -0.054066
7.451506 -0.055662
7.456507 -0.052920
7.461508 -0.053358
7.466509 -0.064147
7.471510 -0.076382
7.476511 -0.072444
7.481512 -0.050966
7.486513 -0.026828
7.491514 -0.013860
7.496515 -0.014492
7.501516 -0.015726
7.506517 -0.004179
7.511518 0.015683
7.516519 0.032714
7.521520 0.046722
7.526521 0.056640
7.531522 0.054348
7.536523 0.039183
7.541524 0.019728
7.546525 0.007624
7.551526 0.005101
7.556527 0.005620
7.561528 0.006985
7.566529 0.010091
7.571530 0.011713
7.576531 0.007630
7.581532 0.002001
7.586533 0.003967
7.591534 0.013792
7.596535 0.022301
7.601536 0.021581
7.606537 0.012903
7.611538 0.005614
7.616539 0.001845
7.621540 -0.002676
7.626541 -0.007661
7.631542 -0.013941
7.636543 -0.023384
7.641544 -0.033371
7.646545 -0.039651
7.651546 -0.041549
7.656547 -0.043070
7.661548 -0.044047
7.666549 -0.038130
7.671550 -0.028111
7.676551 -0.022062
7.681552 -0.014736
7.686553 0.003172
7.691554 0.027017
7.696555 0.041368
7.701556 0.038926
7.706557 0.027367
7.711558 0.017361
7.716559 0.011156
7.721560 0.003341
7.726561 -0.006402
7.731562 -0.015174
7.736563 -0.023221
7.741564 -0.029733
7.746565 -0.032607
7.751566 -0.028192
7.756567 -0.016477
7.761568 -0.003753
7.766569 0.004531
7.771570 0.008113
7.776571 0.009741
7.781572 0.010066
7.786573 0.010379
7.791574 0.012126
7.796575 0.012252
7.801576 0.010818
7.806577 0.012308
7.811578 0.017274
7.816579 0.020611
7.821580 0.018106
7.826581 0.014838
7.831582 0.014024
7.836583 0.011651
7.841584 0.008770
7.846585 0.008739
7.851586 0.010949
7.856588 0.014287
7.861589 0.020486
7.866590 0.027893
7.871591 0.031356
7.876592 0.029490
7.881593 0.024199
7.886594 0.019008
7.891595 0.015984
7.896596 0.016028
7.901597 0.016904
7.906598 0.013479
7.911599 0.006366
7.916600 -0.000159
7.921601 -0.004799
7.926602 -0.010209
7.931603 -0.018768
7.936604 -0.027741
7.941605 -0.032907
7.946606 -0.033715
7.951607 -0.032650
7.956608 -0.033264
7.961609 -0.035550
7.966610 -0.035017
7.971611 -0.029526
7.976612 -0.021473
7.981613 -0.014379
7.986614 -0.010966
7.991615 -0.011686
7.996616 -0.012375
8.001617 -0.009063
8.006618 -0.002238
8.011619 0.005182
8.016620 0.009184
8.021621 0.008288
8.026622 0.003542
8.031623 -0.000954
8.036624 0.001031
8.041625 0.009372
8.046626 0.017462
8.051627 0.020473
8.056628 0.020210
8.061629 0.020411
8.066630 0.019816
8.071631 0.015683
8.076632 0.006817
8.081633 -0.005581
8.086634 -0.015612
8.091635 -0.018023
8.096636 -0.013715
8.101637 -0.006909
8.106638 -0.000941
8.111639 0.003323
8.116640 0.007405
8.121641 0.010737
8.126642 0.010730
8.131643 0.006817
8.136644 0.001451
8.141645 -0.002018
8.146646 -0.003878
8.151647 -0.005544
8.156648 -0.006696
8.161649 -0.006621
8.166650 -0.005218
8.171651 -0.001974
8.176652 0.002784
8.181653 0.005947
8.186654 0.006191
8.191655 0.004895
8.196656 0.002966
8.201657 -0.000879
8.206658 -0.007472
8.211659 -0.014053
8.216660 -0.018593
8.221661 -0.020365
8.226662 -0.018561
8.231663 -0.013771
8.236664 -0.007184
8.241665 -0.001674
8.246666 -0.000609
8.251667 -0.002450
8.256668 -0.002150
8.261669 0.001056
8.266670 0.003361
8.271671 0.003480
8.276672 0.003574
8.281673 0.004989
8.286674 0.007600
8.291675 0.010443
8.296676 0.012703
8.301677 0.013861
8.306678 0.012897
8.311679 0.009416
8.316680 0.004381
8.321681 0.001056
8.326682 0.001526
8.331684 0.003868
8.336685 0.005615
8.341686 0.006053
8.346687 0.005546
8.351688 0.003956
8.356689 0.002002
8.361690 0.001063
8.366691 0.001607
8.371692 0.004194
8.376693 0.008051
8.381694 0.011545
8.386695 0.013699
8.391696 0.013924
8.396697 0.013423
8.401698 0.013298
8.406699 0.013323
8.411700 0.013811
8.416701 0.013768
8.421702 0.010862
8.426703 0.005577
8.431704 0.001201
8.436705 -0.000953
8.441706 -0.002350
8.446707 -0.004591
8.451708 -0.008630
8.456709 -0.014197
8.461710 -0.020515
8.466711 -0.026457
8.471712 -0.029876
8.476713 -0.030671
8.481714 -0.029513
8.486715 -0.025631
8.491716 -0.019488
8.496717 -0.012969
8.501718 -0.008774
8.506719 -0.008242
8.511720 -0.009663
8.516721 -0.009870
8.521722 -0.006739
8.526723 -0.002106
8.531724 0.001470
8.536725 0.004331
8.541726 0.009015
8.546727 0.016661
8.551728 0.022966
8.556729 0.022853
8.561730 0.017531
8.566731 0.012747
8.571732 0.012083
8.576733 0.013724
8.581734 0.012753
8.586735 0.006730
8.591736 -0.001191
8.596737 -0.007021
8.601738 -0.010321
8.606739 -0.012174
8.611740 -0.013138
8.616741 -0.013884
8.621742 -0.014666
8.626743 -0.014441
8.631744 -0.011855
8.636745 -0.006238
8.641746 0.002052
8.646747 0.011476
8.651748 0.019422
8.656749 0.023054
8.661750 0.021244
8.666751 0.014651
8.671752 0.004908
8.676753 -0.004704
8.681754 -0.011467
8.686755 -0.014297
8.691756 -0.014416
8.696757 -0.014553
8.701758 -0.015906
8.706759 -0.018423
8.711760 -0.021235
8.716761 -0.022712
8.721762 -0.021804
8.726763 -0.018530
8.731764 -0.013633
8.736765 -0.008373
8.741766 -0.003558
8.746767 -0.000108
8.751768 0.000600
8.756769 -0.001035
8.761770 -0.003182
8.766771 -0.003295
8.771772 -0.000214
8.776773 0.005597
8.781774 0.012948
8.786775 0.018646
8.791776 0.020205
8.796777 0.018352
8.801778 0.016097
8.806780 0.016022
8.811781 0.017487
8.816782 0.018752
8.821783 0.020274
8.826784 0.021883
8.831785 0.022779
8.836786 0.023805
8.841787 0.025008
8.846788 0.025515
8.851789 0.024269
8.856790 0.020963
8.861791 0.016573
8.866792 0.010863
8.871793 0.004056
8.876794 -0.001535
8.881795 -0.003752
8.886796 -0.002093
8.891797 0.001395
8.896798 0.004081
8.901799 0.003931
8.906800 0.000825
8.911801 -0.003921
8.916802 -0.009700
8.921803 -0.015417
8.926804 -0.020301
8.931805 -0.023013
8.936806 -0.023169
8.941807 -0.023163
8.946808 -0.024484
8.951809 -0.026820
8.956810 -0.028936
8.961811 -0.030527
8.966812 -0.032436
8.971813 -0.034321
8.976814 -0.035611
8.981815 -0.034997
8.986816 -0.030940
8.991817 -0.024916
8.996818 -0.019350
9.001819 -0.015668
9.006820 -0.013764
9.011821 -0.012643
9.016822 -0.012074
9.021823 -0.011360
9.026824 -0.009500
9.031825 -0.006407
9.036826 -0.003971
9.041827 -0.003739
9.046828 -0.004948
9.051829 -0.006231
9.056830 -0.005837
9.061831 -0.002681
9.066832 0.002986
9.071833 0.009892
9.076834 0.016480
9.081835 0.022078
9.086836 0.025979
9.091837 0.027600
9.096838 0.028583
9.101839 0.030775
9.106840 0.033718
9.111841 0.036605
9.116842 0.038702
9.121843 0.039015
9.126844 0.037156
9.131845 0.033205
9.136846 0.028283
9.141847 0.023555
9.146848 0.018778
9.151849 0.013386
9.156850 0.007000
9.161851 0.000043
9.166852 -0.005605
9.171853 -0.008110
9.176854 -0.007628
9.181855 -0.005436
9.186856 -0.002055
9.191857 0.002479
9.196858 0.007062
9.201859 0.009705
9.206860 0.009567
9.211861 0.006699
9.216862 0.001608
9.221863 -0.004021
9.226864 -0.008016
9.231865 -0.009262
9.236866 -0.008955
9.241867 -0.009074
9.246868 -0.010045
9.251869 -0.011184
9.256870 -0.011779
9.261871 -0.012080
9.266872 -0.012887
9.271873 -0.014922
9.276874 -0.018842
9.281876 -0.022812
9.286877 -0.024114
9.291878 -0.022004
9.296879 -0.017327
9.301880 -0.012361
9.306881 -0.008585
9.311882 -0.006037
9.316883 -0.004628
9.321884 -0.004234
9.326885 -0.005148
9.331886 -0.006557
9.336887 -0.006688
9.341888 -0.005987
9.346889 -0.005718
9.351890 -0.005711
9.356891 -0.004653
9.361892 -0.001810
9.366893 0.001690
9.371894 0.004846
9.376895 0.006417
9.381896 0.004952
9.386897 0.000362
9.391898 -0.006006
9.396899 -0.012011
9.401900 -0.016600
9.406901 -0.018961
9.411902 -0.018235
9.416903 -0.014265
9.421904 -0.006995
9.426905 0.003043
9.431906 0.013913
9.436907 0.023856
9.441908 0.032278
9.446909 0.038364
9.451910 0.041771
9.456911 0.042679
9.461912 0.042190
9.466913 0.041721
9.471914 0.040612
9.476915 0.036956
9.481916 0.030049
9.486917 0.020807
9.491918 0.011583
9.496919 0.004082
9.501920 -0.002568
9.506921 -0.008629
9.511922 -0.013206
9.516923 -0.015824
9.521924 -0.015673
9.526925 -0.012762
9.531926 -0.008297
9.536927 -0.003701
9.541928 0.000006
9.546929 0.002817
9.551930 0.004664
9.556931 0.004884
9.561932 0.003706
9.566933 0.001834
9.571934 0.000388
9.576935 0.000557
9.581936 0.001440
9.586937 0.001828
9.591938 0.001252
9.596939 -0.000088
9.601940 -0.001328
9.606941 -0.002536
9.611942 -0.004064
9.616943 -0.005930
9.621944 -0.008328
9.626945 -0.011127
9.631946 -0.013219
9.636947 -0.014358
9.641948 -0.015110
9.646949 -0.015748
9.651950 -0.016913
9.656951 -0.018547
9.661952 -0.019900
9.666953 -0.019731
9.671954 -0.017608
9.676955 -0.015053
9.681956 -0.014020
9.686957 -0.015003
9.691958 -0.016694
9.696959 -0.017088
9.701960 -0.014884
9.706961 -0.010238
9.711962 -0.004603
9.716963 -0.000545
9.721964 0.001502
9.726965 0.003181
9.731966 0.004809
9.736967 0.006117
9.741968 0.005948
9.746969 0.004264
9.751970 0.002667
9.756972 0.002022
9.761973 0.002605
9.766974 0.003976
9.771975 0.005710
9.776976 0.007338
9.781977 0.008127
9.786978 0.007821
9.791979 0.006625
9.796980 0.004878
9.801981 0.002742
9.806982 0.001045
9.811983 0.000313
9.816984 0.000407
9.821985 0.001277
9.826986 0.002648
9.831987 0.004878
9.836988 0.007745
9.841989 0.010776
9.846990 0.014326
9.851991 0.017670
9.856992 0.020194
9.861993 0.021534
9.866994 0.021446
9.871995 0.020244
9.876996 0.017977
9.881997 0.014201
9.886998 0.008365
9.891999 0.000952
9.897000 -0.006637
9.902001 -0.012423
9.907002 -0.014897
9.912003 -0.014114
9.917004 -0.011039
9.922005 -0.006443
9.927006 -0.001428
9.932007 0.003187
9.937008 0.007576
9.942009 0.011258
9.947010 0.014189
9.952011 0.016587
9.957012 0.018215
9.962013 0.018597
9.967014 0.016975
9.972015 0.013099
9.977016 0.006831
9.982017 -0.001271
9.987018 -0.009630
9.992019 -0.016575
9.997020 -0.020858
10.002021 -0.022980
10.007022 -0.024646
10.012023 -0.026599
10.017024 -0.028509
10.022025 -0.029236
10.027026 -0.027676
10.032027 -0.023481
10.037028 -0.017364
10.042029 -0.010626
10.047030 -0.003826
10.052031 0.002567
10.057032 0.007858
10.062033 0.011402
10.067034 0.013732
10.072035 0.015166
10.077036 0.015379
10.082037 0.014527
10.087038 0.012317
10.092039 0.009167
10.097040 0.005610
10.102041 0.001854
10.107042 -0.001910
10.112043 -0.005429
10.117044 -0.008121
10.122045 -0.010131
10.127046 -0.012047
10.132047 -0.013744
10.137048 -0.014696
10.142049 -0.014502
10.147050 -0.012742
10.152051 -0.009467
10.157052 -0.005241
10.162053 -0.000532
10.167054 0.004446
10.172055 0.009217
10.177056 0.013488
10.182057 0.016280
10.187058 0.016744
10.192059 0.015736
10.197060 0.013914
10.202061 0.012354
10.207062 0.011590
10.212063 0.011766
10.217064 0.012899
10.222065 0.013826
10.227066 0.014565
10.232068 0.014966
10.237069 0.014559
10.242070 0.013431
10.247071 0.011935
10.252072 0.010570
10.257073 0.008585
10.262074 0.004753
10.267075 -0.001164
10.272076 -0.007758
10.277077 -0.012824
10.282078 -0.015021
10.287079 -0.014852
10.292080 -0.013569
10.297081 -0.012392
10.302082 -0.012711
10.307083 -0.014113
10.312084 -0.014915
10.317085 -0.013963
10.322086 -0.010933
10.327087 -0.006399
10.332088 -0.001440
10.337089 0.003000
10.342090 0.006606
10.347091 0.009261
10.352092 0.011196
10.357093 0.012749
10.362094 0.013450
10.367095 0.012737
10.372096 0.010701
10.377097 0.007195
10.382098 0.002017
10.387099 -0.004207
10.392100 -0.010125
10.397101 -0.014927
10.402102 -0.018753
10.407103 -0.021295
10.412104 -0.021721
10.417105 -0.019949
10.422106 -0.016336
10.427107 -0.011302
10.432108 -0.005986
10.437109 -0.001177
10.442110 0.002699
10.447111 0.005229
10.452112 0.006669
10.457113 0.007120
10.462114 0.006907
10.467115 0.006694
10.472116 0.006682
10.477117 0.006444
10.482118 0.005636
10.487119 0.004459
10.492120 0.002875
10.497121 0.000846
10.502122 -0.001408
10.507123 -0.003224
10.512124 -0.003375
10.517125 -0.001515
10.522126 0.000877
10.527127 0.002054
10.532128 0.001635
10.537129 0.000527
10.542130 0.000320
10.547131 0.001472
10.552132 0.003188
10.557133 0.004503
10.562134 0.004697
10.567135 0.003714
10.572136 0.002173
10.577137 0.000827
10.582138 -0.000613
10.587139 -0.002304
10.592140 -0.004251
10.597141 -0.006380
10.602142 -0.008127
10.607143 -0.008753
10.612144 -0.007470
10.617145 -0.004990
10.622146 -0.001953
10.627147 0.001215
10.632148 0.003476
10.637149 0.004791
10.642150 0.004947
10.647151 0.003776
10.652152 0.002568
10.657153 0.002468
10.662154 0.003664
10.667155 0.005649
10.672156 0.007496
10.677157 0.008228
10.682158 0.008016
10.687159 0.007978
10.692160 0.008354
10.697161 0.008842
10.702162 0.009381
10.707164 0.010082
10.712165 0.011203
10.717166 0.012900
10.722167 0.014891
10.727168 0.015786
10.732169 0.014409
10.737170 0.011140
10.742171 0.007045
10.747172 0.003495
10.752173 0.000683
10.757174 -0.002015
10.762175 -0.004915
10.767176 -0.008459
10.772177 -0.012047
10.777178 -0.014777
10.782179 -0.016762
10.787180 -0.017645
10.792181 -0.017087
10.797182 -0.015609
10.802183 -0.013355
10.807184 -0.011139
10.812185 -0.009636
10.817186 -0.008834
10.822187 -0.008772
10.827188 -0.008590
10.832189 -0.007839
10.837190 -0.006774
10.842191 -0.005127
10.847192 -0.002842
10.852193 0.000026
10.857194 0.003501
10.862195 0.006331
10.867196 0.007765
10.872197 0.008273
10.877198 0.007878
10.882199 0.007133
10.887200 0.006319
10.892201 0.005286
10.897202 0.004228
10.902203 0.003457
10.907204 0.003645
10.912205 0.004916
10.917206 0.006206
10.922207 0.006576
10.927208 0.005768
10.932209 0.004008
10.937210 0.002030
10.942211 0.000602
10.947212 -0.000162
10.952213 -0.000832
10.957214 -0.002009
10.962215 -0.003856
10.967216 -0.005359
10.972217 -0.006142
10.977218 -0.006430
10.982219 -0.005904
10.987220 -0.005121
10.992221 -0.004182
10.997222 -0.002929
11.002223 -0.001840
11.007224 -0.000857
11.012225 0.000370
11.017226 0.001604
11.022227 0.001911
11.027228 0.001435
11.032229 0.000934
11.037230 0.000496
11.042231 0.000233
11.047232 0.000014
11.052233 -0.000700
11.057234 -0.002385
11.062235 -0.005190
11.067236 -0.008421
11.072237 -0.011383
11.077238 -0.013461
11.082239 -0.014163
11.087240 -0.013818
11.092241 -0.012641
11.097242 -0.011145
11.102243 -0.009535
11.107244 -0.007507
11.112245 -0.005328
11.117246 -0.003368
11.122247 -0.002159
11.127248 -0.001664
11.132249 -0.001358
11.137250 -0.000663
11.142251 0.000646
11.147252 0.002318
11.152253 0.004078
11.157254 0.005781
11.162255 0.007528
11.167256 0.009012
11.172257 0.010233
11.177258 0.011397
11.182259 0.012387
11.187261 0.013107
11.192262 0.013533
11.197263 0.013683
11.202264 0.013176
11.207265 0.012086
11.212266 0.010984
11.217267 0.009826
11.222268 0.008686
11.227269 0.007603
11.232270 0.006689
11.237271 0.006088
11.242272 0.005549
11.247273 0.004829
11.252274 0.003664
11.257275 0.002111
11.262276 0.000214
11.267277 -0.001927
11.272278 -0.003856
11.277279 -0.005158
11.282280 -0.005828
11.287281 -0.005941
11.292282 -0.005503
11.297283 -0.004620
11.302284 -0.003286
11.307285 -0.002059
11.312286 -0.001570
11.317287 -0.002021
11.322288 -0.003305
11.327289 -0.004613
11.332290 -0.005046
11.337291 -0.004319
11.342292 -0.002810
11.347293 -0.000656
11.352294 0.001892
11.357295 0.004065
11.362296 0.005199
11.367297 0.005186
11.372298 0.004986
11.377299 0.004911
11.382300 0.004360
11.387301 0.003164
11.392302 0.001510
11.397303 -0.000393
11.402304 -0.002691
11.407305 -0.005402
11.412306 -0.008070
11.417307 -0.010449
11.422308 -0.012340
11.427309 -0.013148
11.432310 -0.012603
11.437311 -0.011044
11.442312 -0.008765
11.447313 -0.006216
11.452314 -0.004050
11.457315 -0.002378
11.462316 -0.001570
11.467317 -0.001439
11.472318 -0.001457
11.477319 -0.001814
11.482320 -0.002265
11.487321 -0.002660
11.492322 -0.002666
11.497323 -0.002196
11.502324 -0.001714
11.507325 -0.001332
11.512326 -0.001144
11.517327 -0.000994
11.522328 -0.000787
11.527329 -0.000349
11.532330 0.000208
11.537331 0.000596
11.542332 0.000584
11.547333 -0.000174
11.552334 -0.001119
11.557335 -0.002146
11.562336 -0.003085
11.567337 -0.003248
11.572338 -0.002597
11.577339 -0.000756
11.582340 0.002055
11.587341 0.005236
11.592342 0.008305
11.597343 0.010340
11.602344 0.011367
11.607345 0.011855
11.612346 0.011961
11.617347 0.011661
11.622348 0.011079
11.627349 0.010390
11.632350 0.009851
11.637351 0.009676
11.642352 0.009238
11.647353 0.008518
11.652354 0.007328
11.657355 0.005781
11.662357 0.004592
11.667358 0.003446
11.672359 0.002494
11.677360 0.001367
11.682361 -0.000518
11.687362 -0.002879
11.692363 -0.005133
11.697364 -0.006886
11.702365 -0.008270
11.707366 -0.009090
11.712367 -0.009121
11.717368 -0.008314
11.722369 -0.007406
11.727370 -0.006642
11.732371 -0.005715
11.737372 -0.005402
11.742373 -0.005546
11.747374 -0.006009
11.752375 -0.006529
11.757376 -0.006429
11.762377 -0.005665
11.767378 -0.004212
11.772379 -0.002522
11.777380 -0.000775
11.782381 0.000528
11.787382 0.000785
11.792383 0.000121
11.797384 -0.001457
11.802385 -0.003905
11.807386 -0.006460
11.812387 -0.008263
11.817388 -0.009735
11.822389 -0.010931
11.827390 -0.011563
11.832391 -0.011407
11.837392 -0.010305
11.842393 -0.008689
11.847394 -0.006504
11.852395 -0.003830
11.857396 -0.000749
11.862397 0.002970
11.867398 0.007115
11.872399 0.011166
11.877400 0.014779
11.882401 0.017478
11.887402 0.019050
11.892403 0.019501
11.897404 0.018530
11.902405 0.016314
11.907406 0.013408
11.912407 0.010296
11.917408 0.007253
11.922409 0.004291
11.927410 0.001505
11.932411 -0.000981
11.937412 -0.003379
11.942413 -0.005502
11.947414 -0.006861
11.952415 -0.007124
11.957416 -0.006466
11.962417 -0.005552
11.967418 -0.004757
11.972419 -0.004638
11.977420 -0.005433
11.982421 -0.007011
11.987422 -0.009165
11.992423 -0.011200
11.997424 -0.012671
12.002425 -0.013379
12.007426 -0.013091
12.012427 -0.011613
12.017428 -0.008927
12.022429 -0.005251
12.027430 -0.001313
12.032431 0.002238
12.037432 0.005180
12.042433 0.007197
12.047434 0.008380
12.052435 0.008931
12.057436 0.009182
12.062437 0.009407
12.067438 0.009426
12.072439 0.008994
12.077440 0.008086
12.082441 0.006784
12.087442 0.005274
12.092443 0.003922
12.097444 0.002695
12.102445 0.001586
12.107446 0.000741
12.112447 0.000271
12.117448 0.000134
12.122449 0.000140
12.127450 0.000303
12.132451 0.000372
12.137453 0.000309
12.142454 -0.000098
12.147455 -0.000975
12.152456 -0.001883
12.157457 -0.002722
12.162458 -0.003172
12.167459 -0.003166
12.172460 -0.002878
12.177461 -0.002396
12.182462 -0.001757
12.187463 -0.000924
12.192464 0.000491
12.197465 0.002551
12.202466 0.004555
12.207467 0.006239
12.212468 0.007059
12.217469 0.006934
12.222470 0.006107
12.227471 0.004260
12.232472 0.001655
12.237473 -0.001212
12.242474 -0.004055
12.247475 -0.006172
12.252476 -0.006979
12.257477 -0.006554
12.262478 -0.005226
12.267479 -0.003410
12.272480 -0.001056
12.277481 0.001787
12.282482 0.004555
12.287483 0.007116
12.292484 0.009313
12.297485 0.010860
12.302486 0.011756
12.307487 0.011693
12.312488 0.011073
12.317489 0.010065
12.322490 0.008343
12.327491 0.006208
12.332492 0.003835
12.337493 0.001393
12.342494 -0.001043
12.347495 -0.003379
12.352496 -0.005520
12.357497 -0.007486
12.362498 -0.009428
12.367499 -0.010912
12.372500 -0.011650
12.377501 -0.012045
12.382502 -0.012201
12.387503 -0.012383
12.392504 -0.012540
12.397505 -0.012834
12.402506 -0.013166
12.407507 -0.013210
12.412508 -0.012677
12.417509 -0.011037
12.422510 -0.008613
12.427511 -0.006009
12.432512 -0.003723
12.437513 -0.001820
12.442514 -0.000492
12.447515 0.000385
12.452516 0.001130
12.457517 0.001956
12.462518 0.003290
12.467519 0.004705
12.472520 0.006058
12.477521 0.007147
12.482522 0.007949
12.487523 0.008988
12.492524 0.009921
12.497525 0.010591
12.502526 0.011292
12.507527 0.011656
12.512528 0.011342
12.517529 0.010904
12.522530 0.010103
12.527531 0.008443
12.532532 0.006296
12.537533 0.003722
12.542534 0.000779
12.547535 -0.001951
12.552536 -0.003911
12.557537 -0.005119
12.562538 -0.005902
12.567539 -0.006628
12.572540 -0.007192
12.577541 -0.007755
12.582542 -0.008357
12.587543 -0.008325
12.592544 -0.007536
12.597545 -0.005858
12.602546 -0.003673
12.607547 -0.001607
12.612549 0.000097
12.617550 0.001324
12.622551 0.001706
12.627552 0.001073
12.632553 0.000015
12.637554 -0.001469
12.642555 -0.003266
12.647556 -0.004831
12.652557 -0.005733
12.657558 -0.005946
12.662559 -0.005877
12.667560 -0.005320
12.672561 -0.004449
12.677562 -0.003541
12.682563 -0.002308
12.687564 -0.000968
12.692565 0.000178
12.697566 0.001405
12.702567 0.002633
12.707568 0.003597
12.712569 0.004580
12.717570 0.005513
12.722571 0.006264
12.727572 0.006634
12.732573 0.006402
12.737574 0.006033
12.742575 0.005501
12.747576 0.005281
12.752577 0.006002
12.757578 0.006383
12.762579 0.006246
12.767580 0.006308
12.772581 0.006233
12.777582 0.006064
12.782583 0.005476
12.787584 0.004543
12.792585 0.003691
12.797586 0.002589
12.802587 0.001525
12.807588 0.000711
12.812589 -0.000003
12.817590 -0.000567
12.822591 -0.001243
12.827592 -0.002245
12.832593 -0.003366
12.837594 -0.004424
12.842595 -0.005157
12.847596 -0.005570
12.852597 -0.005946
12.857598 -0.005927
12.862599 -0.005401
12.867600 -0.004355
12.872601 -0.002996
12.877602 -0.002126
12.882603 -0.001393
12.887604 -0.000561
12.892605 0.000072
12.897606 0.000880
12.902607 0.001794
12.907608 0.002470
12.912609 0.003096
12.917610 0.003184
12.922611 0.002865
12.927612 0.002815
12.932613 0.002727
12.937614 0.002783
12.942615 0.002827
12.947616 0.002777
12.952617 0.002664
12.957618 0.002051
12.962619 0.001443
12.967620 0.000836
12.972621 -0.000485
12.977622 -0.001825
12.982623 -0.002696
12.987624 -0.003785
12.992625 -0.004562
12.997626 -0.005213
13.002627 -0.005958
13.007628 -0.005870
13.012629 -0.005088
13.017630 -0.003816
13.022631 -0.002577
13.027632 -0.001950
13.032633 -0.001331
13.037634 -0.000667
13.042635 -0.000216
13.047636 0.000341
13.052637 0.000942
13.057638 0.001519
13.062639 0.001882
13.067640 0.002195
13.072641 0.002808
13.077642 0.003635
13.082643 0.004430
13.087645 0.004887
13.092646 0.004944
13.097647 0.004568
13.102648 0.004073
13.107649 0.003209
13.112650 0.001769
13.117651 0.000247
13.122652 -0.001155
13.127653 -0.002107
13.132654 -0.002627
13.137655 -0.002733
13.142656 -0.002764
13.147657 -0.003090
13.152658 -0.003691
13.157659 -0.004317
13.162660 -0.004862
13.167661 -0.005876
13.172662 -0.006496
13.177663 -0.006465
13.182664 -0.006553
13.187665 -0.006396
13.192666 -0.005901
13.197667 -0.004881
13.202668 -0.003428
13.207669 -0.001888
13.212670 -0.000278
13.217671 0.001406
13.222672 0.003278
13.227673 0.004988
13.232674 0.006409
13.237675 0.007718
13.242676 0.009070
13.247677 0.010523
13.252678 0.011738
13.257679 0.012671
13.262680 0.013065
13.267681 0.012940
13.272682 0.012257
13.277683 0.010623
13.282684 0.008388
13.287685 0.005714
13.292686 0.003178
13.297687 0.001325
13.302688 -0.000335
13.307689 -0.002176
13.312690 -0.003910
13.317691 -0.005501
13.322692 -0.007241
13.327693 -0.008888
13.332694 -0.010190
13.337695 -0.010954
13.342696 -0.011180
13.347697 -0.010904
13.352698 -0.010228
13.357699 -0.009452
13.362700 -0.008393
13.367701 -0.007204
13.372702 -0.006283
13.377703 -0.005181
13.382704 -0.003778
13.387705 -0.002401
13.392706 -0.001217
13.397707 -0.000291
13.402708 0.000573
13.407709 0.001250
13.412710 0.001776
13.417711 0.002452
13.422712 0.002984
13.427713 0.003066
13.432714 0.003116
13.437715 0.003141
13.442716 0.002702
13.447717 0.002133
13.452718 0.001832
13.457719 0.001920
13.462720 0.002189
13.467721 0.002577
13.472722 0.003366
13.477723 0.004800
13.482724 0.006528
13.487725 0.007981
13.492726 0.009296
13.497727 0.010555
13.502728 0.011462
13.507729 0.011995
13.512730 0.011951
13.517731 0.010755
13.522732 0.008595
13.527733 0.005865
13.532734 0.002846
13.537735 -0.000234
13.542736 -0.002914
13.547737 -0.004811
13.552738 -0.006239
13.557739 -0.007260
13.562741 -0.008036
13.567742 -0.008687
13.572743 -0.009051
13.577744 -0.009026
13.582745 -0.008525
13.587746 -0.007779
13.592747 -0.007166
13.597748 -0.006158
13.602749 -0.004743
13.607750 -0.003759
13.612751 -0.002808
13.617752 -0.001987
13.622753 -0.001605
13.627754 -0.001286
13.632755 -0.001230
13.637756 -0.001349
13.642757 -0.001324
13.647758 -0.001681
13.652759 -0.002037
13.657760 -0.001875
13.662761 -0.001630
13.667762 -0.001004
13.672763 0.000085
13.677764 0.001269
13.682765 0.002365
13.687766 0.003116
13.692767 0.003936
13.697768 0.004894
13.702769 0.005364
13.707770 0.005558
13.712771 0.005677
13.717772 0.005558
13.722773 0.005364
13.727774 0.005019
13.732775 0.004581
13.737776 0.003867
13.742777 0.002772
13.747778 0.001807
13.752779 0.001012
13.757780 0.000117
13.762781 -0.000917
13.767782 -0.001956
13.772783 -0.002494
13.777784 -0.002507
13.782785 -0.002375
13.787786 -0.001812
13.792787 -0.000679
13.797788 0.000705
13.802789 0.002183
13.807790 0.003567
13.812791 0.004732
13.817792 0.005746
13.822793 0.006372
13.827794 0.006216
13.832795 0.005226
13.837796 0.003774
13.842797 0.002008
13.847798 -0.000134
13.852799 -0.002250
13.857800 -0.004254
13.862801 -0.006132
13.867802 -0.007422
13.872803 -0.008061
13.877804 -0.008255
13.882805 -0.008374
13.887806 -0.008380
13.892807 -0.007917
13.897808 -0.006965
13.902809 -0.005888
13.907810 -0.004830
13.912811 -0.003490
13.917812 -0.002225
13.922813 -0.001148
13.927814 -0.000033
13.932815 0.000730
13.937816 0.001194
13.942817 0.001388
13.947818 0.001106
13.952819 0.000668
13.957820 -0.000021
13.962821 -0.001117
13.967822 -0.002119
13.972823 -0.002826
13.977824 -0.003233
13.982825 -0.003646
13.987826 -0.004060
13.992827 -0.003903
13.997828 -0.003402
14.002829 -0.003014
14.007830 -0.002638
14.012831 -0.001855
14.017832 -0.000685
14.022833 0.000568
14.027834 0.001732
14.032835 0.002903
14.037836 0.004030
14.042838 0.004813
14.047839 0.005201
14.052840 0.005126
14.057841 0.005007
14.062842 0.004726
14.067843 0.004312
14.072844 0.004037
14.077845 0.003624
14.082846 0.003022
14.087847 0.002140
14.092848 0.001344
14.097849 0.000430
14.102850 -0.000484
14.107851 -0.001160
14.112852 -0.001705
14.117853 -0.001574
14.122854 -0.001405
14.127855 -0.001198
14.132856 -0.000515
14.137857 0.000499
14.142858 0.001557
14.147859 0.002346
14.152860 0.003060
14.157861 0.003517
14.162862 0.003880
14.167863 0.004306
14.172864 0.004895
14.177865 0.005402
14.182866 0.005690
14.187867 0.006122
14.192868 0.006335
14.197869 0.006122
14.202870 0.005446
14.207871 0.004438
14.212872 0.003260
14.217873 0.001989
14.222874 0.000549
14.227875 -0.001135
14.232876 -0.002763
14.237877 -0.004091
14.242878 -0.005067
14.247879 -0.006038
14.252880 -0.006564
14.257881 -0.006695
14.262882 -0.007015
14.267883 -0.007297
14.272884 -0.007459
14.277885 -0.007246
14.282886 -0.006570
14.287887 -0.005662
14.292888 -0.004266
14.297889 -0.002638
14.302890 -0.001079
14.307891 0.000499
14.312892 0.002002
14.317893 0.003430
14.322894 0.004500
14.327895 0.005239
14.332896 0.006097
14.337897 0.006811
14.342898 0.007086
14.347899 0.007162
14.352900 0.006974
14.357901 0.006310
14.362902 0.005133
14.367903 0.003417
14.372904 0.001507
14.377905 -0.000277
14.382906 -0.001680
14.387907 -0.003057
14.392908 -0.004510
14.397909 -0.005380
14.402910 -0.006075
14.407911 -0.006658
14.412912 -0.006595
14.417913 -0.006219
14.422914 -0.005806
14.427915 -0.005606
14.432916 -0.005243
14.437917 -0.004278
14.442918 -0.003314
14.447919 -0.002431
14.452920 -0.001855
14.457921 -0.001542
14.462922 -0.001392
14.467923 -0.001642
14.472924 -0.001824
14.477925 -0.001955
14.482926 -0.002174
14.487927 -0.002256
14.492928 -0.002162
14.497929 -0.002024
14.502930 -0.001893
14.507931 -0.001774
14.512932 -0.001529
14.517934 -0.001323
14.522935 -0.001335
14.527936 -0.001329
14.532937 -0.001060
14.537938 -0.000440
14.542939 0.000224
14.547940 0.001038
14.552941 0.002178
14.557942 0.003380
14.562943 0.004419
14.567944 0.005202
14.572945 0.005672
14.577946 0.006104
14.582947 0.006605
14.587948 0.006855
14.592949 0.007143
14.597950 0.007456
14.602951 0.007375
14.607952 0.006880
14.612953 0.006122
14.617954 0.005302
14.622955 0.004375
14.627956 0.003361
14.632957 0.002816
14.637958 0.002754
14.642959 0.002616
14.647960 0.002566
14.652961 0.002710
14.657962 0.002722
14.662963 0.002578
14.667964 0.002240
14.672965 0.001777
14.677966 0.001138
14.682967 0.000255
14.687968 -0.000740
14.692969 -0.001999
14.697970 -0.003489
14.702971 -0.005004
14.707972 -0.006676
14.712973 -0.008123
14.717974 -0.009043
14.722975 -0.009769
14.727976 -0.009995
14.732977 -0.009939
14.737978 -0.009726
14.742979 -0.009162
14.747980 -0.008273
14.752981 -0.006808
14.757982 -0.005130
14.762983 -0.003508
14.767984 -0.002111
14.772985 -0.001041
14.777986 -0.000164
14.782987 0.000393
14.787988 0.000637
14.792989 0.000788
14.797990 0.001070
14.802991 0.001295
14.807992 0.001257
14.812993 0.001320
14.817994 0.001433
14.822995 0.001583
14.827996 0.001877
14.832997 0.002015
14.837998 0.002259
14.842999 0.002472
14.848000 0.002529
14.853001 0.002810
14.858002 0.003036
14.863003 0.003211
14.868004 0.003142
14.873005 0.002585
14.878006 0.002090
14.883007 0.001658
14.888008 0.001120
14.893009 0.000606
14.898010 0.000155
14.903011 -0.000327
14.908012 -0.001047
14.913013 -0.001654
14.918014 -0.001992
14.923015 -0.002074
14.928016 -0.001923
14.933017 -0.001754
14.938018 -0.001109
14.943019 -0.000195
14.948020 0.000644
14.953021 0.001564
14.958022 0.002422
14.963023 0.003105
14.968024 0.003399
14.973025 0.003756
14.978026 0.004332
14.983027 0.004695
14.988028 0.004883
14.993030 0.004921
14.998031 0.004651
15.003032 0.004157
15.008033 0.003374
15.013034 0.002516
15.018035 0.001965
15.023036 0.001295
15.028037 0.000807
15.033038 0.000606
15.038039 0.000362
15.043040 0.000193
15.048041 -0.000364
15.053042 -0.000946
15.058043 -0.001460
15.063044 -0.002111
15.068045 -0.002506
15.073046 -0.002700
15.078047 -0.002462
15.083048 -0.002042
15.088049 -0.001704
15.093050 -0.001291
15.098051 -0.000903
15.103052 -0.001072
15.108053 -0.001710
15.113054 -0.002305
15.118055 -0.003088
15.123056 -0.003889
15.128057 -0.004797
15.133058 -0.005724
15.138059 -0.006463
15.143060 -0.007102
15.148061 -0.007408
15.153062 -0.007352
15.158063 -0.006951
15.163064 -0.006363
15.168065 -0.005355
15.173066 -0.003946
15.178067 -0.002180
15.183068 -0.000308
15.188069 0.001345
15.193070 0.003030
15.198071 0.004658
15.203072 0.006136
15.208073 0.007050
15.213074 0.007469
15.218075 0.007613
15.223076 0.007363
15.228077 0.007006
15.233078 0.006461
15.238079 0.006010
15.243080 0.005466
15.248081 0.004577
15.253082 0.003700
15.258083 0.002610
15.263084 0.001446
15.268085 0.000250
15.273086 -0.000715
15.278087 -0.001190
15.283088 -0.001829
15.288089 -0.002380
15.293090 -0.002662
15.298091 -0.003025
15.303092 -0.003451
15.308093 -0.003845
15.313094 -0.004158
15.318095 -0.004384
15.323096 -0.004590
15.328097 -0.004878
15.333098 -0.004828
15.338099 -0.004597
15.343100 -0.004271
15.348101 -0.003589
15.353102 -0.002562
15.358103 -0.001071
15.363104 0.000419
15.368105 0.001822
15.373106 0.003174
15.378107 0.004339
15.383108 0.005372
15.388109 0.005879
15.393110 0.006048
15.398111 0.006105
15.403112 0.005579
15.408113 0.004639
15.413114 0.003819
15.418115 0.003124
15.423116 0.002529
15.428117 0.001928
15.433118 0.001477
15.438119 0.001296
15.443120 0.001051
15.448121 0.000763
15.453122 0.000582
15.458123 0.000519
15.463124 0.000319
15.468126 -0.000195
15.473127 -0.000921
15.478128 -0.001779
15.483129 -0.002618
15.488130 -0.003538
15.493131 -0.004158
15.498132 -0.004277
15.503133 -0.004553
15.508134 -0.004910
15.513135 -0.005135
15.518136 -0.005223
15.523137 -0.005085
15.528138 -0.004953
15.533139 -0.004628
15.538140 -0.004064
15.543141 -0.003745
15.548142 -0.003394
15.553143 -0.002774
15.558144 -0.002086
15.563145 -0.001397
15.568146 -0.001109
15.573147 -0.000952
15.578148 -0.000639
15.583149 -0.000570
15.588150 -0.001009
15.593151 -0.001478
15.598152 -0.001622
15.603153 -0.001772
15.608154 -0.001754
15.613155 -0.001610
15.618156 -0.001378
15.623157 -0.000889
15.628158 -0.000608
15.633159 -0.000182
15.638160 0.000457
15.643161 0.001171
15.648162 0.001878
15.653163 0.002561
15.658164 0.003669
15.663165 0.004671
15.668166 0.005454
15.673167 0.006424
15.678168 0.007201
15.683169 0.007702
15.688170 0.007933
15.693171 0.007727
15.698172 0.007401
15.703173 0.006913
15.708174 0.006211
15.713175 0.005660
15.718176 0.004965
15.723177 0.004189
15.728178 0.003488
15.733179 0.002792
15.738180 0.002185
15.743181 0.001490
15.748182 0.000532
15.753183 -0.000395
15.758184 -0.001021
15.763185 -0.001691
15.768186 -0.002273
15.773187 -0.002699
15.778188 -0.002862
15.783189 -0.002818
15.788190 -0.002849
15.793191 -0.002724
15.798192 -0.002774
15.803193 -0.002837
15.808194 -0.002762
15.813195 -0.002599
15.818196 -0.002217
15.823197 -0.001885
15.828198 -0.001603
15.833199 -0.001778
15.838200 -0.002035
15.843201 -0.002236
15.848202 -0.002749
15.853203 -0.002968
15.858204 -0.002874
15.863205 -0.002699
15.868206 -0.002592
15.873207 -0.002461
15.878208 -0.002167
15.883209 -0.002098
15.888210 -0.002217
15.893211 -0.002311
15.898212 -0.001998
15.903213 -0.001509
15.908214 -0.001196
15.913215 -0.000827
15.918216 -0.000357
15.923217 0.000125
15.928218 0.000351
15.933219 0.000595
15.938220 0.001021
15.943222 0.001353
15.948223 0.001785
15.953224 0.002298
15.958225 0.002843
15.963226 0.003250
15.968227 0.003156
15.973228 0.002768
15.978229 0.002379
15.983230 0.001860
15.988231 0.001165
15.993232 0.000501
15.998233 -0.000031
16.003234 -0.000426
16.008235 -0.000858
16.013236 -0.001334
16.018237 -0.001659
16.023238 -0.001860
16.028239 -0.001954
16.033240 -0.001997
16.038241 -0.002047
16.043242 -0.002098
16.048243 -0.002292
16.053244 -0.002486
16.058245 -0.002580
16.063246 -0.002749
16.068247 -0.002830
16.073248 -0.002711
16.078249 -0.002348
16.083250 -0.001734
16.088251 -0.001371
16.093252 -0.000964
16.098253 0.000082
16.103254 0.000921
16.108255 0.001384
16.113256 0.001923
16.118257 0.002386
16.123258 0.002636
16.128259 0.002643
16.133260 0.002605
16.138261 0.002593
16.143262 0.002762
16.148263 0.003144
16.153264 0.003763
16.158265 0.004747
16.163266 0.005924
16.168267 0.006951
16.173268 0.007702
16.178269 0.008504
16.183270 0.008973
16.188271 0.008873
16.193272 0.008529
16.198273 0.007865
16.203274 0.007063
16.208275 0.005961
16.213276 0.004759
16.218277 0.003375
16.223278 0.001610
16.228279 -0.000037
16.233280 -0.001747
16.238281 -0.003343
16.243282 -0.004652
16.248283 -0.005616
16.253284 -0.006236
16.258285 -0.006512
16.263286 -0.006155
16.268287 -0.005641
16.273288 -0.005115
16.278289 -0.004358
16.283290 -0.003619
16.288291 -0.002861
16.293292 -0.002035
16.298293 -0.001321
16.303294 -0.000782
16.308295 -0.000526
16.313296 -0.000563
16.318297 -0.000638
16.323298 -0.000638
16.328299 -0.000889
16.333300 -0.001239
16.338301 -0.001183
16.343302 -0.000964
16.348303 -0.000688
16.353304 -0.000369
16.358305 -0.000137
16.363306 0.000025
16.368307 -0.000037
16.373308 -0.000131
16.378309 -0.000093
16.383310 -0.000181
16.388311 -0.000475
16.393312 -0.000607
16.398313 -0.000519
16.403314 -0.000613
16.408315 -0.000901
16.413316 -0.001452
16.418318 -0.002166
16.423319 -0.003024
16.428320 -0.004007
16.433321 -0.004758
16.438322 -0.005253
16.443323 -0.005391
16.448324 -0.005203
16.453325 -0.004677
16.458326 -0.003788
16.463327 -0.003011
16.468328 -0.002272
16.473329 -0.001483
16.478330 -0.000713
16.483331 0.000001
16.488332 0.000545
16.493333 0.001303
16.498334 0.002004
16.503335 0.002681
16.508336 0.003432
16.513337 0.003933
16.518338 0.004346
16.523339 0.004484
16.528340 0.004396
16.533341 0.004327
16.538342 0.004152
16.543343 0.004014
16.548344 0.003676
16.553345 0.003169
16.558346 0.002599
16.563347 0.001817
16.568348 0.001015
16.573349 0.000389
16.578350 -0.000006
16.583351 -0.000344
16.588352 -0.000481
16.593353 -0.000500
16.598354 -0.000450
16.603355 -0.000381
16.608356 -0.000287
16.613357 0.000207
16.618358 0.000445
16.623359 0.000420
16.628360 0.000777
16.633361 0.001297
16.638362 0.001723
16.643363 0.001923
16.648364 0.002004
16.653365 0.001979
16.658366 0.001929
16.663367 0.001823
16.668368 0.001547
16.673369 0.001159
16.678370 0.000821
16.683371 0.000571
16.688372 0.000170
16.693373 -0.000175
16.698374 -0.000325
16.703375 -0.000494
16.708376 -0.000769
16.713377 -0.000882
16.718378 -0.000926
16.723379 -0.001133
16.728380 -0.001277
16.733381 -0.001427
16.738382 -0.001546
16.743383 -0.001502
16.748384 -0.001446
16.753385 -0.001408
16.758386 -0.001264
16.763387 -0.000907
16.768388 -0.000675
16.773389 -0.000287
16.778390 0.000489
16.783391 0.001209
16.788392 0.001898
16.793393 0.002380
16.798394 0.002718
16.803395 0.002831
16.808396 0.002474
16.813397 0.002130
16.818398 0.001836
16.823399 0.001316
16.828400 0.000452
16.833401 -0.000337
16.838402 -0.000945
16.843403 -0.001771
16.848404 -0.002829
16.853405 -0.003906
16.858406 -0.004921
16.863407 -0.006129
16.868408 -0.007194
16.873409 -0.007801
16.878410 -0.007970
16.883411 -0.007807
16.888412 -0.007663
16.893414 -0.006906
16.898415 -0.005616
16.903416 -0.004320
16.908417 -0.002767
16.913418 -0.001088
16.918419 0.000521
16.923420 0.001936
16.928421 0.002925
16.933422 0.003727
16.938423 0.004484
16.943424 0.004741
16.948425 0.004466
16.953426 0.004046
16.958427 0.003758
16.963428 0.003470
16.968429 0.003138
16.973430 0.002838
16.978431 0.002750
16.983432 0.002932
16.988433 0.003025
16.993434 0.003182
16.998435 0.003320
17.003436 0.003332
17.008437 0.003263
17.013438 0.003038
17.018439 0.002575
17.023440 0.001923
17.028441 0.001203
17.033442 0.000439
17.038443 0.000014
17.043444 -0.000406
17.048445 -0.000769
17.053446 -0.000844
17.058447 -0.000894
17.063448 -0.001007
17.068449 -0.001226
17.073450 -0.001289
17.078451 -0.001301
17.083452 -0.001495
17.088453 -0.001984
17.093454 -0.002309
17.098455 -0.002503
17.103456 -0.002854
17.108457 -0.002766
17.113458 -0.002773
17.118459 -0.002629
17.123460 -0.002234
17.128461 -0.001915
17.133462 -0.001207
17.138463 -0.000506
17.143464 0.000352
17.148465 0.001141
17.153466 0.001773
17.158467 0.002556
17.163468 0.003069
17.168469 0.003464
17.173470 0.003821
17.178471 0.004334
17.183472 0.004748
17.188473 0.004873
17.193474 0.004854
17.198475 0.004654
17.203476 0.004378
17.208477 0.003852
17.213478 0.003295
17.218479 0.002650
17.223480 0.001805
17.228481 0.000978
17.233482 -0.000011
17.238483 -0.001013
17.243484 -0.002059
17.248485 -0.003305
17.253486 -0.004388
17.258487 -0.005002
17.263488 -0.005540
17.268489 -0.005809
17.273490 -0.005590
17.278491 -0.005171
17.283492 -0.004501
17.288493 -0.003881
17.293494 -0.002998
17.298495 -0.002184
17.303496 -0.001689
17.308497 -0.001032
17.313498 -0.000612
17.318499 -0.000205
17.323500 0.000052
17.328501 -0.000055
17.333502 -0.000243
17.338503 -0.000543
17.343504 -0.000731
17.348505 -0.001038
17.353506 -0.001414
17.358507 -0.001595
17.363508 -0.001727
17.368509 -0.001915
17.373511 -0.002196
17.378512 -0.002315
17.383513 -0.002453
17.388514 -0.002541
17.393515 -0.002372
17.398516 -0.002096
17.403517 -0.001514
17.408518 -0.000881
17.413519 -0.000255
17.418520 0.000578
17.423521 0.001291
17.428522 0.001936
17.433523 0.002563
17.438524 0.003139
17.443525 0.003683
17.448526 0.003953
17.453527 0.004184
17.458528 0.004472
17.463529 0.004710
17.468530 0.004879
17.473531 0.004986
17.478532 0.005130
17.483533 0.005211
17.488534 0.005149
17.493535 0.004754
17.498536 0.004472
17.503537 0.004397
17.508538 0.004003
17.513539 0.003671
17.518540 0.003327
17.523541 0.002757
17.528542 0.002181
17.533543 0.001392
17.538544 0.000690
17.543545 0.000096
17.548546 -0.000531
17.553547 -0.000969
17.558548 -0.001420
17.563549 -0.001889
17.568550 -0.002303
17.573551 -0.002766
17.578552 -0.003060
17.583553 -0.003185
17.588554 -0.003311
17.593555 -0.003217
17.598556 -0.002791
17.603557 -0.002384
17.608558 -0.002002
17.613559 -0.001413
17.618560 -0.000825
17.623561 -0.000267
17.628562 0.000121
17.633563 0.000434
17.638564 0.000841
17.643565 0.001104
17.648566 0.001173
17.653567 0.001129
17.658568 0.000985
17.663569 0.000584
17.668570 -0.000161
17.673571 -0.000962
17.678572 -0.001539
17.683573 -0.002171
17.688574 -0.002803
17.693575 -0.003185
17.698576 -0.003655
17.703577 -0.003937
17.708578 -0.004112
17.713579 -0.004206
17.718580 -0.004162
17.723581 -0.004187
17.728582 -0.004093
17.733583 -0.004056
17.738584 -0.003805
17.743585 -0.003386
17.748586 -0.003035
17.753587 -0.002565
17.758588 -0.001845
17.763589 -0.001006
17.768590 -0.000349
17.773591 0.000328
17.778592 0.000947
17.783593 0.001417
17.788594 0.001749
17.793595 0.002050
17.798596 0.002388
17.803597 0.002381
17.808598 0.002137
17.813599 0.001987
17.818600 0.001774
17.823601 0.001467
17.828602 0.001010
17.833603 0.000328
17.838604 -0.000299
17.843605 -0.001019
17.848607 -0.001801
17.853608 -0.002190
17.858609 -0.002446
17.863610 -0.002521
17.868611 -0.002258
17.873612 -0.001770
17.878613 -0.000893
17.883614 0.000033
17.888615 0.000841
17.893616 0.001636
17.898617 0.002544
17.903618 0.003502
17.908619 0.004229
17.913620 0.004755
17.918621 0.005024
17.923622 0.005087
17.928623 0.004642
17.933624 0.003934
17.938625 0.003283
17.943626 0.002388
17.948627 0.001618
17.953628 0.000904
17.958629 0.000328
17.963630 -0.000086
17.968631 -0.000549
17.973632 -0.000687
17.978633 -0.000630
17.983634 -0.000543
17.988635 -0.000380
17.993636 0.000033
17.998637 0.000572
18.003638 0.001060
18.008639 0.001492
18.013640 0.001568
18.018641 0.001424
18.023642 0.000916
18.028643 0.000077
18.033644 -0.000768
18.038645 -0.001569
18.043646 -0.002171
18.048647 -0.002809
18.053648 -0.003185
18.058649 -0.003129
18.063650 -0.003154
18.068651 -0.003110
18.073652 -0.002903
18.078653 -0.002559
18.083654 -0.001989
18.088655 -0.001382
18.093656 -0.000568
18.098657 0.000297
18.103658 0.000779
18.108659 0.001223
18.113660 0.001774
18.118661 0.002081
18.123662 0.002307
18.128663 0.002482
18.133664 0.002438
18.138665 0.002169
18.143666 0.001637
18.148667 0.000917
18.153668 0.000021
18.158669 -0.000937
18.163670 -0.001770
18.168671 -0.002471
18.173672 -0.003085
18.178673 -0.003354
18.183674 -0.003329
18.188675 -0.003266
18.193676 -0.002966
18.198677 -0.002383
18.203678 -0.001807
18.208679 -0.001244
18.213680 -0.000417
18.218681 0.000416
18.223682 0.001236
18.228683 0.002181
18.233684 0.002945
18.238685 0.003578
18.243686 0.003916
18.248687 0.004091
18.253688 0.004191
18.258689 0.004310
18.263690 0.004454
18.268691 0.004047
18.273692 0.003584
18.278693 0.003165
18.283694 0.002394
18.288695 0.001549
18.293696 0.000566
18.298697 -0.000373
18.303698 -0.001087
18.308699 -0.001832
18.313700 -0.002508
18.318701 -0.003110
18.323703 -0.003635
18.328704 -0.004130
18.333705 -0.004437
18.338706 -0.004312
18.343707 -0.004030
18.348708 -0.003542
18.353709 -0.002846
18.358710 -0.002070
18.363711 -0.001450
18.368712 -0.000962
18.373713 -0.000455
18.378714 -0.000148
18.383715 -0.000060
18.388716 -0.000404
18.393717 -0.000868
18.398718 -0.001137
18.403719 -0.001688
18.408720 -0.002383
18.413721 -0.002846
18.418722 -0.003203
18.423723 -0.003385
18.428724 -0.003454
18.433725 -0.003516
18.438726 -0.003166
18.443727 -0.002684
18.448728 -0.002120
18.453729 -0.001137
18.458730 -0.000066
18.463731 0.001105
18.468732 0.002332
18.473733 0.003346
18.478734 0.004511
18.483735 0.005801
18.488736 0.006684
18.493737 0.007241
18.498738 0.007780
18.503739 0.008124
18.508740 0.007936
18.513741 0.007435
18.518742 0.006884
18.523743 0.006127
18.528744 0.005018
18.533745 0.003772
18.538746 0.002514
18.543747 0.001205
18.548748 -0.000003
18.553749 -0.000980
18.558750 -0.001807
18.563751 -0.002489
18.568752 -0.002878
18.573753 -0.003028
18.578754 -0.002890
18.583755 -0.002727
18.588756 -0.002627
18.593757 -0.002445
18.598758 -0.002101
18.603759 -0.001750
18.608760 -0.001625
18.613761 -0.001368
18.618762 -0.001162
18.623763 -0.001143
18.628764 -0.001206
18.633765 -0.001575
18.638766 -0.001945
18.643767 -0.002326
18.648768 -0.002865
18.653769 -0.003184
18.658770 -0.003266
18.663771 -0.003397
18.668772 -0.003366
18.673773 -0.003222
18.678774 -0.002996
18.683775 -0.002646
18.688776 -0.002433
18.693777 -0.002076
18.698778 -0.001562
18.703779 -0.001018
18.708780 -0.000511
18.713781 -0.000078
18.718782 0.000460
18.723783 0.000898
18.728784 0.001249
18.733785 0.001456
18.738786 0.001556
18.743787 0.001587
18.748788 0.001274
18.753789 0.000942
18.758790 0.000610
18.763791 -0.000053
18.768792 -0.000830
18.773793 -0.001468
18.778794 -0.002070
18.783795 -0.002533
18.788796 -0.002940
18.793797 -0.003153
18.798799 -0.002877
18.803800 -0.002358
18.808801 -0.001694
18.813802 -0.000874
18.818803 0.000141
18.823804 0.001381
18.828805 0.002558
18.833806 0.003735
18.838807 0.005044
18.843808 0.006002
18.848809 0.006590
18.853810 0.006922
18.858811 0.006985
18.863812 0.006897
18.868813 0.006390
18.873814 0.005626
18.878815 0.004850
18.883816 0.003779
18.888817 0.002558
18.893818 0.001324
18.898819 0.000091
18.903820 -0.000924
18.908821 -0.001832
18.913822 -0.002451
18.918823 -0.002520
18.923824 -0.002476
18.928825 -0.002577
18.933826 -0.002414
18.938827 -0.001919
18.943828 -0.001218
18.948829 -0.000560
18.953830 -0.000066
18.958831 0.000661
18.963832 0.001537
18.968833 0.002095
18.973834 0.002339
18.978835 0.002508
18.983836 0.002508
18.988837 0.002282
18.993838 0.001888
18.998839 0.001287
19.003840 0.000636
19.008841 -0.000147
19.013842 -0.000917
19.018843 -0.001619
19.023844 -0.002414
19.028845 -0.003196
19.033846 -0.003879
19.038847 -0.004154
19.043848 -0.004236
19.048849 -0.004273
19.053850 -0.004167
19.058851 -0.003810
19.063852 -0.003215
19.068853 -0.002727
19.073854 -0.002101
19.078855 -0.001368
19.083856 -0.000861
19.088857 -0.000404
19.093858 0.000085
19.098859 0.000392
19.103860 0.000592
19.108861 0.000623
19.113862 0.000392
19.118863 0.000141
19.123864 -0.000203
19.128865 -0.000466
19.133866 -0.000748
19.138867 -0.001080
19.143868 -0.001249
19.148869 -0.001443
19.153870 -0.001731
19.158871 -0.001812
19.163872 -0.001844
19.168873 -0.001963
19.173874 -0.001925
19.178875 -0.001956
19.183876 -0.001825
19.188877 -0.001600
19.193878 -0.001418
19.198879 -0.000917
19.203880 -0.000372
19.208881 0.000141
19.213882 0.000680
19.218883 0.001312
19.223884 0.002057
19.228885 0.002658
19.233886 0.003197
19.238887 0.003667
19.243888 0.003873
19.248889 0.003917
19.253890 0.003854
19.258891 0.003698
19.263892 0.003341
19.268893 0.002684
19.273895 0.002089
19.278896 0.001619
19.283897 0.001168
19.288898 0.000818
19.293899 0.000442
19.298900 0.000185
19.303901 0.000085
19.308902 -0.000009
19.313903 0.000085
19.318904 0.000423
19.323905 0.000730
19.328906 0.000968
19.333907 0.001193
19.338908 0.001262
19.343909 0.001168
19.348910 0.000987
19.353911 0.000899
19.358912 0.000962
19.363913 0.000887
19.368914 0.000924
19.373915 0.000937
19.378916 0.000736
19.383917 0.000567
19.388918 0.000091
19.393919 -0.000303
19.398920 -0.000547
19.403921 -0.000810
19.408922 -0.000904
19.413923 -0.000961
19.418924 -0.000898
19.423925 -0.000979
19.428926 -0.001111
19.433927 -0.001155
19.438928 -0.001292
19.443929 -0.001274
19.448930 -0.001123
19.453931 -0.000873
19.458932 -0.000647
19.463933 -0.000441
19.468934 -0.000316
19.473935 -0.000178
19.478936 0.000129
19.483937 0.000198
19.488938 0.000229
19.493939 0.000154
19.498940 0.000085
19.503941 0.000060
19.508942 -0.000334
19.513943 -0.000453
19.518944 -0.000547
19.523945 -0.000654
19.528946 -0.000435
19.533947 -0.000284
19.538948 0.000023
19.543949 0.000173
19.548950 0.000210
19.553951 0.000348
19.558952 0.000229
19.563953 0.000092
19.568954 -0.000140
19.573955 -0.000578
19.578956 -0.000910
19.583957 -0.001211
19.588958 -0.001505
19.593959 -0.001580
19.598960 -0.001562
19.603961 -0.001593
19.608962 -0.001386
19.613963 -0.000948
19.618964 -0.000535
19.623965 -0.000040
19.628966 0.000492
19.633967 0.000924
19.638968 0.001363
19.643969 0.001632
19.648970 0.001632
19.653971 0.001657
19.658972 0.001789
19.663973 0.001782
19.668974 0.001726
19.673975 0.001707
19.678976 0.001651
19.683977 0.001475
19.688978 0.001093
19.693979 0.000730
19.698980 0.000555
19.703981 0.000361
19.708982 -0.000115
19.713983 -0.000697
19.718984 -0.001098
19.723985 -0.001424
19.728986 -0.001580
19.733987 -0.001417
19.738988 -0.001079
19.743989 -0.000716
19.748991 -0.000328
19.753992 0.000142
19.758993 0.000618
19.763994 0.001087
19.768995 0.001444
19.773996 0.001695
19.778997 0.002070
19.783998 0.002227
19.788999 0.002014
19.794000 0.001770
19.799001 0.001507
19.804002 0.001169
19.809003 0.000674
19.814004 0.000255
19.819005 0.000192
19.824006 0.000092
19.829007 -0.000146
19.834008 -0.000284
19.839009 -0.000190
19.844010 -0.000140
19.849011 -0.000171
19.854012 -0.000015
19.859013 0.000104
19.864014 0.000236
19.869015 0.000255
19.874016 0.000173
19.879017 0.000248
19.884018 0.000211
19.889019 -0.000071
19.894020 -0.000397
19.899021 -0.000672
19.904022 -0.001041
19.909023 -0.001373
19.914024 -0.001693
19.919025 -0.001956
19.924026 -0.002031
19.929027 -0.002237
19.934028 -0.002262
19.939029 -0.002100
19.944030 -0.002125
19.949031 -0.002206
19.954032 -0.002131
19.959033 -0.001718
19.964034 -0.001367
19.969035 -0.001179
19.974036 -0.000885
19.979037 -0.000422
19.984038 -0.000002
19.989039 0.000048
19.994040 0.000236
19.999041 0.000530
20.004042 0.000668
20.009043 0.000637
20.014044 0.000211
20.019045 -0.000102
20.024046 -0.000177
20.029047 -0.000478
20.034048 -0.000791
20.039049 -0.000872
20.044050 -0.001054
20.049051 -0.001430
20.054052 -0.001774
20.059053 -0.002024
20.064054 -0.002294
20.069055 -0.002613
20.074056 -0.002788
20.079057 -0.002663
20.084058 -0.002363
20.089059 -0.002024
20.094060 -0.001655
20.099061 -0.001198
20.104062 -0.000440
20.109063 0.000230
20.114064 0.000762
20.119065 0.001426
20.124066 0.001895
20.129067 0.002202
20.134068 0.002421
20.139069 0.002672
20.144070 0.002822
20.149071 0.002553
20.154072 0.002346
20.159073 0.002209
20.164074 0.001989
20.169075 0.001770
20.174076 0.001388
20.179077 0.001132
20.184078 0.000956
20.189079 0.000737
20.194080 0.000612
20.199081 0.000487
20.204082 0.000380
20.209083 0.000061
20.214084 -0.000233
20.219085 -0.000233
20.224086 -0.000359
20.229088 -0.000678
20.234089 -0.000916
20.239090 -0.001116
20.244091 -0.001354
20.249092 -0.001386
20.254093 -0.001260
20.259094 -0.000985
20.264095 -0.000546
20.269096 -0.000265
20.274097 0.000117
20.279098 0.000581
20.284099 0.000894
20.289100 0.001176
20.294101 0.001420
20.299102 0.001770
20.304103 0.001946
20.309104 0.001689
20.314105 0.001476
20.319106 0.001295
20.324107 0.000900
20.329108 0.000556
20.334109 0.000487
20.339110 0.000481
20.344111 0.000512
20.349112 0.000606
20.354113 0.000844
20.359114 0.001213
20.364115 0.001533
20.369116 0.001877
20.374117 0.002152
20.379118 0.002428
20.384119 0.002516
20.389120 0.002578
20.394121 0.002722
20.399122 0.002722
20.404123 0.002672
20.409124 0.002328
20.414125 0.002121
20.419126 0.001990
20.424127 0.001702
20.429128 0.001407
20.434129 0.000963
20.439130 0.000600
20.444131 0.000042
20.449132 -0.000496
20.454133 -0.000960
20.459134 -0.001479
20.464135 -0.001936
20.469136 -0.002588
20.474137 -0.003220
20.479138 -0.003809
20.484139 -0.004209
20.489140 -0.004460
20.494141 -0.004798
20.499142 -0.004848
20.504143 -0.004754
20.509144 -0.004710
20.514145 -0.004435
20.519146 -0.003859
20.524147 -0.003289
20.529148 -0.002644
20.534149 -0.001867
20.539150 -0.001110
20.544151 -0.000421
20.549152 0.000268
20.554153 0.000988
20.559154 0.001545
20.564155 0.001940
20.569156 0.002178
20.574157 0.002265
20.579158 0.002259
20.584159 0.002215
20.589160 0.001990
20.594161 0.001627
20.599162 0.001270
20.604163 0.000838
20.609164 0.000450
20.614165 0.000061
20.619166 -0.000158
20.624167 -0.000271
20.629168 -0.000615
20.634169 -0.000840
20.639170 -0.000897
20.644171 -0.000840
20.649172 -0.000765
20.654173 -0.000765
20.659174 -0.000565
20.664175 -0.000627
20.669176 -0.000872
20.674177 -0.000890
20.679178 -0.000884
20.684179 -0.000834
20.689180 -0.000884
20.694181 -0.000884
20.699182 -0.000847
20.704184 -0.000796
20.709185 -0.000790
20.714186 -0.000834
20.719187 -0.000659
20.724188 -0.000659
20.729189 -0.000577
20.734190 -0.000471
20.739191 -0.000471
20.744192 -0.000252
20.749193 -0.000208
20.754194 -0.000145
20.759195 0.000180
20.764196 0.000556
20.769197 0.000832
20.774198 0.001082
20.779199 0.001445
20.784200 0.001740
20.789201 0.001859
20.794202 0.001965
20.799203 0.002241
20.804204 0.002272
20.809205 0.002222
20.814206 0.002372
20.819207 0.002441
20.824208 0.002597
20.829209 0.002610
20.834210 0.002466
20.839211 0.002723
20.844212 0.002986
20.849213 0.002879
20.854214 0.002936
20.859215 0.002936
20.864216 0.002641
20.869217 0.002416
20.874218 0.002009
20.879219 0.001502
20.884220 0.000982
20.889221 0.000375
20.894222 -0.000170
20.899223 -0.000727
20.904224 -0.001235
20.909225 -0.001735
20.914226 -0.002186
20.919227 -0.002593
20.924228 -0.002894
20.929229 -0.003188
20.934230 -0.003501
20.939231 -0.003489
20.944232 -0.003414
20.949233 -0.003564
20.954234 -0.003658
20.959235 -0.003639
20.964236 -0.003545
20.969237 -0.003514
20.974238 -0.003689
20.979239 -0.003683
20.984240 -0.003558
20.989241 -0.003457
20.994242 -0.003282
20.999243 -0.003000
21.004244 -0.002587
21.009245 -0.002180
21.014246 -0.001554
21.019247 -0.000827
21.024248 -0.000333
21.029249 -0.000026
21.034250 0.000243
21.039251 0.000450
21.044252 0.000563
21.049253 0.000713
21.054254 0.000694
21.059255 0.000832
21.064256 0.001158
21.069257 0.001289
21.074258 0.001533
21.079259 0.001878
21.084260 0.002235
21.089261 0.002548
21.094262 0.002798
21.099263 0.003017
21.104264 0.003155
21.109265 0.003030
21.114266 0.002742
21.119267 0.002698
21.124268 0.002535
21.129269 0.001984
21.134270 0.001458
21.139271 0.001289
21.144272 0.000976
21.149273 0.000544
21.154274 0.000250
21.159275 0.000074
21.164276 0.000006
21.169277 -0.000320
21.174278 -0.000527
21.179280 -0.000370
21.184281 -0.000257
21.189282 -0.000276
21.194283 -0.000132
21.199284 0.000068
21.204285 0.000375
21.209286 0.000569
21.214287 0.000488
21.219288 0.000663
21.224289 0.000594
21.229290 0.000475
21.234291 0.000475
21.239292 0.000256
21.244293 0.000312
21.249294 0.000118
21.254295 -0.000095
21.259296 0.000100
21.264297 -0.000051
21.269298 -0.000270
21.274299 -0.000251
21.279300 -0.000339
21.284301 -0.000364
21.289302 -0.000545
21.294303 -0.000777
21.299304 -0.000708
21.304305 -0.000746
21.309306 -0.000664
21.314307 -0.000620
21.319308 -0.000652
21.324309 -0.000426
21.329310 -0.000514
21.334311 -0.000658
21.339312 -0.000583
21.344313 -0.000439
21.349314 -0.000232
21.354315 -0.000007
21.359316 0.000369
21.364317 0.000688
21.369318 0.000857
21.374319 0.000989
21.379320 0.001189
21.384321 0.001246
21.389322 0.001008
21.394323 0.000895
21.399324 0.000619
21.404325 0.000144
21.409326 -0.000426
21.414327 -0.001128
21.419328 -0.001516
21.424329 -0.001848
21.429330 -0.002273
21.434331 -0.002449
21.439332 -0.002574
21.444333 -0.002593
21.449334 -0.002486
21.454335 -0.002442
21.459336 -0.002136
21.464337 -0.001785
21.469338 -0.001491
21.474339 -0.001034
21.479340 -0.000771
21.484341 -0.000470
21.489342 -0.000088
21.494343 0.000169
21.499344 0.000507
21.504345 0.000676
21.509346 0.000544
21.514347 0.000513
21.519348 0.000632
21.524349 0.000645
21.529350 0.000513
21.534351 0.000501
21.539352 0.000745
21.544353 0.000883
21.549354 0.000707
21.554355 0.000588
21.559356 0.000601
21.564357 0.000645
21.569358 0.000714
21.574359 0.000776
21.579360 0.001027
21.584361 0.001227
21.589362 0.001102
21.594363 0.000958
21.599364 0.000714
21.604365 0.000426
21.609366 0.000094
21.614367 -0.000307
21.619368 -0.000670
21.624369 -0.000965
21.629370 -0.001309
21.634371 -0.001772
21.639372 -0.002067
21.644373 -0.002279
21.649374 -0.002536
21.654376 -0.002661
21.659377 -0.002423
21.664378 -0.002054
21.669379 -0.001647
21.674380 -0.000939
21.679381 -0.000213
21.684382 0.000557
21.689383 0.001152
21.694384 0.001565
21.699385 0.002204
21.704386 0.002686
21.709387 0.003137
21.714388 0.003488
21.719389 0.003801
21.724390 0.004051
21.729391 0.003863
21.734392 0.003600
21.739393 0.003243
21.744394 0.002861
21.749395 0.002292
21.754396 0.001678
21.759397 0.001290
21.764398 0.000801
21.769399 0.000319
21.774400 -0.000238
21.779401 -0.000695
21.784402 -0.000971
21.789403 -0.001353
21.794404 -0.001628
21.799405 -0.001772
21.804406 -0.001766
21.809407 -0.001709
21.814408 -0.001584
21.819409 -0.001215
21.824410 -0.000895
21.829411 -0.000539
21.834412 -0.000263
21.839413 -0.000038
21.844414 0.000445
21.849415 0.000739
21.854416 0.001052
21.859417 0.001497
21.864418 0.001828
21.869419 0.001954
21.874420 0.001960
21.879421 0.002004
21.884422 0.001916
21.889423 0.001647
21.894424 0.001209
21.899425 0.000914
21.904426 0.000632
21.909427 0.000088
21.914428 -0.000507
21.919429 -0.001096
21.924430 -0.001465
21.929431 -0.001584
21.934432 -0.001791
21.939433 -0.001897
21.944434 -0.001628
21.949435 -0.001334
21.954436 -0.001202
21.959437 -0.001089
21.964438 -0.000939
21.969439 -0.000839
21.974440 -0.000826
21.979441 -0.000732
21.984442 -0.000870
21.989443 -0.001158
21.994444 -0.001233
21.999445 -0.001484
22.004446 -0.001828
22.009447 -0.002097
22.014448 -0.002260
22.019449 -0.002260
22.024450 -0.002204
22.029451 -0.001903
22.034452 -0.001540
22.039453 -0.001121
22.044454 -0.000557
22.049455 0.000013
22.054456 0.000514
22.059457 0.001096
22.064458 0.001660
22.069459 0.002054
22.074460 0.002373
22.079461 0.002611
22.084462 0.002724
22.089463 0.002499
22.094464 0.002267
22.099465 0.002186
22.104466 0.001985
22.109467 0.001703
22.114468 0.001372
22.119469 0.001184
22.124470 0.000902
22.129472 0.000526
22.134473 0.000363
22.139474 0.000201
22.144475 0.000126
22.149476 -0.000018
22.154477 -0.000144
22.159478 -0.000044
22.164479 -0.000050
22.169480 -0.000050
22.174481 0.000019
22.179482 0.000163
22.184483 0.000213
22.189484 0.000088
22.194485 0.000063
22.199486 0.000069
22.204487 0.000076
22.209488 -0.000094
22.214489 -0.000338
22.219490 -0.000363
22.224491 -0.000413
22.229492 -0.000607
22.234493 -0.000801
22.239494 -0.000764
22.244495 -0.000682
22.249496 -0.000745
22.254497 -0.000701
22.259498 -0.000526
22.264499 -0.000344
22.269500 -0.000369
22.274501 -0.000382
22.279502 -0.000156
22.284503 -0.000093
22.289504 -0.000244
22.294505 -0.000112
22.299506 0.000069
22.304507 0.000076
22.309508 0.000132
22.314509 0.000119
22.319510 0.000376
22.324511 0.000533
22.329512 0.000433
22.334513 0.000671
22.339514 0.000890
22.344515 0.000965
22.349516 0.000940
22.354517 0.000896
22.359518 0.001040
22.364519 0.001046
22.369520 0.000777
22.374521 0.000620
22.379522 0.000326
22.384523 -0.000200
22.389524 -0.000607
22.394525 -0.000807
22.399526 -0.000932
22.404527 -0.001271
22.409528 -0.001721
22.414529 -0.001972
22.419530 -0.002059
22.424531 -0.002341
22.429532 -0.002629
22.434533 -0.002729
22.439534 -0.002836
22.444535 -0.002798
22.449536 -0.002729
22.454537 -0.002648
22.459538 -0.002297
22.464539 -0.001972
22.469540 -0.001715
22.474541 -0.001283
22.479542 -0.001020
22.484543 -0.000795
22.489544 -0.000550
22.494545 -0.000319
22.499546 -0.000074
22.504547 -0.000037
22.509548 0.000007
22.514549 -0.000074
22.519550 -0.000093
22.524551 -0.000043
22.529552 -0.000131
22.534553 0.000020
22.539554 0.000295
22.544555 0.000577
22.549556 0.000859
22.554557 0.001272
22.559558 0.001879
22.564559 0.002562
22.569560 0.003107
22.574561 0.003651
22.579562 0.004396
22.584563 0.004829
22.589564 0.004935
22.594565 0.005160
22.599566 0.005261
22.604568 0.005092
22.609569 0.004747
22.614570 0.004102
22.619571 0.003326
22.624572 0.002750
22.629573 0.002117
22.634574 0.001391
22.639575 0.000859
22.644576 0.000276
22.649577 -0.000356
22.654578 -0.000863
22.659579 -0.001201
22.664580 -0.001339
22.669581 -0.001489
22.674582 -0.001571
22.679583 -0.001658
22.684584 -0.001677
22.689585 -0.001727
22.694586 -0.001890
22.699587 -0.001915
22.704588 -0.001997
22.709589 -0.002216
22.714590 -0.002491
22.719591 -0.002529
22.724592 -0.002648
22.729593 -0.002748
22.734594 -0.002735
22.739595 -0.002823
22.744596 -0.002710
22.749597 -0.002779
22.754598 -0.002685
22.759599 -0.002472
22.764600 -0.002316
22.769601 -0.001946
22.774602 -0.001652
22.779603 -0.001164
22.784604 -0.000619
22.789605 -0.000287
22.794606 -0.000062
22.799607 0.000489
22.804608 0.001103
22.809609 0.001316
22.814610 0.001679
22.819611 0.002136
22.824612 0.002449
22.829613 0.002612
22.834614 0.002593
22.839615 0.002631
22.844616 0.002499
22.849617 0.002143
22.854618 0.001905
22.859619 0.001604
22.864620 0.001197
22.869621 0.000746
22.874622 0.000289
22.879623 0.000051
22.884624 -0.000268
22.889625 -0.000556
22.894626 -0.000619
22.899627 -0.000694
22.904628 -0.000537
22.909629 -0.000375
22.914630 -0.000199
22.919631 0.000133
22.924632 0.000371
22.929633 0.000577
22.934634 0.000634
22.939635 0.000590
22.944636 0.000609
22.949637 0.000540
22.954638 0.000270
22.959639 0.000183
22.964640 0.000183
22.969641 -0.000249
22.974642 -0.000537
22.979643 -0.000763
22.984644 -0.001182
22.989645 -0.001477
22.994646 -0.001815
22.999647 -0.001940
23.004648 -0.002034
23.009649 -0.002228
23.014650 -0.002140
23.019651 -0.002046
23.024652 -0.001890
23.029653 -0.001558
23.034654 -0.001251
23.039655 -0.000769
23.044656 -0.000312
23.049657 0.000133
23.054658 0.000640
23.059659 0.001047
23.064660 0.001492
23.069661 0.001911
23.074662 0.002224
23.079664 0.002418
23.084665 0.002575
23.089666 0.002612
23.094667 0.002412
23.099668 0.002086
23.104669 0.001892
23.109670 0.001573
23.114671 0.001028
23.119672 0.000577
23.124673 0.000189
23.129674 -0.000193
23.134675 -0.000606
23.139676 -0.000744
23.144677 -0.000794
23.149678 -0.000763
23.154679 -0.000681
23.159680 -0.000687
23.164681 -0.000424
23.169682 -0.000280
23.174683 -0.000118
23.179684 0.000170
23.184685 0.000289
23.189686 0.000433
23.194687 0.000490
23.199688 0.000490
23.204689 0.000590
23.209690 0.000634
23.214691 0.000578
23.219692 0.000434
23.224693 0.000233
23.229694 0.000120
23.234695 -0.000086
23.239696 -0.000274
23.244697 -0.000431
23.249698 -0.000750
23.254699 -0.000944
23.259700 -0.001025
23.264701 -0.001063
23.269702 -0.001094
23.274703 -0.001144
23.279704 -0.001063
23.284705 -0.000931
23.289706 -0.000888
23.294707 -0.000831
23.299708 -0.000731
23.304709 -0.000706
23.309710 -0.000687
23.314711 -0.000750
23.319712 -0.000787
23.324713 -0.000844
23.329714 -0.000925
23.334715 -0.000888
23.339716 -0.001007
23.344717 -0.001094
23.349718 -0.000994
23.354719 -0.000938
23.359720 -0.000675
23.364721 -0.000255
23.369722 0.000027
23.374723 0.000528
23.379724 0.001066
23.384725 0.001542
23.389726 0.001855
23.394727 0.001930
23.399728 0.002168
23.404729 0.002312
23.409730 0.002369
23.414731 0.002344
23.419732 0.002344
23.424733 0.002356
23.429734 0.002131
23.434735 0.001943
23.439736 0.001717
23.444737 0.001317
23.449738 0.001010
23.454739 0.000797
23.459740 0.000409
23.464741 0.000133
23.469742 -0.000149
23.474743 -0.000524
23.479744 -0.000631
23.484745 -0.000668
23.489746 -0.000762
23.494747 -0.000750
23.499748 -0.000462
23.504749 -0.000211
23.509750 -0.000055
23.514751 0.000127
23.519752 0.000396
23.524753 0.000628
23.529754 0.000634
23.534755 0.000778
23.539756 0.000872
23.544757 0.000841
23.549758 0.000628
23.554759 0.000365
23.559761 0.000196
23.564762 -0.000155
23.569763 -0.000487
23.574764 -0.000850
23.579765 -0.001094
23.584766 -0.001269
23.589767 -0.001614
23.594768 -0.001776
23.599769 -0.001883
23.604770 -0.001996
23.609771 -0.002052
23.614772 -0.002064
23.619773 -0.001852
23.624774 -0.001626
23.629775 -0.001582
23.634776 -0.001445
23.639777 -0.001119
23.644778 -0.000862
23.649779 -0.000806
23.654780 -0.000637
23.659781 -0.000336
23.664782 -0.000130
23.669783 -0.000105
23.674784 -0.000061
23.679785 0.000171
23.684786 0.000133
23.689787 -0.000211
23.694788 -0.000386
23.699789 -0.000574
23.704790 -0.000812
23.709791 -0.000987
23.714792 -0.001232
23.719793 -0.001325
23.724794 -0.001357
23.729795 -0.001469
23.734796 -0.001407
23.739797 -0.001244
23.744798 -0.001125
23.749799 -0.000925
23.754800 -0.000674
23.759801 -0.000217
23.764802 0.000240
23.769803 0.000440
23.774804 0.000948
23.779805 0.001398
23.784806 0.001649
23.789807 0.001993
23.794808 0.002075
23.799809 0.002093
23.804810 0.002043
23.809811 0.001874
23.814812 0.001724
23.819813 0.001524
23.824814 0.001248
23.829815 0.000885
23.834816 0.000616
23.839817 0.000516
23.844818 0.000415
23.849819 0.000303
23.854820 0.000240
23.859821 0.000409
23.864822 0.000666
23.869823 0.000716
23.874824 0.000873
23.879825 0.000910
23.884826 0.000998
23.889827 0.001154
23.894828 0.001060
23.899829 0.001035
23.904830 0.000848
23.909831 0.000691
23.914832 0.000372
23.919833 0.000165
23.924834 0.000121
23.929835 -0.000323
23.934836 -0.000705
23.939837 -0.001000
23.944838 -0.000918
23.949839 -0.000981
23.954840 -0.001281
23.959841 -0.001050
23.964842 -0.000868
23.969843 -0.000818
23.974844 -0.000649
23.979845 -0.000430
23.984846 -0.000123
23.989847 0.000090
23.994848 0.000315
23.999849 0.000885
24.004850 0.001330
24.009851 0.001461
24.014852 0.001781
24.019853 0.001931
24.024854 0.001893
24.029855 0.001912
24.034857 0.001687
24.039858 0.001568
24.044859 0.001367
24.049860 0.001079
24.054861 0.000810
24.059862 0.000384
24.064863 0.000002
24.069864 -0.000455
24.074865 -0.000818
24.079866 -0.001075
24.084867 -0.001363
24.089868 -0.001701
24.094869 -0.001958
24.099870 -0.002058
24.104871 -0.002076
24.109872 -0.001957
24.114873 -0.002001
24.119874 -0.001945
24.124875 -0.001763
24.129876 -0.001782
24.134877 -0.001751
24.139878 -0.001676
24.144879 -0.001594
24.149880 -0.001582
24.154881 -0.001669
24.159882 -0.001569
24.164883 -0.001463
24.169884 -0.001601
24.174885 -0.001782
24.179886 -0.001945
24.184887 -0.001882
24.189888 -0.001795
24.194889 -0.001857
24.199890 -0.001544
24.204891 -0.001350
24.209892 -0.001262
24.214893 -0.000962
24.219894 -0.000667
24.224895 -0.000154
24.229896 0.000190
24.234897 0.000472
24.239898 0.001023
24.244899 0.001436
24.249900 0.001674
24.254901 0.001906
24.259902 0.002132
24.264903 0.002438
24.269904 0.002532
24.274905 0.002382
24.279906 0.002363
24.284907 0.002175
24.289908 0.001937
24.294909 0.001637
24.299910 0.001261
24.304911 0.001048
24.309912 0.000942
24.314913 0.000767
24.319914 0.000378
24.324915 0.000266
24.329916 0.000165
24.334917 0.000034
24.339918 0.000122
24.344919 0.000159
24.349920 0.000134
24.354921 0.000122
24.359922 0.000191
24.364923 0.000259
24.369924 0.000328
24.374925 0.000397
24.379926 0.000541
24.384927 0.000810
24.389928 0.000936
24.394929 0.000929
24.399930 0.001098
24.404931 0.001186
24.409932 0.001117
24.414933 0.001124
24.419934 0.001205
24.424935 0.001255
24.429936 0.001180
24.434937 0.000992
24.439938 0.000666
24.444939 0.000422
24.449940 0.000065
24.454941 -0.000266
24.459942 -0.000461
24.464943 -0.000711
24.469944 -0.000843
24.474945 -0.001118
24.479946 -0.001256
24.484947 -0.001137
24.489948 -0.001106
24.494949 -0.001181
24.499950 -0.001055
24.504951 -0.000792
24.509953 -0.000799
24.514954 -0.000586
24.519955 -0.000185
24.524956 0.000022
24.529957 0.000134
24.534958 0.000134
24.539959 0.000184
24.544960 0.000379
24.549961 0.000397
24.554962 0.000379
24.559963 0.000485
24.564964 0.000523
24.569965 0.000504
24.574966 0.000566
24.579967 0.000729
24.584968 0.000704
24.589969 0.000585
24.594970 0.000623
24.599971 0.000516
24.604972 0.000310
24.609973 0.000222
24.614974 -0.000010
24.619975 -0.000266
24.624976 -0.000404
24.629977 -0.000792
24.634978 -0.001224
24.639979 -0.001437
24.644980 -0.001788
24.649981 -0.002057
24.654982 -0.002189
24.659983 -0.002289
24.664984 -0.002138
24.669985 -0.002082
24.674986 -0.002076
24.679987 -0.001825
24.684988 -0.001587
24.689989 -0.001406
24.694990 -0.001093
24.699991 -0.000880
24.704992 -0.000636
24.709993 -0.000404
24.714994 -0.000373
24.719995 -0.000185
24.724996 -0.000035
24.729997 0.000141
24.734998 0.000166
24.739999 0.000316
24.745000 0.000579
