0.000000 0.000000
0.005001 -0.000032
0.010002 -0.000377
0.015003 0.001616
0.020004 -0.001603
0.025005 -0.000636
0.030006 0.003299
0.035007 -0.000636
0.040008 -0.000832
0.045009 -0.000446
0.050010 0.001214
0.055011 -0.000356
0.060012 -0.001469
0.065013 0.002535
0.070014 0.000731
0.075015 -0.002171
0.080016 0.000920
0.085017 0.000165
0.090018 0.000064
0.095019 0.002844
0.100020 -0.002487
0.105021 -0.000962
0.110022 0.002812
0.115023 0.000970
0.120024 -0.002948
0.125025 0.001099
0.130026 0.001084
0.135027 -0.000648
0.140028 0.001217
0.145029 -0.002290
0.150030 0.003076
0.155031 -0.001053
0.160032 -0.001084
0.165033 0.002506
0.170034 -0.001185
0.175035 0.002456
0.180036 -0.000892
0.185037 -0.001453
0.190038 0.001727
0.195039 -0.000689
0.200040 0.001548
0.205041 0.000621
0.210042 -0.001128
0.215043 0.000712
0.220044 -0.001008
0.225045 0.000630
0.230046 0.001445
0.235047 -0.000678
0.240048 -0.001122
0.245049 0.000113
0.250050 0.000433
0.255051 0.000515
0.260052 -0.000442
0.265053 0.000581
0.270054 0.001115
0.275055 -0.002175
0.280056 0.000048
0.285057 0.000014
0.290058 0.001113
0.295059 -0.000152
0.300060 -0.000909
0.305061 0.001019
0.310062 -0.001167
0.315063 0.001001
0.320064 -0.000728
0.325065 0.000083
0.330066 0.001357
0.335067 -0.000068
0.340068 -0.001263
0.345069 -0.002127
0.350070 0.002896
0.355071 -0.000003
0.360072 -0.000963
0.365073 0.000460
0.370074 -0.000778
0.375075 0.001156
0.380076 -0.002160
0.385077 0.000730
0.390078 0.001527
0.395079 -0.001398
0.400080 0.000048
0.405081 -0.000139
0.410082 -0.000183
0.415083 0.000972
0.420084 0.000755
0.425085 -0.003186
0.430086 0.001673
0.435087 0.001103
0.440088 -0.001592
0.445089 0.001784
0.450090 -0.001317
0.455091 0.000329
0.460092 -0.000076
0.465093 -0.000843
0.470094 0.000782
0.475095 0.000139
0.480096 -0.000074
0.485097 -0.001985
0.490098 0.001697
0.495099 0.000974
0.500100 -0.001871
0.505101 0.000806
0.510102 -0.000314
0.515103 0.000337
0.520104 0.000263
0.525105 -0.000732
0.530106 -0.000031
0.535107 0.001589
0.540108 -0.000712
0.545109 -0.001196
0.550110 0.002075
0.555111 -0.000405
0.560112 -0.000432
0.565113 -0.000372
0.570114 0.000070
0.575115 0.000741
0.580116 0.001099
0.585117 -0.000986
0.590118 -0.000945
0.595119 0.000956
0.600120 -0.001408
0.605121 0.001749
0.610122 -0.000854
0.615123 -0.001219
0.620124 0.000946
0.625125 -0.000476
0.630126 0.001819
0.635127 -0.000838
0.640128 -0.000619
0.645129 0.000511
0.650130 -0.000604
0.655131 0.001649
0.660132 -0.000645
0.665133 -0.001075
0.670134 0.001773
0.675135 -0.000538
0.680136 -0.001130
0.685137 0.000473
0.690138 0.001803
0.695139 -0.001970
0.700140 -0.000959
0.705141 0.002230
0.710142 -0.000603
0.715143 -0.000197
0.720144 0.000406
0.725145 0.001029
0.730146 -0.000801
0.735147 -0.000222
0.740148 -0.000760
0.745149 0.000607
0.750150 0.000631
0.755151 -0.000260
0.760152 0.001892
0.765153 -0.002749
0.770154 0.001121
0.775155 0.001467
0.780156 -0.001897
0.785157 0.001122
0.790158 0.000582
0.795159 -0.000539
0.800160 0.000487
0.805161 0.001118
0.810162 -0.001786
0.815163 -0.000084
0.820164 0.001181
0.825165 0.000459
0.830166 -0.000328
0.835167 -0.000446
0.840168 0.001478
0.845169 -0.001619
0.850170 0.000657
0.855171 0.000670
0.860172 -0.000905
0.865173 0.000735
0.870174 -0.000485
0.875175 0.000842
0.880176 -0.001210
0.885177 0.000378
0.890178 0.000841
0.895179 -0.000804
0.900180 0.000967
0.905181 0.000055
0.910182 -0.000208
0.915183 0.000124
0.920184 -0.000445
0.925185 0.000378
0.930186 0.000974
0.935187 -0.000453
0.940188 0.001822
0.945189 -0.001119
0.950190 -0.000258
0.955191 0.001439
0.960192 -0.001938
0.965193 0.001565
0.970194 0.000440
0.975195 -0.000026
0.980196 -0.000591
0.985197 -0.000364
0.990198 0.002146
0.995199 -0.000280
1.000200 -0.001679
1.005201 0.000797
1.010202 0.001060
1.015203 -0.000071
1.020204 -0.000289
1.025205 0.000328
1.030206 0.002460
1.035207 -0.001338
1.040208 -0.001425
1.045209 0.002150
1.050210 0.001460
1.055211 -0.001564
1.060212 0.000823
1.065213 0.000796
1.070214 -0.001367
1.075215 0.003085
1.080216 -0.001876
1.085217 -0.000143
1.090218 0.002181
1.095219 -0.001906
1.100220 0.000973
1.105221 -0.000411
1.110222 -0.000291
1.115223 0.001748
1.120224 0.000477
1.125225 -0.001850
1.130226 -0.000016
1.135228 0.001470
1.140229 -0.001454
1.145230 0.000694
1.150231 0.000463
1.155232 -0.001239
1.160233 0.000942
1.165234 0.000568
1.170235 -0.001052
1.175236 0.000951
1.180237 0.000888
1.185238 -0.000891
1.190239 0.001484
1.195240 -0.001036
1.200241 -0.000502
1.205242 0.001525
1.210243 -0.000290
1.215244 0.000496
1.220245 -0.000080
1.225246 0.000211
1.230247 0.000040
1.235248 0.000270
1.240249 -0.000226
1.245250 -0.000489
1.250251 0.001410
1.255252 0.000077
1.260253 -0.000576
1.265254 0.000088
1.270255 -0.000186
1.275256 0.001311
1.280257 -0.001021
1.285258 0.001018
1.290259 0.001873
1.295260 -0.002725
1.300261 0.001434
1.305262 -0.000929
1.310263 0.000202
1.315264 0.001972
1.320265 -0.001577
1.325266 0.001006
1.330267 -0.001109
1.335268 -0.000187
1.340269 0.002648
1.345270 -0.000509
1.350271 -0.002608
1.355272 0.002848
1.360273 -0.000580
1.365274 -0.001224
1.370275 0.003789
1.375276 -0.003155
1.380277 0.000990
1.385278 0.002113
1.390279 -0.001489
1.395280 0.001198
1.400281 0.000089
1.405282 -0.001344
1.410283 0.000711
1.415284 0.001271
1.420285 -0.002131
1.425286 0.001628
1.430287 0.000818
1.435288 -0.000930
1.440289 -0.000164
1.445290 0.000145
1.450291 0.002209
1.455292 -0.002334
1.460293 0.001158
1.465294 0.000680
1.470295 -0.001754
1.475296 0.001824
1.480297 -0.000921
1.485298 0.001609
1.490299 0.000179
1.495300 -0.000855
1.500301 0.000948
1.505302 -0.000966
1.510303 0.000919
1.515304 -0.000096
1.520305 -0.001060
1.525306 0.000743
1.530307 0.001400
1.535308 -0.000220
1.540309 -0.000179
1.545310 0.000006
1.550311 -0.000056
1.555312 0.000365
1.560313 -0.000899
1.565314 0.001071
1.570315 0.001034
1.575316 -0.001066
1.580317 0.000497
1.585318 0.000733
1.590319 -0.000883
1.595320 0.002240
1.600321 -0.000651
1.605322 -0.001627
1.610323 0.002734
1.615324 -0.000888
1.620325 0.000241
1.625326 0.001426
1.630327 0.000677
1.635328 -0.001501
1.640329 -0.000487
1.645330 0.001722
1.650331 -0.001237
1.655332 0.001960
1.660333 0.000781
1.665334 -0.001746
1.670335 0.000655
1.675336 0.001382
1.680337 -0.001916
1.685338 0.000292
1.690339 0.002601
1.695340 -0.001213
1.700341 0.000435
1.705342 -0.000065
1.710343 0.001087
1.715344 -0.000796
1.720345 0.000512
1.725346 0.000878
1.730347 -0.002377
1.735348 0.002895
1.740349 -0.000567
1.745350 0.000379
1.750351 0.000561
1.755352 -0.001213
1.760353 0.001525
1.765354 -0.001493
1.770355 0.001634
1.775356 0.000853
1.780357 -0.001093
1.785358 0.000721
1.790359 0.000131
1.795360 -0.000793
1.800361 -0.000192
1.805362 0.001564
1.810363 -0.001737
1.815364 0.002194
1.820365 -0.000430
1.825366 -0.001687
1.830367 0.003536
1.835368 -0.002302
1.840369 -0.000079
1.845370 0.000244
1.850371 0.001163
1.855372 -0.000405
1.860373 -0.000723
1.865374 0.002199
1.870375 -0.002551
1.875376 0.002461
1.880377 0.000589
1.885378 -0.001928
1.890379 0.002097
1.895380 0.000230
1.900381 -0.001646
1.905382 0.001483
1.910383 0.000723
1.915384 -0.001512
1.920385 0.002247
1.925386 -0.002375
1.930387 0.000141
1.935388 0.001848
1.940389 -0.003004
1.945390 0.001737
1.950391 0.001391
1.955392 -0.001859
1.960393 0.000439
1.965394 0.000413
1.970395 -0.000160
1.975396 0.001029
1.980397 -0.001043
1.985398 0.000835
1.990399 -0.000156
1.995400 0.000555
2.000401 -0.000241
2.005402 -0.000486
2.010403 0.003102
2.015404 -0.001964
2.020405 0.001295
2.025406 -0.001026
2.030407 -0.000515
2.035408 0.002582
2.040409 -0.002201
2.045410 0.000506
2.050411 -0.000319
2.055412 0.000805
2.060413 0.000036
2.065414 -0.001326
2.070415 0.001751
2.075416 -0.000823
2.080417 -0.001174
2.085418 0.001670
2.090419 0.000273
2.095420 -0.000716
2.100421 -0.000190
2.105422 0.000571
2.110423 0.001610
2.115424 0.000059
2.120425 -0.001117
2.125426 -0.001231
2.130427 0.002261
2.135428 0.000057
2.140429 -0.001629
2.145430 0.001959
2.150431 -0.001268
2.155432 -0.000175
2.160433 -0.000716
2.165434 0.001116
2.170435 0.001073
2.175436 -0.002222
2.180437 0.001459
2.185438 -0.001492
2.190439 0.000398
2.195440 0.000473
2.200441 -0.001897
2.205442 0.001735
2.210443 0.000171
2.215444 0.000896
2.220445 -0.001270
2.225446 -0.000455
2.230447 0.002503
2.235448 -0.002535
2.240449 0.001931
2.245450 0.000490
2.250451 -0.001782
2.255452 0.003325
2.260453 -0.002887
2.265454 -0.000957
2.270455 0.001507
2.275456 0.000635
2.280457 -0.000007
2.285458 -0.002826
2.290459 0.002471
2.295460 0.000340
2.300461 -0.000687
2.305462 0.000804
2.310463 -0.001961
2.315464 0.001045
2.320465 -0.000028
2.325466 -0.001281
2.330467 0.002297
2.335468 -0.001934
2.340469 -0.001820
2.345470 0.002364
2.350471 -0.001306
2.355472 -0.000117
2.360473 0.000778
2.365474 -0.000893
2.370475 -0.001036
2.375476 0.001099
2.380477 0.000513
2.385478 -0.001244
2.390479 0.000196
2.395480 -0.000390
2.400481 0.000059
2.405482 -0.002246
2.410483 0.000888
2.415484 0.002630
2.420485 -0.002007
2.425486 -0.001183
2.430487 0.001745
2.435488 -0.000243
2.440489 -0.000855
2.445490 0.000935
2.450491 -0.002200
2.455492 0.001544
2.460493 0.001239
2.465494 -0.001870
2.470495 0.000952
2.475496 -0.000160
2.480497 -0.000458
2.485498 0.000095
2.490499 0.000130
2.495500 0.000168
2.500501 -0.000052
2.505502 -0.000699
2.510503 0.000158
2.515504 0.000349
2.520505 -0.001271
2.525506 0.000388
2.530507 0.000508
2.535508 0.000273
2.540509 -0.000151
2.545510 -0.001262
2.550511 0.003146
2.555512 -0.001286
2.560513 -0.001011
2.565514 0.002954
2.570515 -0.002507
2.575516 -0.000142
2.580517 0.001969
2.585518 0.001216
2.590519 -0.001641
2.595520 0.001169
2.600521 0.000346
2.605522 -0.001922
2.610523 0.003048
2.615524 -0.001494
2.620525 0.000210
2.625526 0.001786
2.630527 -0.001819
2.635528 0.001023
2.640529 0.000894
2.645530 -0.001412
2.650531 0.000761
2.655532 0.000837
2.660533 -0.001539
2.665534 0.000893
2.670535 0.001667
2.675536 0.000690
2.680537 -0.000938
2.685538 -0.000838
2.690539 0.001679
2.695540 -0.000369
2.700541 -0.000195
2.705542 0.000070
2.710543 0.000507
2.715544 0.000816
2.720545 -0.001658
2.725546 0.001812
2.730547 -0.000056
2.735548 -0.000663
2.740549 0.000982
2.745550 -0.001630
2.750551 0.001405
2.755552 -0.000552
2.760553 0.000099
2.765554 0.000703
2.770555 0.000016
2.775556 0.000524
2.780557 -0.002117
2.785558 0.001184
2.790559 -0.000857
2.795560 0.000725
2.800561 0.001067
2.805562 -0.000656
2.810563 0.000618
2.815564 -0.001265
2.820565 0.002085
2.825566 -0.002001
2.830567 -0.000307
2.835568 0.003671
2.840569 -0.002045
2.845570 -0.000785
2.850571 0.001219
2.855572 0.000532
2.860573 -0.000660
2.865574 -0.000003
2.870575 0.000900
2.875576 -0.000829
2.880577 0.000797
2.885578 0.000266
2.890579 -0.000691
2.895580 -0.000313
2.900581 -0.000106
2.905582 0.001377
2.910583 -0.000395
2.915584 0.001213
2.920585 -0.000371
2.925586 -0.002261
2.930587 0.002578
2.935588 0.000658
2.940589 -0.001875
2.945590 0.000389
2.950591 0.001852
2.955592 -0.000574
2.960593 -0.001411
2.965594 0.001688
2.970595 -0.000740
2.975596 0.000172
2.980597 0.000073
2.985598 -0.001636
2.990599 0.001688
2.995600 -0.000288
3.000601 0.001862
3.005602 0.000150
3.010603 -0.002029
3.015604 0.002916
3.020605 -0.000865
3.025606 -0.000070
3.030607 0.001829
3.035608 -0.001387
3.040609 0.000366
3.045610 0.000039
3.050611 0.000080
3.055612 0.001524
3.060613 -0.000274
3.065614 -0.000578
3.070615 0.002336
3.075616 -0.001296
3.080617 -0.000607
3.085618 0.003487
3.090619 -0.001632
3.095620 0.001734
3.100621 -0.000913
3.105622 -0.001825
3.110623 0.004256
3.115624 -0.000653
3.120625 -0.000570
3.125626 0.000727
3.130627 -0.000387
3.135628 0.001699
3.140629 -0.000386
3.145630 -0.002746
3.150631 0.004199
3.155632 -0.000257
3.160633 -0.003014
3.165634 0.003491
3.170635 -0.000271
3.175636 -0.000629
3.180637 -0.000210
3.185638 0.001279
3.190639 0.000885
3.195640 -0.001628
3.200641 0.000416
3.205642 0.000503
3.210643 0.000138
3.215644 0.000492
3.220645 -0.001032
3.225646 -0.000278
3.230647 0.000326
3.235648 0.000053
3.240649 0.000834
3.245650 -0.000649
3.250651 0.001054
3.255652 -0.000147
3.260653 -0.000796
3.265654 0.000743
3.270655 0.001321
3.275656 0.000139
3.280657 -0.001278
3.285658 0.002076
3.290659 -0.000289
3.295660 0.000283
3.300661 -0.000390
3.305662 -0.001381
3.310663 0.002462
3.315664 -0.000366
3.320665 0.000338
3.325666 0.000423
3.330667 -0.000888
3.335668 0.002169
3.340669 -0.000849
3.345670 -0.000130
3.350671 0.000961
3.355672 -0.000861
3.360673 0.001954
3.365674 -0.000719
3.370675 0.001167
3.375676 0.001249
3.380677 -0.002450
3.385678 0.001781
3.390679 0.001643
3.395680 -0.001227
3.400681 0.000195
3.405683 0.000656
3.410684 -0.000491
3.415685 0.000810
3.420686 0.000932
3.425687 -0.001475
3.430688 0.000837
3.435689 0.001811
3.440690 -0.002097
3.445691 0.001947
3.450692 0.000726
3.455693 -0.001264
3.460694 0.000898
3.465695 -0.000259
3.470696 0.002650
3.475697 -0.001178
3.480698 0.000059
3.485699 0.000071
3.490700 0.000657
3.495701 0.001960
3.500702 -0.004459
3.505703 0.002340
3.510704 0.000255
3.515705 -0.000207
3.520706 0.002510
3.525707 -0.002689
3.530708 0.002535
3.535709 0.000235
3.540710 -0.001316
3.545711 0.000489
3.550712 0.000206
3.555713 0.001825
3.560714 -0.001388
3.565715 0.002376
3.570716 0.000710
3.575717 -0.002468
3.580718 0.001449
3.585719 0.001546
3.590720 0.001256
3.595721 -0.003268
3.600722 0.001953
3.605723 0.002060
3.610724 -0.002552
3.615725 0.001652
3.620726 -0.000384
3.625727 0.000742
3.630728 0.000231
3.635729 0.000488
3.640730 0.000347
3.645731 -0.000693
3.650732 0.000942
3.655733 0.000410
3.660734 0.000832
3.665735 0.000079
3.670736 0.001320
3.675737 -0.001243
3.680738 -0.000898
3.685739 0.001934
3.690740 0.000252
3.695741 -0.000558
3.700742 0.000569
3.705743 0.000399
3.710744 -0.001153
3.715745 0.002569
3.720746 -0.001312
3.725747 0.000095
3.730748 0.002444
3.735749 -0.001534
3.740750 0.001426
3.745751 -0.001523
3.750752 0.001387
3.755753 0.000802
3.760754 -0.001328
3.765755 0.001475
3.770756 0.000279
3.775757 0.000547
3.780758 -0.002406
3.785759 0.001516
3.790760 0.001246
3.795761 -0.001250
3.800762 0.001353
3.805763 -0.001005
3.810764 0.001222
3.815765 0.000667
3.820766 -0.001158
3.825767 0.000689
3.830768 -0.000017
3.835769 0.001402
3.840770 -0.000301
3.845771 -0.000863
3.850772 0.001435
3.855773 -0.000887
3.860774 0.001060
3.865775 0.000539
3.870776 -0.001419
3.875777 0.001273
3.880778 -0.000778
3.885779 0.000277
3.890780 0.001295
3.895781 -0.000352
3.900782 -0.001037
3.905783 0.000124
3.910784 0.002107
3.915785 -0.002265
3.920786 0.000826
3.925787 0.000532
3.930788 -0.000732
3.935789 0.003402
3.940790 -0.002690
3.945791 -0.000389
3.950792 0.001543
3.955793 -0.000674
3.960794 0.000427
3.965795 0.000634
3.970796 -0.000848
3.975797 -0.000192
3.980798 0.001663
3.985799 -0.001674
3.990800 0.001166
3.995801 0.000536
4.000802 -0.000883
4.005803 -0.000254
4.010804 0.000670
4.015805 0.001336
4.020806 -0.001658
4.025807 0.000784
4.030808 0.000909
4.035809 -0.000388
4.040810 -0.000711
4.045811 0.000186
4.050812 0.000565
4.055813 -0.000282
4.060814 0.000746
4.065815 -0.000745
4.070816 -0.000316
4.075817 0.001003
4.080818 -0.000112
4.085819 0.000029
4.090820 -0.000021
4.095821 0.000704
4.100822 -0.000744
4.105823 -0.001549
4.110824 0.001658
4.115825 0.001200
4.120826 -0.001557
4.125827 -0.000152
4.130828 0.000999
4.135829 -0.000565
4.140830 0.002160
4.145831 -0.001038
4.150832 -0.001530
4.155833 0.003046
4.160834 -0.000136
4.165835 0.000200
4.170836 -0.000001
4.175837 -0.001389
4.180838 0.001220
4.185839 0.001048
4.190840 -0.000920
4.195841 0.001405
4.200842 -0.000547
4.205843 -0.001022
4.210844 0.002346
4.215845 -0.000689
4.220846 -0.001005
4.225847 0.000621
4.230848 0.001222
4.235849 -0.000597
4.240850 -0.000190
4.245851 0.000990
4.250852 -0.000106
4.255853 -0.000062
4.260854 -0.000398
4.265855 0.000227
4.270856 -0.001369
4.275857 0.001363
4.280858 0.001155
4.285859 -0.002072
4.290860 0.002157
4.295861 0.000400
4.300862 -0.001380
4.305863 0.001037
4.310864 -0.000392
4.315865 0.000997
4.320866 -0.000073
4.325867 -0.000662
4.330868 0.001368
4.335869 -0.000409
4.340870 -0.000134
4.345871 -0.000434
4.350872 0.001376
4.355873 0.001112
4.360874 -0.001050
4.365875 0.000053
4.370876 0.001233
4.375877 0.000046
4.380878 -0.001935
4.385879 0.002462
4.390880 0.001368
4.395881 -0.001826
4.400882 0.001043
4.405883 0.001180
4.410884 -0.001270
4.415885 0.000938
4.420886 0.000926
4.425887 -0.000467
4.430888 0.001656
4.435889 -0.000394
4.440890 -0.000189
4.445891 -0.000254
4.450892 0.001232
4.455893 0.001240
4.460894 -0.001879
4.465895 0.000194
4.470896 0.001593
4.475897 0.000068
4.480898 -0.000415
4.485899 0.000204
4.490900 -0.000466
4.495901 0.000991
4.500902 -0.000723
4.505903 0.000146
4.510904 0.000900
4.515905 -0.000295
4.520906 0.001102
4.525907 -0.001330
4.530908 0.001465
4.535909 0.001015
4.540910 -0.000179
4.545911 0.000267
4.550912 -0.001843
4.555913 0.001383
4.560914 0.000450
4.565915 -0.000470
4.570916 0.000946
4.575917 -0.001211
4.580918 -0.000302
4.585919 0.001424
4.590920 0.000522
4.595921 -0.000298
4.600922 0.000310
4.605923 0.000465
4.610924 -0.000401
4.615925 0.003112
4.620926 -0.002060
4.625927 -0.001930
4.630928 0.003212
4.635929 -0.001419
4.640930 0.002130
4.645931 -0.000252
4.650932 0.001350
4.655933 0.000684
4.660934 -0.000639
4.665935 0.004493
4.670936 -0.001882
4.675937 -0.000698
4.680938 -0.001596
4.685939 0.001962
4.690940 0.002086
4.695941 -0.002822
4.700942 0.002299
4.705943 -0.001584
4.710944 -0.000500
4.715945 0.002204
4.720946 0.000377
4.725947 0.000906
4.730948 0.000728
4.735949 0.000147
4.740950 -0.000939
4.745951 0.000561
4.750952 0.000817
4.755953 -0.000877
4.760954 -0.000811
4.765955 0.001325
4.770956 0.001291
4.775957 -0.000341
4.780958 0.000891
4.785959 -0.000093
4.790960 -0.000954
4.795961 0.001876
4.800962 -0.001059
4.805963 -0.001173
4.810964 0.001724
4.815965 -0.001289
4.820966 0.000452
4.825967 0.001445
4.830968 -0.000840
4.835969 0.000711
4.840970 0.000563
4.845971 -0.000887
4.850972 -0.002242
4.855973 0.000047
4.860974 0.001513
4.865975 -0.002938
4.870976 -0.003427
4.875977 -0.000335
4.880978 0.000778
4.885979 0.002653
4.890980 0.006108
4.895981 0.003665
4.900982 0.003203
4.905983 0.003111
4.910984 0.004518
4.915985 0.006578
4.920986 0.002825
4.925987 0.003433
4.930988 -0.002173
4.935989 -0.006003
4.940990 -0.007693
4.945991 -0.007316
4.950992 -0.000769
4.955993 -0.003751
4.960994 -0.004038
4.965995 -0.002041
4.970996 -0.003103
4.975997 0.002033
4.980998 0.006313
4.985999 0.009696
4.991000 0.011038
4.996001 0.005677
5.001002 0.005190
5.006003 0.003294
5.011004 0.002980
5.016005 -0.000161
5.021006 -0.004226
5.026007 -0.002561
5.031008 -0.008529
5.036009 -0.004057
5.041010 -0.000586
5.046011 -0.001353
5.051012 -0.004424
5.056013 -0.013375
5.061014 -0.013062
5.066015 -0.008789
5.071016 0.000562
5.076017 0.002146
5.081018 0.004341
5.086019 0.009689
5.091020 0.005249
5.096021 0.006015
5.101022 0.008002
5.106023 0.007449
5.111024 0.001314
5.116025 -0.007880
5.121026 -0.005856
5.126027 0.002048
5.131028 0.005275
5.136029 0.000653
5.141030 -0.004613
5.146031 -0.007296
5.151032 -0.010098
5.156033 -0.003560
5.161034 0.008899
5.166035 0.019400
5.171036 0.024396
5.176037 0.013434
5.181038 -0.000290
5.186039 -0.010102
5.191040 -0.005336
5.196041 0.013838
5.201042 0.015610
5.206043 0.001498
5.211044 -0.018598
5.216045 -0.032741
5.221046 -0.030438
5.226047 -0.008938
5.231048 0.018286
5.236049 0.021537
5.241050 0.007793
5.246051 -0.003675
5.251052 -0.005630
5.256053 0.006046
5.261054 0.021513
5.266055 0.023969
5.271056 0.011177
5.276057 -0.013058
5.281058 -0.034456
5.286059 -0.030660
5.291060 -0.000004
5.296061 0.027673
5.301062 0.018234
5.306063 -0.008398
5.311064 -0.022168
5.316065 -0.020935
5.321066 -0.003272
5.326067 0.009548
5.331068 0.006158
5.336069 -0.006720
5.341070 -0.024010
5.346071 -0.023727
5.351072 -0.009291
5.356073 0.010799
5.361074 0.025202
5.366075 0.009226
5.371076 -0.010768
5.376077 -0.009627
5.381078 0.011842
5.386079 0.039407
5.391080 0.038428
5.396081 0.011848
5.401082 -0.007604
5.406083 -0.001110
5.411084 0.019016
5.416085 0.024402
5.421086 0.009134
5.426087 -0.011528
5.431088 -0.026488
5.436089 -0.023810
5.441090 -0.003978
5.446091 0.003112
5.451092 -0.006753
5.456093 -0.020669
5.461094 -0.035507
5.466095 -0.028631
5.471096 -0.006264
5.476097 0.006642
5.481098 0.013961
5.486099 0.008991
5.491100 0.000065
5.496101 0.000574
5.501102 0.013198
5.506103 0.036670
5.511104 0.038122
5.516105 0.016067
5.521106 -0.010281
5.526107 -0.017362
5.531108 -0.009498
5.536109 -0.016034
5.541110 -0.021641
5.546111 -0.028725
5.551112 -0.028817
5.556113 -0.017236
5.561114 -0.002518
5.566115 0.013812
5.571116 0.020556
5.576117 0.018506
5.581118 0.015131
5.586119 0.022867
5.591120 0.027420
5.596121 0.023226
5.601122 -0.001025
5.606123 -0.024101
5.611124 -0.021811
5.616125 -0.009706
5.621126 0.003865
5.626127 0.000949
5.631128 -0.009788
5.636129 -0.018399
5.641130 -0.009951
5.646131 0.004597
5.651132 0.018953
5.656133 0.023744
5.661134 0.003448
5.666135 -0.006028
5.671137 -0.004380
5.676138 0.000866
5.681139 -0.000426
5.686140 -0.002656
5.691141 -0.002466
5.696142 -0.008772
5.701143 -0.005915
5.706144 -0.004741
5.711145 0.001474
5.716146 0.010806
5.721147 0.008056
5.726148 0.004844
5.731149 0.002971
5.736150 0.002413
5.741151 0.000233
5.746152 -0.004719
5.751153 -0.006721
5.756154 -0.013972
5.761155 -0.021396
5.766156 -0.014629
5.771157 -0.008671
5.776158 -0.004723
5.781159 0.001081
5.786160 0.002052
5.791161 0.007403
5.796162 0.008583
5.801163 0.015402
5.806164 0.030928
5.811165 0.026813
5.816166 0.016965
5.821167 0.014026
5.826168 0.022583
5.831169 0.032376
5.836170 0.026288
5.841171 0.014308
5.846172 -0.006990
5.851173 -0.023856
5.856174 -0.038248
5.861175 -0.057044
5.866176 -0.061807
5.871177 -0.052958
5.876178 -0.029060
5.881179 -0.003144
5.886180 0.009894
5.891181 0.013755
5.896182 0.019288
5.901183 0.024558
5.906184 0.033382
5.911185 0.043798
5.916186 0.036041
5.921187 0.018912
5.926188 0.002339
5.931189 -0.003732
5.936190 -0.007244
5.941191 -0.011233
5.946192 -0.009047
5.951193 -0.008752
5.956194 -0.010423
5.961195 -0.019957
5.966196 -0.024323
5.971197 -0.016653
5.976198 -0.006081
5.981199 0.000793
5.986200 0.000268
5.991201 -0.007138
5.996202 -0.014328
6.001203 -0.007499
6.006204 0.007405
6.011205 0.022586
6.016206 0.028533
6.021207 0.022750
6.026208 0.012794
6.031209 0.006467
6.036210 0.008459
6.041211 0.011346
6.046212 0.017980
6.051213 0.013050
6.056214 0.000000
6.061215 -0.001422
6.066216 -0.004593
6.071217 -0.009543
6.076218 -0.017583
6.081219 -0.024591
6.086220 -0.031496
6.091221 -0.039729
6.096222 -0.035475
6.101223 -0.015857
6.106224 0.014983
6.111225 0.035222
6.116226 0.039827
6.121227 0.029908
6.126228 0.015541
6.131229 0.012409
6.136230 0.017448
6.141231 0.025027
6.146232 0.015273
6.151233 -0.013997
6.156234 -0.040093
6.161235 -0.045755
6.166236 -0.028601
6.171237 -0.008831
6.176238 0.001003
6.181239 0.004325
6.186240 -0.002806
6.191241 -0.002503
6.196242 0.008330
6.201243 0.020675
6.206244 0.022995
6.211245 0.004780
6.216246 -0.009102
6.221247 -0.016309
6.226248 -0.015978
6.231249 -0.012789
6.236250 0.001163
6.241251 0.019700
6.246252 0.021173
6.251253 0.022212
6.256254 0.022129
6.261255 0.027425
6.266256 0.023721
6.271257 0.004190
6.276258 -0.009884
6.281259 -0.015375
6.286260 -0.019464
6.291261 -0.021351
6.296262 -0.018493
6.301263 -0.022552
6.306264 -0.026057
6.311265 -0.028516
6.316266 -0.018631
6.321267 0.002377
6.326268 0.021625
6.331269 0.035808
6.336270 0.029735
6.341271 0.018517
6.346272 0.013705
6.351273 0.018363
6.356274 0.024040
6.361275 0.021076
6.366276 0.012209
6.371277 -0.003522
6.376278 -0.021950
6.381279 -0.032943
6.386280 -0.026389
6.391281 -0.014814
6.396282 -0.005512
6.401283 -0.001397
6.406284 -0.003245
6.411285 -0.004893
6.416286 -0.004780
6.421287 0.005647
6.426288 0.018704
6.431289 0.023211
6.436290 0.011480
6.441291 -0.011824
6.446292 -0.024827
6.451293 -0.025275
6.456294 -0.020769
6.461295 -0.010311
6.466296 0.005444
6.471297 0.017061
6.476298 0.029113
6.481299 0.030520
6.486300 0.024897
6.491301 0.027252
6.496302 0.019892
6.501303 0.012574
6.506304 0.000964
6.511305 -0.011688
6.516306 -0.016766
6.521307 -0.024062
6.526308 -0.020044
6.531309 -0.015146
6.536310 -0.011870
6.541311 0.001817
6.546312 0.021031
6.551313 0.027522
6.556314 0.018758
6.561315 0.009519
6.566316 0.002839
6.571317 0.008313
6.576318 0.014264
6.581319 0.005555
6.586320 -0.013484
6.591321 -0.026789
6.596322 -0.022852
6.601323 -0.010085
6.606324 0.004801
6.611325 0.002041
6.616326 -0.009482
6.621327 -0.008664
6.626328 0.000907
6.631329 0.026074
6.636330 0.046907
6.641331 0.053854
6.646332 0.045223
6.651333 0.020802
6.656334 0.007873
6.661335 -0.000862
6.666336 -0.008959
6.671337 -0.021621
6.676338 -0.042843
6.681339 -0.056550
6.686340 -0.058345
6.691341 -0.048587
6.696342 -0.033616
6.701343 -0.019344
6.706344 -0.015044
6.711345 -0.012409
6.716346 0.001076
6.721347 0.015216
6.726348 0.023226
6.731349 0.025586
6.736350 0.025108
6.741351 0.027721
6.746352 0.030522
6.751353 0.029414
6.756354 0.017279
6.761355 0.003907
6.766356 0.000338
6.771357 -0.000336
6.776358 0.009743
6.781359 0.010648
6.786360 0.000570
6.791361 0.001190
6.796362 -0.003533
6.801363 -0.009766
6.806364 -0.016484
6.811365 -0.020506
6.816366 -0.018196
6.821367 -0.020011
6.826368 -0.013301
6.831369 -0.006315
6.836370 -0.000643
6.841371 0.001675
6.846372 -0.004142
6.851373 -0.002024
6.856374 0.003137
6.861375 0.017882
6.866376 0.031325
6.871377 0.024681
6.876378 0.014710
6.881379 0.007444
6.886380 0.006701
6.891381 0.012057
6.896382 0.006150
6.901383 0.000419
6.906384 -0.002446
6.911385 -0.010069
6.916386 -0.006988
6.921387 -0.013442
6.926388 -0.029890
6.931389 -0.049045
6.936390 -0.065300
6.941391 -0.055819
6.946392 -0.035389
6.951393 -0.010093
6.956394 0.001179
6.961395 0.000875
6.966396 0.005996
6.971397 0.009191
6.976398 0.017833
6.981399 0.016357
6.986400 0.000707
6.991401 -0.025480
6.996402 -0.049901
7.001403 -0.061369
7.006404 -0.065196
7.011405 -0.064845
7.016406 -0.087943
7.021407 -0.118670
7.026408 -0.144403
7.031409 -0.162192
7.036410 -0.163223
7.041411 -0.165218
7.046412 -0.171242
7.051413 -0.197870
7.056414 -0.225694
7.061415 -0.235132
7.066416 -0.227526
7.071417 -0.202682
7.076418 -0.174059
7.081419 -0.140971
7.086420 -0.107801
7.091421 -0.062440
7.096422 -0.004505
7.101423 0.069984
7.106424 0.141913
7.111425 0.183306
7.116426 0.211330
7.121427 0.226070
7.126428 0.256553
7.131429 0.294451
7.136430 0.322705
7.141431 0.340000
7.146432 0.318282
7.151433 0.279846
7.156434 0.232924
7.161435 0.186627
7.166436 0.132711
7.171437 0.069228
7.176438 0.004817
7.181439 -0.067171
7.186440 -0.108347
7.191441 -0.127398
7.196442 -0.127156
7.201443 -0.104830
7.206444 -0.086269
7.211445 -0.067002
7.216446 -0.043547
7.221447 -0.013618
7.226448 0.028157
7.231449 0.081324
7.236450 0.132176
7.241451 0.182901
7.246452 0.220978
7.251453 0.241239
7.256454 0.254744
7.261455 0.250804
7.266456 0.232553
7.271457 0.192635
7.276458 0.134762
7.281459 0.062673
7.286460 -0.023239
7.291461 -0.111841
7.296462 -0.195594
7.301463 -0.255499
7.306464 -0.287351
7.311465 -0.281653
7.316466 -0.249795
7.321467 -0.201376
7.326468 -0.138986
7.331469 -0.094207
7.336470 -0.051829
7.341471 -0.010611
7.346472 0.026418
7.351473 0.066350
7.356474 0.091414
7.361475 0.109110
7.366476 0.113783
7.371477 0.104063
7.376478 0.089281
7.381479 0.070488
7.386480 0.049914
7.391481 0.024640
7.396482 -0.007942
7.401483 -0.046998
7.406484 -0.076266
7.411485 -0.092652
7.416486 -0.103430
7.421487 -0.105981
7.426488 -0.107234
7.431489 -0.103818
7.436490 -0.089812
7.441491 -0.066092
7.446492 -0.036316
7.451493 -0.010754
7.456494 0.011223
7.461495 0.026797
7.466496 0.038745
7.471497 0.053124
7.476498 0.067685
7.481499 0.079201
7.486500 0.082475
7.491501 0.079361
7.496502 0.065529
7.501503 0.045465
7.506504 0.021687
7.511505 -0.008890
7.516506 -0.038983
7.521507 -0.063876
7.526508 -0.070579
7.531509 -0.066134
7.536510 -0.053971
7.541511 -0.035110
7.546512 -0.022841
7.551513 -0.007901
7.556514 0.012163
7.561515 0.024681
7.566516 0.037614
7.571517 0.053349
7.576518 0.062659
7.581519 0.075278
7.586520 0.077332
7.591521 0.078641
7.596522 0.078247
7.601523 0.067629
7.606524 0.059775
7.611525 0.034141
7.616526 0.011233
7.621527 -0.013371
7.626528 -0.039147
7.631529 -0.048183
7.636530 -0.060356
7.641531 -0.060570
7.646532 -0.047419
7.651533 -0.020661
7.656534 0.004924
7.661535 0.017797
7.666536 0.029116
7.671537 0.021410
7.676538 0.015010
7.681539 0.017150
7.686540 0.027156
7.691541 0.047247
7.696542 0.051707
7.701543 0.048404
7.706544 0.033982
7.711545 0.006882
7.716546 -0.021268
7.721547 -0.045553
7.726548 -0.061101
7.731549 -0.070260
7.736550 -0.076603
7.741551 -0.082282
7.746552 -0.083730
7.751553 -0.095435
7.756554 -0.113830
7.761555 -0.126885
7.766556 -0.135647
7.771557 -0.134064
7.776558 -0.122933
7.781559 -0.100163
7.786560 -0.073494
7.791561 -0.057528
7.796562 -0.035107
7.801563 0.000354
7.806564 0.036777
7.811565 0.081947
7.816566 0.118256
7.821567 0.149792
7.826568 0.176188
7.831569 0.180746
7.836570 0.171461
7.841571 0.145556
7.846572 0.113706
7.851573 0.067510
7.856574 0.019023
7.861575 -0.021484
7.866576 -0.054225
7.871577 -0.073307
7.876578 -0.089983
7.881579 -0.093719
7.886580 -0.095555
7.891581 -0.097870
7.896582 -0.096307
7.901583 -0.092572
7.906584 -0.080945
7.911585 -0.067576
7.916586 -0.060592
7.921587 -0.056973
7.926588 -0.050179
7.931589 -0.044465
7.936590 -0.031678
7.941592 -0.010271
7.946593 0.022792
7.951594 0.062863
7.956595 0.095790
7.961596 0.124314
7.966597 0.142305
7.971598 0.149634
7.976599 0.147769
7.981600 0.136040
7.986601 0.117487
7.991602 0.088301
7.996603 0.056798
8.001604 0.026622
8.006605 -0.006243
8.011606 -0.028611
8.016607 -0.046554
8.021608 -0.060608
8.026609 -0.064093
8.031610 -0.074553
8.036611 -0.079083
8.041612 -0.086560
8.046613 -0.093345
8.051614 -0.087178
8.056615 -0.085976
8.061616 -0.061837
8.066617 -0.031293
8.071618 -0.000465
8.076619 0.034415
8.081620 0.055596
8.086621 0.074289
8.091622 0.075845
8.096623 0.072218
8.101624 0.062890
8.106625 0.054539
8.111626 0.059753
8.116627 0.068275
8.121628 0.088072
8.126629 0.099584
8.131630 0.104404
8.136631 0.100894
8.141632 0.086606
8.146633 0.068141
8.151634 0.045389
8.156635 0.031142
8.161636 0.013478
8.166637 0.001991
8.171638 -0.006966
8.176639 -0.021339
8.181640 -0.032739
8.186641 -0.048011
8.191642 -0.059677
8.196643 -0.071165
8.201644 -0.076912
8.206645 -0.077818
8.211646 -0.079597
8.216647 -0.077652
8.221648 -0.069896
8.226649 -0.059846
8.231650 -0.052972
8.236651 -0.043097
8.241652 -0.031030
8.246653 -0.017712
8.251654 -0.008852
8.256655 0.003631
8.261656 0.011490
8.266657 0.016142
8.271658 0.022251
8.276659 0.014647
8.281660 0.007550
8.286661 -0.005086
8.291662 -0.022120
8.296663 -0.042783
8.301664 -0.066704
8.306665 -0.091361
8.311666 -0.113636
8.316667 -0.123648
8.321668 -0.131115
8.326669 -0.127277
8.331670 -0.117444
8.336671 -0.107386
8.341672 -0.095571
8.346673 -0.085236
8.351674 -0.079440
8.356675 -0.085824
8.361676 -0.085770
8.366677 -0.076088
8.371678 -0.055301
8.376679 -0.014357
8.381680 0.031977
8.386681 0.077949
8.391682 0.112519
8.396683 0.136416
8.401684 0.159001
8.406685 0.170090
8.411686 0.174749
8.416687 0.173811
8.421688 0.158639
8.426689 0.141032
8.431690 0.121704
8.436691 0.091004
8.441692 0.066796
8.446693 0.047447
8.451694 0.023504
8.456695 0.003693
8.461696 -0.014802
8.466697 -0.029314
8.471698 -0.041509
8.476699 -0.052735
8.481700 -0.054709
8.486701 -0.045503
8.491702 -0.035621
8.496703 -0.025439
8.501704 -0.008815
8.506705 0.006721
8.511706 0.022824
8.516707 0.036597
8.521708 0.045521
8.526709 0.049641
8.531710 0.055096
8.536711 0.060982
8.541712 0.057372
8.546713 0.056670
8.551714 0.051297
8.556715 0.041314
8.561716 0.027323
8.566717 0.001943
8.571718 -0.021844
8.576719 -0.050442
8.581720 -0.075649
8.586721 -0.095132
8.591722 -0.113725
8.596723 -0.120740
8.601724 -0.118284
8.606725 -0.105886
8.611726 -0.091859
8.616727 -0.075204
8.621728 -0.061391
8.626729 -0.053791
8.631730 -0.042789
8.636731 -0.030426
8.641732 -0.011237
8.646733 0.003297
8.651734 0.015391
8.656735 0.032909
8.661736 0.050648
8.666737 0.071130
8.671738 0.089656
8.676739 0.104120
8.681740 0.108391
8.686741 0.107960
8.691742 0.100503
8.696743 0.085851
8.701744 0.077673
8.706745 0.066441
8.711746 0.056150
8.716747 0.043218
8.721748 0.027869
8.726749 0.014431
8.731750 -0.001145
8.736751 -0.011048
8.741752 -0.021525
8.746753 -0.030525
8.751754 -0.045842
8.756755 -0.056628
8.761756 -0.055681
8.766757 -0.056843
8.771758 -0.048663
8.776759 -0.035111
8.781760 -0.017493
8.786761 0.002132
8.791762 0.021511
8.796763 0.038228
8.801764 0.049527
8.806765 0.055309
8.811766 0.044725
8.816767 0.026051
8.821768 -0.003063
8.826769 -0.035382
8.831770 -0.057855
8.836771 -0.075845
8.841772 -0.076502
8.846773 -0.062294
8.851774 -0.038809
8.856775 -0.011235
8.861776 0.007098
8.866777 0.019203
8.871778 0.024993
8.876779 0.025610
8.881780 0.021886
8.886781 0.021095
8.891782 0.021120
8.896783 0.016625
8.901784 0.014160
8.906785 0.010363
8.911786 0.010494
8.916787 0.006957
8.921788 0.007421
8.926789 0.012819
8.931790 0.012060
8.936791 0.015110
8.941792 0.015413
8.946793 0.015036
8.951794 0.008901
8.956795 -0.002552
8.961796 -0.016408
8.966797 -0.030077
8.971798 -0.036051
8.976799 -0.041144
8.981800 -0.034409
8.986801 -0.027569
8.991802 -0.021801
8.996803 -0.010852
9.001804 -0.004874
9.006805 0.015255
9.011806 0.036608
9.016807 0.051695
9.021808 0.065169
9.026809 0.070846
9.031810 0.072833
9.036811 0.065430
9.041812 0.058468
9.046813 0.041742
9.051814 0.019723
9.056815 0.002998
9.061816 -0.014466
9.066817 -0.025448
9.071818 -0.030402
9.076819 -0.027852
9.081820 -0.032024
9.086821 -0.024120
9.091822 -0.009638
9.096823 -0.006934
9.101824 -0.001954
9.106825 0.000914
9.111826 0.008044
9.116827 0.007946
9.121828 0.006047
9.126829 -0.003210
9.131830 -0.015251
9.136831 -0.019548
9.141832 -0.032473
9.146833 -0.029239
9.151834 -0.031241
9.156835 -0.040925
9.161836 -0.036850
9.166837 -0.039364
9.171838 -0.034683
9.176839 -0.026205
9.181840 -0.017522
9.186841 -0.004432
9.191842 0.007022
9.196843 0.016590
9.201844 0.010325
9.206845 -0.001369
9.211846 -0.019174
9.216847 -0.039061
9.221848 -0.055276
9.226849 -0.070653
9.231850 -0.073787
9.236851 -0.081193
9.241852 -0.074715
9.246853 -0.060455
9.251854 -0.047949
9.256855 -0.021507
9.261856 0.000267
9.266857 0.019706
9.271858 0.031553
9.276859 0.041101
9.281860 0.047340
9.286861 0.049448
9.291862 0.049285
9.296863 0.043300
9.301864 0.035931
9.306865 0.020327
9.311866 0.006200
9.316867 -0.013068
9.321868 -0.029444
9.326869 -0.035271
9.331870 -0.044213
9.336871 -0.049938
9.341872 -0.051876
9.346873 -0.055455
9.351874 -0.058726
9.356875 -0.059342
9.361876 -0.057968
9.366877 -0.055204
9.371878 -0.050794
9.376879 -0.044603
9.381880 -0.035157
9.386881 -0.025874
9.391882 -0.019118
9.396883 -0.006154
9.401884 0.000879
9.406885 0.001574
9.411886 0.006869
9.416887 0.007011
9.421888 0.007770
9.426889 0.010492
9.431890 0.014106
9.436891 0.017925
9.441892 0.022839
9.446893 0.036191
9.451894 0.046611
9.456895 0.053925
9.461896 0.065831
9.466897 0.075380
9.471898 0.079465
9.476899 0.081397
9.481900 0.080330
9.486901 0.076609
9.491902 0.070194
9.496903 0.062813
9.501904 0.055305
9.506905 0.047804
9.511906 0.045654
9.516907 0.042082
9.521908 0.039825
9.526909 0.041781
9.531910 0.037534
9.536911 0.033456
9.541912 0.024949
9.546913 0.012336
9.551914 0.001505
9.556915 -0.018525
9.561916 -0.034542
9.566917 -0.046718
9.571918 -0.062748
9.576919 -0.073220
9.581920 -0.077226
9.586921 -0.079128
9.591922 -0.078448
9.596923 -0.068256
9.601924 -0.058404
9.606925 -0.048850
9.611926 -0.033999
9.616927 -0.018938
9.621928 -0.002846
9.626929 0.016419
9.631930 0.032413
9.636931 0.044271
9.641932 0.051229
9.646933 0.047605
9.651934 0.044066
9.656935 0.036168
9.661936 0.022143
9.666937 0.010370
9.671938 -0.001703
9.676939 -0.014200
9.681940 -0.018472
9.686941 -0.016182
9.691942 -0.019257
9.696943 -0.024837
9.701944 -0.033033
9.706945 -0.041975
9.711946 -0.051172
9.716947 -0.058295
9.721948 -0.061683
9.726949 -0.061383
9.731950 -0.052226
9.736951 -0.044453
9.741952 -0.031300
9.746953 -0.006466
9.751954 0.016334
9.756955 0.040472
9.761956 0.060221
9.766957 0.075248
9.771958 0.084423
9.776959 0.078111
9.781960 0.072759
9.786961 0.058227
9.791962 0.036019
9.796963 0.011913
9.801964 -0.019059
9.806965 -0.039608
9.811966 -0.059432
9.816967 -0.070826
9.821968 -0.066451
9.826969 -0.057177
9.831970 -0.036110
9.836971 -0.010681
9.841972 0.013622
9.846973 0.045024
9.851974 0.070870
9.856975 0.091396
9.861976 0.114707
9.866977 0.124993
9.871978 0.126449
9.876979 0.119443
9.881980 0.104254
9.886981 0.089034
9.891982 0.068200
9.896983 0.045202
9.901984 0.025448
9.906985 0.005330
9.911986 -0.015591
9.916987 -0.029916
9.921988 -0.040664
9.926989 -0.045164
9.931990 -0.040809
9.936991 -0.040472
9.941992 -0.039397
9.946993 -0.032620
9.951994 -0.032530
9.956995 -0.031421
9.961996 -0.022765
9.966997 -0.018892
9.971998 -0.008834
9.976999 0.004552
9.982000 0.014340
9.987001 0.029910
9.992002 0.038643
9.997003 0.042292
10.002004 0.040417
10.007005 0.028610
10.012006 0.011686
10.017007 -0.013286
10.022008 -0.035117
10.027009 -0.061242
10.032010 -0.087427
10.037011 -0.105795
10.042012 -0.125924
10.047013 -0.133117
10.052014 -0.134010
10.057015 -0.132355
10.062016 -0.124387
10.067017 -0.112976
10.072018 -0.099008
10.077019 -0.084070
10.082020 -0.068028
10.087021 -0.052685
10.092022 -0.037689
10.097023 -0.026682
10.102024 -0.014853
10.107025 -0.003016
10.112026 0.005315
10.117027 0.007617
10.122028 0.016005
10.127029 0.022242
10.132030 0.024552
10.137031 0.035066
10.142032 0.045831
10.147033 0.061419
10.152034 0.075072
10.157035 0.087735
10.162036 0.094908
10.167037 0.107715
10.172038 0.120886
10.177039 0.122122
10.182040 0.128657
10.187041 0.130079
10.192042 0.124551
10.197043 0.112799
10.202044 0.099090
10.207046 0.082291
10.212047 0.058798
10.217048 0.037680
10.222049 0.016787
10.227050 -0.005832
10.232051 -0.026935
10.237052 -0.043993
10.242053 -0.053353
10.247054 -0.056422
10.252055 -0.056481
10.257056 -0.043314
10.262057 -0.030097
10.267058 -0.012131
10.272059 0.016907
10.277060 0.041692
10.282061 0.069879
10.287062 0.092252
10.292063 0.108580
10.297064 0.114808
10.302065 0.116079
10.307066 0.109707
10.312067 0.094469
10.317068 0.079890
10.322069 0.053685
10.327070 0.029512
10.332071 0.000677
10.337072 -0.029584
10.342073 -0.053245
10.347074 -0.076482
10.352075 -0.094135
10.357076 -0.104580
10.362077 -0.110500
10.367078 -0.112476
10.372079 -0.108911
10.377080 -0.105628
10.382081 -0.096755
10.387082 -0.087322
10.392083 -0.079712
10.397084 -0.072514
10.402085 -0.069098
10.407086 -0.066104
10.412087 -0.061823
10.417088 -0.062734
10.422089 -0.063028
10.427090 -0.054599
10.432091 -0.048446
10.437092 -0.033731
10.442093 -0.019196
10.447094 -0.007757
10.452095 0.008185
10.457096 0.017290
10.462097 0.025537
10.467098 0.030499
10.472099 0.035359
10.477100 0.034051
10.482101 0.029184
10.487102 0.028871
10.492103 0.024928
10.497104 0.014242
10.502105 0.003716
10.507106 0.002439
10.512107 -0.006790
10.517108 -0.012488
10.522109 -0.010355
10.527110 -0.010017
10.532111 -0.005224
10.537112 -0.004553
10.542113 0.000335
10.547114 0.004997
10.552115 0.007612
10.557116 0.016000
10.562117 0.020814
10.567118 0.027179
10.572119 0.035730
10.577120 0.039651
10.582121 0.040280
10.587122 0.037368
10.592123 0.032322
10.597124 0.024408
10.602125 0.013231
10.607126 0.004142
10.612127 -0.000962
10.617128 -0.004874
10.622129 -0.010371
10.627130 -0.008102
10.632131 -0.006556
10.637132 -0.011678
10.642133 -0.010833
10.647134 -0.017110
10.652135 -0.020995
10.657136 -0.025418
10.662137 -0.035740
10.667138 -0.042227
10.672139 -0.054928
10.677140 -0.065609
10.682141 -0.079249
10.687142 -0.085415
10.692143 -0.087396
10.697144 -0.090891
10.702145 -0.083336
10.707146 -0.073989
10.712147 -0.057653
10.717148 -0.040773
10.722149 -0.021791
10.727150 -0.004481
10.732151 0.012175
10.737152 0.029328
10.742153 0.038358
10.747154 0.050672
10.752155 0.055232
10.757156 0.056286
10.762157 0.052374
10.767158 0.043205
10.772159 0.035156
10.777160 0.016578
10.782161 -0.002452
10.787162 -0.022285
10.792163 -0.041897
10.797164 -0.060585
10.802165 -0.077273
10.807166 -0.082661
10.812167 -0.085836
10.817168 -0.088969
10.822169 -0.081821
10.827170 -0.068912
10.832171 -0.055401
10.837172 -0.034945
10.842173 -0.009637
10.847174 0.015837
10.852175 0.041693
10.857176 0.065621
10.862177 0.085891
10.867178 0.106499
10.872179 0.121835
10.877180 0.133799
10.882181 0.140167
10.887182 0.140682
10.892183 0.140758
10.897184 0.134694
10.902185 0.124618
10.907186 0.111043
10.912187 0.098410
10.917188 0.077027
10.922189 0.054691
10.927190 0.035318
10.932191 0.010755
10.937192 -0.008037
10.942193 -0.026409
10.947194 -0.042029
10.952195 -0.053266
10.957196 -0.058433
10.962197 -0.058242
10.967198 -0.050921
10.972199 -0.033159
10.977200 -0.016562
10.982201 0.005071
10.987202 0.025477
10.992203 0.043067
10.997204 0.055229
11.002205 0.058048
11.007206 0.063644
11.012207 0.057568
11.017208 0.055483
11.022209 0.050024
11.027210 0.039349
11.032211 0.035883
11.037212 0.024795
11.042213 0.023281
11.047214 0.017789
11.052215 0.012794
11.057216 0.010105
11.062217 0.005134
11.067218 0.001096
11.072219 -0.006628
11.077220 -0.010577
11.082221 -0.020656
11.087222 -0.023871
11.092223 -0.030932
11.097224 -0.040814
11.102225 -0.041754
11.107226 -0.051702
11.112227 -0.056038
11.117228 -0.057730
11.122229 -0.064679
11.127230 -0.064755
11.132231 -0.065522
11.137232 -0.061639
11.142233 -0.056179
11.147234 -0.052759
11.152235 -0.045098
11.157236 -0.043541
11.162237 -0.038000
11.167238 -0.034264
11.172239 -0.031822
11.177240 -0.032828
11.182241 -0.039272
11.187242 -0.038846
11.192243 -0.042718
11.197244 -0.041915
11.202245 -0.046339
11.207246 -0.044633
11.212247 -0.036093
11.217248 -0.038178
11.222249 -0.031642
11.227250 -0.030154
11.232251 -0.031153
11.237252 -0.033300
11.242253 -0.039612
11.247254 -0.043540
11.252255 -0.051841
11.257256 -0.055752
11.262257 -0.056509
11.267258 -0.053509
11.272259 -0.041224
11.277260 -0.032311
11.282261 -0.017637
11.287262 0.008854
11.292263 0.028976
11.297264 0.054341
11.302265 0.081590
11.307266 0.104411
11.312267 0.131072
11.317268 0.143822
11.322269 0.153240
11.327270 0.160400
11.332271 0.155517
11.337272 0.151950
11.342273 0.137475
11.347274 0.120099
11.352275 0.103783
11.357276 0.079192
11.362277 0.061230
11.367278 0.042761
11.372279 0.028620
11.377280 0.017422
11.382281 0.007991
11.387282 0.010558
11.392283 0.008899
11.397284 0.008583
11.402285 0.012349
11.407286 0.016893
11.412287 0.015460
11.417288 0.013103
11.422289 0.013282
11.427290 0.004414
11.432291 0.000476
11.437292 -0.004141
11.442293 -0.011515
11.447294 -0.012972
11.452295 -0.014058
11.457296 -0.014933
11.462297 -0.011290
11.467298 -0.012176
11.472299 -0.013187
11.477300 -0.015678
11.482301 -0.025206
11.487302 -0.031812
11.492303 -0.043595
11.497304 -0.057938
11.502305 -0.072544
11.507306 -0.081812
11.512307 -0.091896
11.517308 -0.101641
11.522309 -0.099654
11.527310 -0.096565
11.532311 -0.084149
11.537312 -0.069131
11.542313 -0.056440
11.547314 -0.034869
11.552315 -0.018824
11.557316 -0.003262
11.562317 0.008344
11.567318 0.014373
11.572319 0.025573
11.577320 0.025496
11.582321 0.028001
11.587322 0.028605
11.592323 0.024185
11.597324 0.022608
11.602325 0.015951
11.607326 0.013384
11.612327 0.009381
11.617328 0.008615
11.622329 0.008090
11.627330 0.007604
11.632331 0.009395
11.637332 0.009008
11.642333 0.011496
11.647334 0.007093
11.652335 0.002694
11.657336 -0.004593
11.662337 -0.017979
11.667338 -0.030062
11.672339 -0.045907
11.677340 -0.057930
11.682341 -0.070204
11.687342 -0.075701
11.692343 -0.074320
11.697344 -0.072216
11.702345 -0.059466
11.707346 -0.047686
11.712347 -0.030351
11.717348 -0.012143
11.722349 0.000972
11.727350 0.019273
11.732351 0.027147
11.737352 0.030351
11.742353 0.036124
11.747354 0.034451
11.752355 0.031059
11.757356 0.025555
11.762357 0.017593
11.767358 0.010892
11.772359 0.001487
11.777360 -0.005122
11.782361 -0.008311
11.787362 -0.011605
11.792363 -0.012915
11.797364 -0.015259
11.802365 -0.013464
11.807366 -0.004937
11.812367 -0.002299
11.817368 0.001941
11.822369 0.009130
11.827370 0.011473
11.832371 0.017145
11.837372 0.020151
11.842373 0.017442
11.847374 0.012749
11.852375 0.007752
11.857376 -0.001383
11.862377 -0.010597
11.867378 -0.015837
11.872379 -0.022112
11.877380 -0.024680
11.882381 -0.026533
11.887382 -0.025299
11.892383 -0.020381
11.897384 -0.017970
11.902385 -0.013257
11.907386 -0.005100
11.912387 -0.000585
11.917388 0.003282
11.922389 0.006890
11.927390 0.008063
11.932391 0.009231
11.937392 0.006642
11.942393 0.004489
11.947394 0.000924
11.952395 0.001580
11.957396 0.000773
11.962397 -0.002420
11.967398 0.004054
11.972399 0.009760
11.977400 0.016798
11.982401 0.024751
11.987402 0.037230
11.992403 0.047351
11.997404 0.053654
12.002405 0.062414
12.007406 0.065247
12.012407 0.067532
12.017408 0.064904
12.022409 0.060454
12.027410 0.058226
12.032411 0.050321
12.037412 0.040867
12.042413 0.034187
12.047414 0.025741
12.052415 0.016195
12.057416 0.006729
12.062417 -0.002866
12.067418 -0.011017
12.072419 -0.019919
12.077420 -0.023336
12.082421 -0.026919
12.087422 -0.031480
12.092423 -0.029231
12.097424 -0.030418
12.102425 -0.025450
12.107426 -0.018976
12.112427 -0.017041
12.117428 -0.007347
12.122429 -0.001187
12.127430 0.008489
12.132431 0.021063
12.137432 0.029365
12.142433 0.042565
12.147434 0.054487
12.152435 0.059495
12.157436 0.062543
12.162437 0.061278
12.167438 0.054854
12.172439 0.043101
12.177440 0.024347
12.182441 0.007522
12.187442 -0.013761
12.192443 -0.036035
12.197444 -0.055830
12.202445 -0.073671
12.207446 -0.084307
12.212447 -0.089205
12.217448 -0.088086
12.222449 -0.084446
12.227450 -0.071558
12.232451 -0.054769
12.237452 -0.036659
12.242453 -0.018492
12.247454 -0.001571
12.252455 0.015787
12.257456 0.024962
12.262457 0.032263
12.267458 0.033493
12.272459 0.029147
12.277460 0.025931
12.282461 0.013686
12.287462 0.002309
12.292463 -0.000741
12.297464 -0.010045
12.302465 -0.011644
12.307466 -0.008904
12.312467 -0.011544
12.317468 -0.005085
12.322469 -0.002660
12.327470 0.002146
12.332471 0.008404
12.337472 0.007341
12.342473 0.013057
12.347474 0.017353
12.352475 0.015997
12.357476 0.017395
12.362477 0.020113
12.367478 0.021220
12.372479 0.022049
12.377480 0.025665
12.382481 0.027303
12.387482 0.029304
12.392483 0.035901
12.397484 0.034656
12.402485 0.032150
12.407486 0.033057
12.412487 0.031207
12.417488 0.024565
12.422489 0.020139
12.427490 0.018241
12.432491 0.007518
12.437492 0.000165
12.442493 -0.005088
12.447494 -0.012233
12.452495 -0.015511
12.457496 -0.019274
12.462497 -0.022369
12.467498 -0.021570
12.472499 -0.020925
12.477501 -0.022899
12.482502 -0.021443
12.487503 -0.020108
12.492504 -0.020481
12.497505 -0.022428
12.502506 -0.022855
12.507507 -0.022869
12.512508 -0.026553
12.517509 -0.027901
12.522510 -0.032099
12.527511 -0.034377
12.532512 -0.039406
12.537513 -0.042720
12.542514 -0.040653
12.547515 -0.044588
12.552516 -0.042947
12.557517 -0.042058
12.562518 -0.041754
12.567519 -0.039733
12.572520 -0.042117
12.577521 -0.042543
12.582522 -0.039638
12.587523 -0.040765
12.592524 -0.043192
12.597525 -0.040026
12.602526 -0.038848
12.607527 -0.039615
12.612528 -0.035107
12.617529 -0.032539
12.622530 -0.031778
12.627531 -0.021896
12.632532 -0.015526
12.637533 -0.007911
12.642534 0.002514
12.647535 0.011702
12.652536 0.023848
12.657537 0.031032
12.662538 0.040037
12.667539 0.046523
12.672540 0.052105
12.677541 0.053338
12.682542 0.050195
12.687543 0.050496
12.692544 0.043374
12.697545 0.036430
12.702546 0.029059
12.707547 0.019359
12.712548 0.011764
12.717549 0.001942
12.722550 -0.004088
12.727551 -0.007713
12.732552 -0.011173
12.737553 -0.009261
12.742554 -0.010484
12.747555 -0.011694
12.752556 -0.002732
12.757557 -0.001855
12.762558 0.002081
12.767559 0.012243
12.772560 0.011885
12.777561 0.019455
12.782562 0.025541
12.787563 0.029974
12.792564 0.034096
12.797565 0.037025
12.802566 0.042898
12.807567 0.040875
12.812568 0.046396
12.817569 0.047753
12.822570 0.043809
12.827571 0.049236
12.832572 0.048643
12.837573 0.045382
12.842574 0.049799
12.847575 0.048269
12.852576 0.043828
12.857577 0.044474
12.862578 0.036772
12.867579 0.030800
12.872580 0.025998
12.877581 0.013689
12.882582 0.001937
12.887583 -0.009751
12.892584 -0.020114
12.897585 -0.033291
12.902586 -0.047150
12.907587 -0.052123
12.912588 -0.058668
12.917589 -0.063976
12.922590 -0.063509
12.927591 -0.064772
12.932592 -0.060084
12.937593 -0.057059
12.942594 -0.055516
12.947595 -0.048895
12.952596 -0.044059
12.957597 -0.038414
12.962598 -0.032375
12.967599 -0.025143
12.972600 -0.014258
12.977601 -0.005324
12.982602 0.007135
12.987603 0.020558
12.992604 0.026132
12.997605 0.038005
13.002606 0.045222
13.007607 0.047647
13.012608 0.053172
13.017609 0.048398
13.022610 0.044939
13.027611 0.040488
13.032612 0.029925
13.037613 0.023096
13.042614 0.012662
13.047615 -0.001304
13.052616 -0.009342
13.057617 -0.021762
13.062618 -0.033197
13.067619 -0.038620
13.072620 -0.047487
13.077621 -0.049766
13.082622 -0.050944
13.087623 -0.052711
13.092624 -0.047223
13.097625 -0.043187
13.102626 -0.042832
13.107627 -0.035726
13.112628 -0.026528
13.117629 -0.026171
13.122630 -0.021581
13.127631 -0.011395
13.132632 -0.007239
13.137633 -0.002010
13.142634 0.008384
13.147635 0.014924
13.152636 0.022432
13.157637 0.031597
13.162638 0.035422
13.167639 0.039618
13.172640 0.043604
13.177641 0.042349
13.182642 0.039738
13.187643 0.036160
13.192644 0.027382
13.197645 0.017216
13.202646 0.006521
13.207647 -0.005832
13.212648 -0.020129
13.217649 -0.031124
13.222650 -0.040691
13.227651 -0.048718
13.232652 -0.053109
13.237653 -0.054475
13.242654 -0.049902
13.247655 -0.042176
13.252656 -0.028261
13.257657 -0.018014
13.262658 -0.002827
13.267659 0.012783
13.272660 0.025496
13.277661 0.041250
13.282662 0.045827
13.287663 0.056812
13.292664 0.063026
13.297665 0.061584
13.302666 0.064211
13.307667 0.061393
13.312668 0.056844
13.317669 0.048350
13.322670 0.042666
13.327671 0.034544
13.332672 0.019843
13.337673 0.012410
13.342674 0.004629
13.347675 -0.002573
13.352676 -0.008228
13.357677 -0.014988
13.362678 -0.014447
13.367679 -0.015406
13.372680 -0.017617
13.377681 -0.017261
13.382682 -0.016040
13.387683 -0.013536
13.392684 -0.014708
13.397685 -0.013459
13.402686 -0.007186
13.407687 -0.006807
13.412688 -0.003280
13.417689 0.004587
13.422690 0.004278
13.427691 0.011486
13.432692 0.017414
13.437693 0.017419
13.442694 0.022214
13.447695 0.019987
13.452696 0.016389
13.457697 0.011278
13.462698 0.005337
13.467699 -0.003997
13.472700 -0.015694
13.477701 -0.023565
13.482702 -0.035744
13.487703 -0.037938
13.492704 -0.042368
13.497705 -0.049546
13.502706 -0.045900
13.507707 -0.041167
13.512708 -0.032764
13.517709 -0.028556
13.522710 -0.016872
13.527711 -0.004710
13.532712 0.000965
13.537713 0.010413
13.542714 0.014959
13.547715 0.019257
13.552716 0.018428
13.557717 0.016312
13.562718 0.013159
13.567719 0.007885
13.572720 0.001974
13.577721 -0.004615
13.582722 -0.008935
13.587723 -0.018116
13.592724 -0.020007
13.597725 -0.023834
13.602726 -0.029352
13.607727 -0.027727
13.612728 -0.029077
13.617729 -0.025065
13.622730 -0.024152
13.627731 -0.022421
13.632732 -0.015309
13.637733 -0.015061
13.642734 -0.011236
13.647735 -0.009327
13.652736 -0.009778
13.657737 -0.003830
13.662738 -0.005106
13.667739 -0.004528
13.672740 -0.002842
13.677741 -0.005417
13.682742 -0.001233
13.687743 -0.002076
13.692744 0.001192
13.697745 0.001289
13.702746 0.001173
13.707747 0.007432
13.712748 0.003354
13.717749 0.006223
13.722750 0.005442
13.727751 0.006344
13.732752 0.006702
13.737753 0.002156
13.742754 0.003823
13.747755 0.000612
13.752756 0.002600
13.757757 -0.000525
13.762758 0.001219
13.767759 0.006970
13.772760 0.006067
13.777761 0.015717
13.782762 0.020430
13.787763 0.026166
13.792764 0.037672
13.797765 0.040307
13.802766 0.044498
13.807767 0.050910
13.812768 0.049830
13.817769 0.044940
13.822770 0.043932
13.827771 0.039308
13.832772 0.030626
13.837773 0.024934
13.842774 0.016843
13.847775 0.010497
13.852776 0.005758
13.857777 0.001613
13.862778 -0.002445
13.867779 -0.003296
13.872780 -0.000627
13.877781 -0.002782
13.882782 -0.001676
13.887783 0.001910
13.892784 0.005289
13.897785 0.002510
13.902786 0.000658
13.907787 0.003667
13.912788 -0.004251
13.917789 -0.008054
13.922790 -0.010276
13.927791 -0.017456
13.932792 -0.018201
13.937793 -0.022472
13.942794 -0.024886
13.947795 -0.021210
13.952796 -0.020657
13.957797 -0.017381
13.962798 -0.012130
13.967799 -0.008155
13.972800 -0.001014
13.977801 0.004966
13.982802 0.008544
13.987803 0.015072
13.992804 0.015793
13.997805 0.016406
14.002806 0.016754
14.007807 0.012636
14.012808 0.007372
14.017809 -0.000021
14.022810 -0.005467
14.027811 -0.015380
14.032812 -0.019380
14.037813 -0.027290
14.042814 -0.034873
14.047815 -0.034777
14.052816 -0.037712
14.057817 -0.036968
14.062818 -0.039494
14.067819 -0.034745
14.072820 -0.034776
14.077821 -0.032793
14.082822 -0.026388
14.087823 -0.025153
14.092824 -0.017250
14.097825 -0.017519
14.102826 -0.010087
14.107827 -0.001228
14.112828 0.001616
14.117829 0.008055
14.122830 0.014910
14.127831 0.021271
14.132832 0.024594
14.137833 0.033850
14.142834 0.038142
14.147835 0.041295
14.152836 0.046111
14.157837 0.048252
14.162838 0.050170
14.167839 0.048701
14.172840 0.049002
14.177841 0.044307
14.182842 0.037076
14.187843 0.032115
14.192844 0.024819
14.197845 0.014325
14.202846 0.004704
14.207847 -0.002428
14.212848 -0.014983
14.217849 -0.022943
14.222850 -0.027366
14.227851 -0.034978
14.232852 -0.034837
14.237853 -0.038490
14.242854 -0.038932
14.247855 -0.034483
14.252856 -0.031279
14.257857 -0.023721
14.262858 -0.020159
14.267859 -0.008712
14.272860 -0.000492
14.277861 0.003959
14.282862 0.011995
14.287863 0.015195
14.292864 0.021585
14.297865 0.023868
14.302866 0.023655
14.307867 0.022166
14.312868 0.022432
14.317869 0.020650
14.322870 0.016027
14.327871 0.017152
14.332872 0.013980
14.337873 0.013590
14.342874 0.010383
14.347875 0.008469
14.352876 0.009177
14.357877 0.003215
14.362878 0.004517
14.367879 0.000500
14.372880 -0.004288
14.377881 -0.007675
14.382882 -0.013547
14.387883 -0.015950
14.392884 -0.021567
14.397885 -0.027170
14.402886 -0.030531
14.407887 -0.032928
14.412888 -0.036781
14.417889 -0.039199
14.422890 -0.041301
14.427891 -0.039971
14.432892 -0.040036
14.437893 -0.039320
14.442894 -0.037259
14.447895 -0.033346
14.452896 -0.027909
14.457897 -0.028018
14.462898 -0.024209
14.467899 -0.021300
14.472900 -0.014145
14.477901 -0.013445
14.482902 -0.012804
14.487903 -0.005803
14.492904 -0.006887
14.497905 -0.006181
14.502906 -0.002346
14.507907 -0.001624
14.512908 -0.005026
14.517909 -0.003233
14.522910 -0.006020
14.527911 -0.006784
14.532912 -0.005834
14.537913 -0.010882
14.542914 -0.010207
14.547915 -0.007225
14.552916 -0.006340
14.557917 -0.007040
14.562918 -0.000162
14.567919 0.004592
14.572920 0.009558
14.577921 0.017864
14.582922 0.025728
14.587923 0.035084
14.592924 0.038307
14.597925 0.048162
14.602926 0.053936
14.607927 0.055077
14.612928 0.059466
14.617929 0.056360
14.622930 0.058034
14.627931 0.053659
14.632932 0.045755
14.637933 0.041618
14.642934 0.031078
14.647935 0.024352
14.652936 0.014633
14.657937 0.007232
14.662938 0.001559
14.667939 -0.007814
14.672940 -0.011645
14.677941 -0.015089
14.682942 -0.017338
14.687943 -0.019522
14.692944 -0.016449
14.697945 -0.016469
14.702946 -0.018167
14.707947 -0.009018
14.712948 -0.006045
14.717949 -0.003786
14.722950 0.002391
14.727951 0.004648
14.732952 0.011773
14.737953 0.014296
14.742954 0.018155
14.747956 0.027536
14.752957 0.025938
14.757958 0.028975
14.762959 0.034187
14.767960 0.034327
14.772961 0.035316
14.777962 0.036198
14.782963 0.033020
14.787964 0.032283
14.792965 0.032274
14.797966 0.024528
14.802967 0.021936
14.807968 0.016128
14.812969 0.012418
14.817970 0.006785
14.822971 -0.001977
14.827972 -0.005116
14.832973 -0.011643
14.837974 -0.016696
14.842975 -0.022377
14.847976 -0.024448
14.852977 -0.029880
14.857978 -0.033592
14.862979 -0.034614
14.867980 -0.037723
14.872981 -0.038820
14.877982 -0.042004
14.882983 -0.041578
14.887984 -0.043446
14.892985 -0.040877
14.897986 -0.044686
14.902987 -0.046269
14.907988 -0.038196
14.912989 -0.042749
14.917990 -0.039861
14.922991 -0.035371
14.927992 -0.032876
14.932993 -0.027032
14.937994 -0.026749
14.942995 -0.023333
14.947996 -0.017582
14.952997 -0.015843
14.957998 -0.015561
14.962999 -0.012682
14.968000 -0.011665
14.973001 -0.009957
14.978002 -0.011532
14.983003 -0.011727
14.988004 -0.009442
14.993005 -0.011324
14.998006 -0.009225
15.003007 -0.008839
15.008008 -0.005677
15.013009 -0.003318
15.018010 -0.002975
15.023011 0.003482
15.028012 0.006378
15.033013 0.007804
15.038014 0.010425
15.043015 0.013956
15.048016 0.015777
15.053017 0.013857
15.058018 0.017597
15.063019 0.017916
15.068020 0.013571
15.073021 0.017670
15.078022 0.015665
15.083023 0.014820
15.088024 0.016832
15.093025 0.016752
15.098026 0.018522
15.103027 0.017416
15.108028 0.022992
15.113029 0.021409
15.118030 0.023696
15.123031 0.026080
15.128032 0.024539
15.133033 0.028212
15.138034 0.024627
15.143035 0.025149
15.148036 0.022968
15.153037 0.020588
15.158038 0.017059
15.163039 0.014372
15.168040 0.011107
15.173041 0.006945
15.178042 0.005168
15.183043 -0.002615
15.188044 -0.004286
15.193045 -0.005934
15.198046 -0.009236
15.203047 -0.010963
15.208048 -0.010565
15.213049 -0.006869
15.218050 -0.005065
15.223051 -0.001392
15.228052 0.007196
15.233053 0.013006
15.238054 0.020494
15.243055 0.030624
15.248056 0.034718
15.253057 0.043309
15.258058 0.047006
15.263059 0.050367
15.268060 0.056230
15.273061 0.052207
15.278062 0.054452
15.283063 0.051561
15.288064 0.044595
15.293065 0.041700
15.298066 0.031701
15.303067 0.025501
15.308068 0.018437
15.313069 0.008415
15.318070 0.000071
15.323071 -0.010219
15.328072 -0.017845
15.333073 -0.024480
15.338074 -0.030473
15.343075 -0.036655
15.348076 -0.039707
15.353077 -0.038340
15.358078 -0.041533
15.363079 -0.041913
15.368080 -0.037053
15.373081 -0.034992
15.378082 -0.034143
15.383083 -0.028679
15.388084 -0.024677
15.393085 -0.022609
15.398086 -0.016252
15.403087 -0.014883
15.408088 -0.010041
15.413089 -0.004819
15.418090 -0.005146
15.423091 -0.002556
15.428092 0.000267
15.433093 0.001356
15.438094 -0.001885
15.443095 -0.002836
15.448096 -0.006208
15.453097 -0.011615
15.458098 -0.014416
15.463099 -0.020766
15.468100 -0.026166
15.473101 -0.031785
15.478102 -0.035364
15.483103 -0.040255
15.488104 -0.042033
15.493105 -0.038359
15.498106 -0.043293
15.503107 -0.038859
15.508108 -0.031599
15.513109 -0.029111
15.518110 -0.020254
15.523111 -0.014742
15.528112 -0.004403
15.533113 0.005234
15.538114 0.009226
15.543115 0.018589
15.548116 0.024834
15.553117 0.028421
15.558118 0.034750
15.563119 0.033348
15.568120 0.035563
15.573121 0.036804
15.578122 0.030537
15.583123 0.029639
15.588124 0.026604
15.593125 0.023551
15.598126 0.015858
15.603127 0.009349
15.608128 0.007235
15.613129 -0.000597
15.618130 -0.006245
15.623131 -0.011911
15.628132 -0.017617
15.633133 -0.020823
15.638134 -0.027338
15.643135 -0.028519
15.648136 -0.031411
15.653137 -0.036520
15.658138 -0.033058
15.663139 -0.037695
15.668140 -0.038295
15.673141 -0.033278
15.678142 -0.032193
15.683143 -0.031095
15.688144 -0.027216
15.693145 -0.019661
15.698146 -0.019074
15.703147 -0.010264
15.708148 -0.004167
15.713149 -0.001192
15.718150 0.007701
15.723151 0.007907
15.728152 0.014468
15.733153 0.015623
15.738154 0.015883
15.743155 0.020891
15.748156 0.014906
15.753157 0.014406
15.758158 0.013531
15.763159 0.009711
15.768160 0.005724
15.773161 0.004108
15.778162 0.000449
15.783163 -0.004506
15.788164 -0.003778
15.793165 -0.010252
15.798166 -0.006870
15.803167 -0.009130
15.808168 -0.010791
15.813169 -0.003416
15.818170 -0.007415
15.823171 -0.002842
15.828172 0.000274
15.833173 0.003840
15.838174 0.005897
15.843175 0.007743
15.848176 0.014248
15.853177 0.015348
15.858178 0.018668
15.863179 0.021377
15.868180 0.026270
15.873181 0.028206
15.878182 0.030228
15.883183 0.032371
15.888184 0.033955
15.893185 0.036036
15.898186 0.033230
15.903187 0.031751
15.908188 0.030925
15.913189 0.028791
15.918190 0.023823
15.923191 0.021130
15.928192 0.019135
15.933193 0.014924
15.938194 0.010835
15.943195 0.012062
15.948196 0.009742
15.953197 0.004549
15.958198 0.008411
15.963199 0.007676
15.968200 0.008558
15.973201 0.010196
15.978202 0.007625
15.983203 0.010775
15.988204 0.012785
15.993205 0.011376
15.998206 0.011456
16.003207 0.010967
16.008208 0.009989
16.013209 0.010353
16.018210 0.006073
16.023211 0.004396
16.028212 0.003424
16.033213 -0.001286
16.038214 -0.001689
16.043215 -0.005484
16.048216 -0.007490
16.053217 -0.010328
16.058218 -0.012014
16.063219 -0.013321
16.068220 -0.019151
16.073221 -0.016562
16.078222 -0.024542
16.083223 -0.026986
16.088224 -0.026142
16.093225 -0.034438
16.098226 -0.032651
16.103227 -0.038567
16.108228 -0.037178
16.113229 -0.037457
16.118230 -0.040596
16.123231 -0.034896
16.128232 -0.034620
16.133233 -0.028014
16.138234 -0.025881
16.143235 -0.022627
16.148236 -0.015395
16.153237 -0.013385
16.158238 -0.010970
16.163239 -0.006774
16.168240 -0.006258
16.173241 -0.008257
16.178242 -0.008184
16.183243 -0.012164
16.188244 -0.012007
16.193245 -0.014354
16.198246 -0.020680
16.203247 -0.019051
16.208248 -0.021976
16.213249 -0.022333
16.218250 -0.017924
16.223251 -0.020917
16.228252 -0.013333
16.233253 -0.009569
16.238254 -0.010156
16.243255 0.001372
16.248256 0.004406
16.253257 0.007532
16.258258 0.012640
16.263259 0.017541
16.268260 0.021389
16.273261 0.023447
16.278262 0.029175
16.283263 0.028786
16.288264 0.032489
16.293265 0.035334
16.298266 0.034629
16.303267 0.036931
16.308268 0.038136
16.313269 0.037716
16.318270 0.035211
16.323271 0.036632
16.328272 0.032926
16.333273 0.029389
16.338274 0.028867
16.343275 0.020547
16.348276 0.017935
16.353277 0.015229
16.358278 0.007927
16.363279 0.006751
16.368280 0.001572
16.373281 0.001689
16.378282 0.002403
16.383283 -0.000406
16.388284 0.006484
16.393285 0.007907
16.398286 0.010263
16.403287 0.014429
16.408288 0.020247
16.413289 0.022052
16.418290 0.020670
16.423291 0.028618
16.428292 0.024435
16.433293 0.025073
16.438294 0.026166
16.443295 0.019219
16.448296 0.020871
16.453297 0.014512
16.458298 0.009255
16.463299 0.007064
16.468300 0.002210
16.473301 -0.000125
16.478302 -0.008005
16.483303 -0.013306
16.488304 -0.010832
16.493305 -0.015665
16.498306 -0.022177
16.503307 -0.022203
16.508308 -0.025405
16.513309 -0.028736
16.518310 -0.029078
16.523311 -0.033081
16.528312 -0.032537
16.533313 -0.031882
16.538314 -0.037012
16.543315 -0.031806
16.548316 -0.028824
16.553317 -0.028543
16.558318 -0.024667
16.563319 -0.020985
16.568320 -0.015239
16.573321 -0.010858
16.578322 -0.004458
16.583323 -0.002042
16.588324 0.002818
16.593325 0.009342
16.598326 0.009653
16.603327 0.012021
16.608328 0.016596
16.613329 0.018685
16.618330 0.017359
16.623331 0.017608
16.628332 0.018518
16.633333 0.016713
16.638334 0.013326
16.643335 0.011923
16.648336 0.009857
16.653337 0.006757
16.658338 0.005714
16.663339 0.001024
16.668340 -0.000290
16.673341 -0.001098
16.678342 -0.004802
16.683343 -0.003774
16.688344 -0.008376
16.693345 -0.010735
16.698346 -0.010852
16.703347 -0.013810
16.708348 -0.012739
16.713349 -0.014894
16.718350 -0.016413
16.723351 -0.017365
16.728352 -0.016131
16.733353 -0.015503
16.738354 -0.015887
16.743355 -0.014913
16.748356 -0.014124
16.753357 -0.008470
16.758358 -0.011643
16.763359 -0.009726
16.768360 -0.003831
16.773361 -0.008679
16.778362 -0.006587
16.783363 -0.003316
16.788364 -0.005351
16.793365 -0.004468
16.798366 -0.003825
16.803367 -0.006103
16.808368 -0.005173
16.813369 -0.004428
16.818370 -0.005370
16.823371 -0.005993
16.828372 -0.005148
16.833373 -0.004942
16.838374 -0.004311
16.843375 -0.003391
16.848376 -0.004235
16.853377 -0.001277
16.858378 -0.002757
16.863379 -0.001228
16.868380 0.001376
16.873381 -0.001595
16.878382 -0.000155
16.883383 -0.000467
16.888384 0.000706
16.893385 0.001041
16.898386 -0.000263
16.903387 0.000692
16.908388 0.000849
16.913389 0.002077
16.918390 0.002843
16.923391 0.004820
16.928392 0.005284
16.933393 0.006853
16.938394 0.010192
16.943395 0.011663
16.948396 0.013811
16.953397 0.012857
16.958398 0.014253
16.963399 0.015250
16.968400 0.014528
16.973401 0.015721
16.978402 0.013415
16.983403 0.013815
16.988404 0.014209
16.993405 0.013375
16.998406 0.013210
17.003407 0.012607
17.008408 0.014274
17.013410 0.014269
17.018411 0.010655
17.023412 0.011490
17.028413 0.013037
17.033414 0.010260
17.038415 0.012046
17.043416 0.010934
17.048417 0.009859
17.053418 0.011162
17.058419 0.009966
17.063420 0.011566
17.068421 0.011161
17.073422 0.011496
17.078423 0.010785
17.083424 0.009070
17.088425 0.010278
17.093426 0.008523
17.098427 0.007262
17.103428 0.004668
17.108429 0.000613
17.113430 -0.000116
17.118431 -0.004579
17.123432 -0.009996
17.128433 -0.012733
17.133434 -0.017882
17.138435 -0.021357
17.143436 -0.026127
17.148437 -0.028506
17.153438 -0.031190
17.158439 -0.036559
17.163440 -0.034235
17.168441 -0.036438
17.173442 -0.036595
17.178443 -0.034262
17.183444 -0.036337
17.188445 -0.033265
17.193446 -0.028496
17.198447 -0.025460
17.203448 -0.024954
17.208449 -0.020063
17.213450 -0.016089
17.218451 -0.015587
17.223452 -0.010129
17.228453 -0.007843
17.233454 -0.003917
17.238455 -0.001567
17.243456 -0.002673
17.248457 0.003102
17.253458 0.003969
17.258459 0.005195
17.263460 0.006788
17.268461 0.007462
17.273462 0.009912
17.278463 0.009995
17.283464 0.013154
17.288465 0.014074
17.293466 0.015307
17.298467 0.016438
17.303468 0.019563
17.308469 0.022284
17.313470 0.022641
17.318471 0.025230
17.323472 0.026839
17.328473 0.027631
17.333474 0.027478
17.338475 0.029567
17.343476 0.026976
17.348477 0.027002
17.353478 0.027126
17.358479 0.021525
17.363480 0.021643
17.368481 0.015609
17.373482 0.011345
17.378483 0.010152
17.383484 0.001906
17.388485 0.000043
17.393486 -0.004451
17.398487 -0.009429
17.403488 -0.007955
17.408489 -0.013348
17.413490 -0.013546
17.418491 -0.010996
17.423492 -0.012796
17.428493 -0.010513
17.433494 -0.008990
17.438495 -0.006972
17.443496 -0.005012
17.448497 -0.001975
17.453498 0.000307
17.458499 0.002602
17.463500 0.004185
17.468501 0.006261
17.473502 0.008285
17.478503 0.006002
17.483504 0.008975
17.488505 0.005712
17.493506 0.004887
17.498507 0.005361
17.503508 0.001400
17.508509 0.000447
17.513510 -0.003577
17.518511 -0.002653
17.523512 -0.007897
17.528513 -0.009610
17.533514 -0.007934
17.538515 -0.012476
17.543516 -0.014298
17.548517 -0.015286
17.553518 -0.012092
17.558519 -0.015679
17.563520 -0.014985
17.568521 -0.011749
17.573522 -0.013736
17.578523 -0.010221
17.583524 -0.009932
17.588525 -0.007994
17.593526 -0.005678
17.598527 -0.004132
17.603528 -0.001614
17.608529 -0.001141
17.613530 -0.000163
17.618531 0.003075
17.623532 0.005274
17.628533 0.003251
17.633534 0.005167
17.638535 0.005236
17.643536 0.005647
17.648537 0.007341
17.653538 0.005816
17.658539 0.006324
17.663540 0.005186
17.668541 0.005422
17.673542 0.004751
17.678543 0.002911
17.683544 0.003153
17.688545 0.004398
17.693546 0.003563
17.698547 0.002218
17.703548 0.002854
17.708549 0.003923
17.713550 0.006623
17.718551 0.003379
17.723552 0.004673
17.728553 0.009883
17.733554 0.008920
17.738555 0.007972
17.743556 0.009545
17.748557 0.012229
17.753558 0.009477
17.758559 0.008591
17.763560 0.008112
17.768561 0.005844
17.773562 0.004409
17.778563 -0.000814
17.783564 -0.002341
17.788565 -0.001843
17.793566 -0.008471
17.798567 -0.010887
17.803568 -0.010170
17.808569 -0.013329
17.813570 -0.012401
17.818571 -0.015039
17.823572 -0.014059
17.828573 -0.011517
17.833574 -0.013366
17.838575 -0.013366
17.843576 -0.010740
17.848577 -0.005823
17.853578 -0.009748
17.858579 -0.005004
17.863580 0.000001
17.868581 -0.001148
17.873582 0.004015
17.878583 0.004264
17.883584 0.007259
17.888585 0.009116
17.893586 0.010514
17.898587 0.009991
17.903588 0.009201
17.908589 0.009989
17.913590 0.008286
17.918591 0.005584
17.923592 0.000965
17.928593 0.004053
17.933594 -0.001942
17.938595 -0.006305
17.943596 -0.005267
17.948597 -0.009562
17.953598 -0.008645
17.958599 -0.012511
17.963600 -0.011090
17.968601 -0.010018
17.973602 -0.011538
17.978603 -0.009095
17.983604 -0.010424
17.988605 -0.006191
17.993606 -0.004757
17.998607 -0.006142
18.003608 -0.005187
18.008609 -0.002997
18.013610 -0.000720
18.018611 -0.003416
18.023612 0.000559
18.028613 -0.000778
18.033614 0.001729
18.038615 0.007204
18.043616 0.001146
18.048617 0.008899
18.053618 0.009126
18.058619 0.009488
18.063620 0.015473
18.068621 0.013540
18.073622 0.018554
18.078623 0.015102
18.083624 0.015570
18.088625 0.018069
18.093626 0.013461
18.098627 0.011724
18.103628 0.010128
18.108629 0.006929
18.113630 0.002973
18.118631 -0.000014
18.123632 -0.005450
18.128633 -0.006330
18.133634 -0.009556
18.138635 -0.012636
18.143636 -0.011556
18.148637 -0.014868
18.153638 -0.013299
18.158639 -0.011954
18.163640 -0.013619
18.168641 -0.011222
18.173642 -0.010148
18.178643 -0.009968
18.183644 -0.008933
18.188645 -0.008262
18.193646 -0.006581
18.198647 -0.006368
18.203648 -0.006329
18.208649 -0.005944
18.213650 -0.005332
18.218651 -0.006927
18.223652 -0.005754
18.228653 -0.000072
18.233654 -0.003715
18.238655 -0.003005
18.243656 0.001329
18.248657 -0.001200
18.253658 0.004173
18.258659 0.005551
18.263660 0.004043
18.268661 0.008125
18.273662 0.008012
18.278663 0.008388
18.283664 0.009498
18.288665 0.010679
18.293666 0.009724
18.298667 0.008228
18.303668 0.006017
18.308669 0.005229
18.313670 0.005596
18.318671 -0.001291
18.323672 -0.002866
18.328673 -0.002512
18.333674 -0.006458
18.338675 -0.009712
18.343676 -0.011896
18.348677 -0.010494
18.353678 -0.012696
18.358679 -0.014574
18.363680 -0.010844
18.368681 -0.012580
18.373682 -0.011608
18.378683 -0.006620
18.383684 -0.007369
18.388685 -0.003618
18.393686 0.000154
18.398687 0.000557
18.403688 0.002612
18.408689 0.005806
18.413690 0.009704
18.418691 0.011550
18.423692 0.011246
18.428693 0.013329
18.433694 0.015290
18.438695 0.014643
18.443696 0.012073
18.448697 0.009685
18.453698 0.010275
18.458699 0.005742
18.463700 0.002754
18.468701 -0.000787
18.473702 -0.004151
18.478703 -0.005988
18.483704 -0.011371
18.488705 -0.010860
18.493706 -0.013753
18.498707 -0.014693
18.503708 -0.012923
18.508709 -0.015588
18.513710 -0.012250
18.518711 -0.011505
18.523712 -0.011022
18.528713 -0.007147
18.533714 -0.007314
18.538715 -0.005636
18.543716 -0.005198
18.548717 -0.004014
18.553718 -0.002032
18.558719 -0.003623
18.563720 -0.003886
18.568721 -0.004158
18.573722 -0.004621
18.578723 -0.005433
18.583724 -0.008509
18.588725 -0.006257
18.593726 -0.005108
18.598727 -0.011701
18.603728 -0.010035
18.608729 -0.009039
18.613730 -0.011075
18.618731 -0.009434
18.623732 -0.011414
18.628733 -0.011641
18.633734 -0.008496
18.638735 -0.011452
18.643736 -0.013019
18.648737 -0.005052
18.653738 -0.007624
18.658739 -0.008638
18.663740 -0.003260
18.668741 -0.002584
18.673742 -0.000459
18.678743 0.000273
18.683744 0.003171
18.688745 0.005817
18.693746 0.008435
18.698747 0.008852
18.703748 0.012772
18.708749 0.015563
18.713750 0.016313
18.718751 0.020018
18.723752 0.018456
18.728753 0.022151
18.733754 0.021792
18.738755 0.020664
18.743756 0.021264
18.748757 0.019509
18.753758 0.019089
18.758759 0.016643
18.763760 0.015709
18.768761 0.012486
18.773762 0.011732
18.778763 0.009801
18.783764 0.007832
18.788765 0.004912
18.793766 0.005422
18.798767 0.006523
18.803768 0.000224
18.808769 0.005795
18.813770 0.004445
18.818771 0.003083
18.823772 0.010009
18.828773 0.007029
18.833774 0.010520
18.838775 0.013291
18.843776 0.013218
18.848777 0.014216
18.853778 0.015061
18.858779 0.016709
18.863780 0.014564
18.868781 0.015151
18.873782 0.012500
18.878783 0.009418
18.883784 0.010139
18.888785 0.005452
18.893786 0.003133
18.898787 0.002385
18.903788 -0.003993
18.908789 -0.004039
18.913790 -0.006851
18.918791 -0.012288
18.923792 -0.012138
18.928793 -0.013701
18.933794 -0.015917
18.938795 -0.018558
18.943796 -0.017379
18.948797 -0.020545
18.953798 -0.020371
18.958799 -0.020321
18.963800 -0.021395
18.968801 -0.019306
18.973802 -0.021875
18.978803 -0.018972
18.983804 -0.019038
18.988805 -0.016959
18.993806 -0.017278
18.998807 -0.014714
19.003808 -0.010641
19.008809 -0.011880
19.013810 -0.008884
19.018811 -0.009098
19.023812 -0.005694
19.028813 -0.005004
19.033814 -0.003428
19.038815 -0.002453
19.043816 -0.000742
19.048817 -0.001881
19.053818 -0.002199
19.058819 0.004000
19.063820 -0.001389
19.068821 0.002864
19.073822 0.003653
19.078823 -0.000124
19.083824 0.006039
19.088825 0.004107
19.093826 0.004195
19.098827 0.005820
19.103828 0.005540
19.108829 0.006718
19.113830 0.008118
19.118831 0.007165
19.123832 0.004571
19.128833 0.007575
19.133834 0.007028
19.138835 0.003427
19.143836 0.005846
19.148837 0.005570
19.153838 0.002815
19.158839 0.001706
19.163840 0.001575
19.168841 -0.000060
19.173842 -0.004675
19.178843 -0.005079
19.183844 -0.005605
19.188845 -0.010538
19.193846 -0.011002
19.198847 -0.012492
19.203848 -0.016846
19.208849 -0.012925
19.213850 -0.013530
19.218851 -0.014099
19.223852 -0.013559
19.228853 -0.012764
19.233854 -0.005669
19.238855 -0.007790
19.243856 -0.004277
19.248857 -0.001133
19.253858 -0.000110
19.258859 0.003472
19.263860 0.004139
19.268861 0.009185
19.273862 0.009275
19.278863 0.010572
19.283865 0.011074
19.288866 0.013215
19.293867 0.015127
19.298868 0.012064
19.303869 0.015076
19.308870 0.014564
19.313871 0.011401
19.318872 0.013126
19.323873 0.010217
19.328874 0.008408
19.333875 0.008916
19.338876 0.003945
19.343877 0.005492
19.348878 0.003410
19.353879 0.000518
19.358880 0.001744
19.363881 -0.004152
19.368882 -0.001691
19.373883 0.000576
19.378884 -0.002937
19.383885 -0.004310
19.388886 -0.001221
19.393887 0.001114
19.398888 -0.001625
19.403889 0.001752
19.408890 0.002521
19.413891 0.004844
19.418892 0.006737
19.423893 0.005289
19.428894 0.008633
19.433895 0.009409
19.438896 0.009503
19.443897 0.008756
19.448898 0.010041
19.453899 0.008898
19.458900 0.008173
19.463901 0.008760
19.468902 0.005321
19.473903 0.003664
19.478904 0.002623
19.483905 0.001894
19.488906 -0.001332
19.493907 -0.000054
19.498908 -0.001524
19.503909 -0.005476
19.508910 -0.002347
19.513911 -0.001908
19.518912 -0.002154
19.523913 -0.001179
19.528914 0.000560
19.533915 0.000968
19.538916 0.001412
19.543917 0.002863
19.548918 0.004439
19.553919 0.005305
19.558920 0.003787
19.563921 0.007064
19.568922 0.007679
19.573923 0.005232
19.578924 0.006731
19.583925 0.003914
19.588926 0.005007
19.593927 0.004571
19.598928 0.001525
19.603929 0.002505
19.608930 -0.001524
19.613931 -0.000409
19.618932 -0.003864
19.623933 -0.006308
19.628934 -0.001868
19.633935 -0.007068
19.638936 -0.007637
19.643937 -0.006468
19.648938 -0.007400
19.653939 -0.006426
19.658940 -0.007767
19.663941 -0.006392
19.668942 -0.005608
19.673943 -0.005584
19.678944 -0.004759
19.683945 -0.003451
19.688946 -0.005963
19.693947 -0.005310
19.698948 -0.000839
19.703949 -0.007250
19.708950 -0.003295
19.713951 -0.002269
19.718952 -0.008972
19.723953 -0.001878
19.728954 -0.006886
19.733955 -0.009201
19.738956 -0.005532
19.743957 -0.009900
19.748958 -0.010422
19.753959 -0.012534
19.758960 -0.011653
19.763961 -0.014642
19.768962 -0.016207
19.773963 -0.016678
19.778964 -0.017875
19.783965 -0.016180
19.788966 -0.019555
19.793967 -0.015188
19.798968 -0.019653
19.803969 -0.016698
19.808970 -0.012129
19.813971 -0.015975
19.818972 -0.007874
19.823973 -0.009949
19.828974 -0.007026
19.833975 -0.002857
19.838976 -0.002726
19.843977 -0.000303
19.848978 0.002106
19.853979 0.004476
19.858980 0.004219
19.863981 0.006877
19.868982 0.006845
19.873983 0.007834
19.878984 0.007006
19.883985 0.007457
19.888986 0.007314
19.893987 0.006026
19.898988 0.006843
19.903989 0.003055
19.908990 0.003050
19.913991 0.004222
19.918992 0.001036
19.923993 -0.000890
19.928994 -0.000827
19.933995 -0.001967
19.938996 -0.003751
19.943997 -0.002841
19.948998 -0.005702
19.953999 -0.004931
19.959000 -0.003168
19.964001 -0.008622
19.969002 -0.003698
19.974003 -0.003684
19.979004 -0.003956
19.984005 0.000121
19.989006 -0.001853
19.994007 0.001429
19.999008 0.001630
20.004009 0.005041
20.009010 0.007176
20.014011 0.006005
20.019012 0.009755
20.024013 0.008884
20.029014 0.008541
20.034015 0.012459
20.039016 0.011151
20.044017 0.008503
20.049018 0.011814
20.054019 0.011063
20.059020 0.007509
20.064021 0.008216
20.069022 0.010002
20.074023 0.009060
20.079024 0.007322
20.084025 0.007602
20.089026 0.009114
20.094027 0.011454
20.099028 0.009212
20.104029 0.010334
20.109030 0.013772
20.114031 0.012288
20.119032 0.013586
20.124033 0.015571
20.129034 0.016634
20.134035 0.015845
20.139036 0.018298
20.144037 0.018634
20.149038 0.016360
20.154039 0.018317
20.159040 0.015258
20.164041 0.014243
20.169042 0.014813
20.174043 0.011125
20.179044 0.007318
20.184045 0.004401
20.189046 0.003515
20.194047 0.000877
20.199048 -0.003799
20.204049 -0.005056
20.209050 -0.007496
20.214051 -0.010566
20.219052 -0.011617
20.224053 -0.012781
20.229054 -0.010270
20.234055 -0.014073
20.239056 -0.014410
20.244057 -0.010099
20.249058 -0.012546
20.254059 -0.009852
20.259060 -0.012035
20.264061 -0.011035
20.269062 -0.008976
20.274063 -0.013718
20.279064 -0.010281
20.284065 -0.012838
20.289066 -0.014708
20.294067 -0.013064
20.299068 -0.017292
20.304069 -0.016525
20.309070 -0.016792
20.314071 -0.018943
20.319072 -0.021290
20.324073 -0.024024
20.329074 -0.021045
20.334075 -0.023951
20.339076 -0.026963
20.344077 -0.025126
20.349078 -0.027028
20.354079 -0.027255
20.359080 -0.025914
20.364081 -0.026321
20.369082 -0.026650
20.374083 -0.022687
20.379084 -0.024083
20.384085 -0.023283
20.389086 -0.017453
20.394087 -0.018409
20.399088 -0.015571
20.404089 -0.011289
20.409090 -0.010161
20.414091 -0.005111
20.419092 -0.002627
20.424093 -0.000790
20.429094 0.005545
20.434095 0.005406
20.439096 0.007368
20.444097 0.011024
20.449098 0.013720
20.454099 0.015383
20.459100 0.015617
20.464101 0.020079
20.469102 0.019211
20.474103 0.021403
20.479104 0.023203
20.484105 0.020350
20.489106 0.022883
20.494107 0.022002
20.499108 0.020460
20.504109 0.021408
20.509110 0.018063
20.514111 0.019773
20.519112 0.018720
20.524113 0.015911
20.529114 0.018526
20.534115 0.014889
20.539116 0.013087
20.544117 0.013720
20.549118 0.013675
20.554119 0.013844
20.559120 0.011409
20.564121 0.009958
20.569122 0.012448
20.574123 0.011621
20.579124 0.009490
20.584125 0.011697
20.589126 0.012232
20.594127 0.011437
20.599128 0.012611
20.604129 0.012824
20.609130 0.010529
20.614131 0.013586
20.619132 0.011689
20.624133 0.010123
20.629134 0.014706
20.634135 0.011026
20.639136 0.009787
20.644137 0.010882
20.649138 0.010198
20.654139 0.010637
20.659140 0.009415
20.664141 0.006482
20.669142 0.008470
20.674143 0.008874
20.679144 0.005658
20.684145 0.008254
20.689146 0.006209
20.694147 0.006226
20.699148 0.006211
20.704149 0.004766
20.709150 0.006924
20.714151 0.005225
20.719152 0.004351
20.724153 0.004024
20.729154 0.003856
20.734155 0.001801
20.739156 0.001813
20.744157 0.000862
20.749158 -0.000202
20.754159 0.000564
20.759160 -0.001055
20.764161 -0.002509
20.769162 -0.003027
20.774163 -0.000322
20.779164 -0.005269
20.784165 -0.003501
20.789166 -0.001734
20.794167 -0.007639
20.799168 -0.004806
20.804169 -0.007194
20.809170 -0.006920
20.814171 -0.009061
20.819172 -0.011724
20.824173 -0.010219
20.829174 -0.013107
20.834175 -0.014263
20.839176 -0.015360
20.844177 -0.016136
20.849178 -0.017512
20.854179 -0.015260
20.859180 -0.018636
20.864181 -0.017171
20.869182 -0.015005
20.874183 -0.019498
20.879184 -0.013182
20.884185 -0.013753
20.889186 -0.013698
20.894187 -0.011779
20.899188 -0.011466
20.904189 -0.009512
20.909190 -0.011283
20.914191 -0.007760
20.919192 -0.010385
20.924193 -0.011524
20.929194 -0.007668
20.934195 -0.010494
20.939196 -0.011528
20.944197 -0.009902
20.949198 -0.010866
20.954199 -0.011804
20.959200 -0.011608
20.964201 -0.013354
20.969202 -0.010535
20.974203 -0.011520
20.979204 -0.014012
20.984205 -0.010353
20.989206 -0.010906
20.994207 -0.011983
20.999208 -0.011876
21.004209 -0.011200
21.009210 -0.011260
21.014211 -0.009998
21.019212 -0.009719
21.024213 -0.009326
21.029214 -0.008474
21.034215 -0.009468
21.039216 -0.006119
21.044217 -0.005609
21.049218 -0.004567
21.054219 -0.002904
21.059220 -0.003161
21.064221 -0.002473
21.069222 0.001470
21.074223 0.002646
21.079224 -0.000896
21.084225 0.003590
21.089226 0.002842
21.094227 0.001976
21.099228 0.004516
21.104229 0.001315
21.109230 0.001006
21.114231 0.002667
21.119232 0.001689
21.124233 -0.000029
21.129234 0.001494
21.134235 0.002220
21.139236 0.003107
21.144237 0.000474
21.149238 0.000791
21.154239 0.006188
21.159240 0.003848
21.164241 0.005980
21.169242 0.010457
21.174243 0.008809
21.179244 0.012014
21.184245 0.013622
21.189246 0.017050
21.194247 0.019932
21.199248 0.016004
21.204249 0.022951
21.209250 0.022677
21.214251 0.021696
21.219252 0.024745
21.224253 0.021696
21.229254 0.023985
21.234255 0.022269
21.239256 0.024460
21.244257 0.021950
21.249258 0.020522
21.254259 0.021669
21.259260 0.019199
21.264261 0.019963
21.269262 0.016438
21.274263 0.019750
21.279264 0.015352
21.284265 0.014510
21.289266 0.018144
21.294267 0.013855
21.299268 0.014719
21.304269 0.011747
21.309270 0.012096
21.314271 0.009515
21.319272 0.007873
21.324273 0.006318
21.329274 0.002886
21.334275 0.001630
21.339276 -0.004561
21.344277 -0.002354
21.349278 -0.008246
21.354279 -0.013078
21.359280 -0.011697
21.364281 -0.017351
21.369282 -0.017179
21.374283 -0.018980
21.379284 -0.022793
21.384285 -0.021452
21.389286 -0.022399
21.394287 -0.025026
21.399288 -0.022771
21.404289 -0.024252
21.409290 -0.024321
21.414291 -0.022728
21.419292 -0.022582
21.424293 -0.019738
21.429294 -0.018123
21.434295 -0.017756
21.439296 -0.017705
21.444297 -0.011933
21.449298 -0.011810
21.454299 -0.010699
21.459300 -0.007687
21.464301 -0.009859
21.469302 -0.004313
21.474303 -0.002428
21.479304 -0.003491
21.484305 -0.003754
21.489306 -0.000038
21.494307 0.001800
21.499308 -0.002229
21.504309 0.001918
21.509310 0.000585
21.514311 0.000773
21.519312 0.001245
21.524313 -0.001833
21.529314 0.002045
21.534315 -0.001508
21.539316 -0.001744
21.544317 -0.001149
21.549319 -0.002324
21.554320 -0.000689
21.559321 -0.003368
21.564322 -0.000923
21.569323 -0.000024
21.574324 -0.001203
21.579325 -0.000714
21.584326 0.000495
21.589327 0.004329
21.594328 0.002834
21.599329 0.002214
21.604330 0.006543
21.609331 0.005676
21.614332 0.005772
21.619333 0.005996
21.624334 0.004061
21.629335 0.005859
21.634336 0.005637
21.639337 0.004369
21.644338 0.003215
21.649339 0.003142
21.654340 0.002509
21.659341 0.001041
21.664342 -0.000398
21.669343 -0.001706
21.674344 -0.000845
21.679345 -0.002468
21.684346 -0.002310
21.689347 -0.003024
21.694348 -0.002404
21.699349 0.001345
21.704350 -0.000807
21.709351 0.001807
21.714352 0.006684
21.719353 0.006519
21.724354 0.008141
21.729355 0.010950
21.734356 0.012651
21.739357 0.012902
21.744358 0.014733
21.749359 0.012804
21.754360 0.011401
21.759361 0.015059
21.764362 0.009916
21.769363 0.007601
21.774364 0.009345
21.779365 0.003555
21.784366 0.000982
21.789367 0.001966
21.794368 -0.001069
21.799369 -0.003292
21.804370 -0.002818
21.809371 -0.004404
21.814372 -0.006471
21.819373 -0.006153
21.824374 -0.005109
21.829375 -0.005836
21.834376 -0.004122
21.839377 -0.004097
21.844378 -0.004091
21.849379 -0.002168
21.854380 -0.002664
21.859381 -0.000508
21.864382 -0.000114
21.869383 0.000586
21.874384 0.003668
21.879385 0.003342
21.884386 0.003793
21.889387 0.007813
21.894388 0.007833
21.899389 0.008610
21.904390 0.007803
21.909391 0.009147
21.914392 0.013765
21.919393 0.006525
21.924394 0.010722
21.929395 0.012080
21.934396 0.005415
21.939397 0.009702
21.944398 0.006562
21.949399 0.006144
21.954400 0.006122
21.959401 0.003108
21.964402 0.003320
21.969403 0.002301
21.974404 0.002023
21.979405 0.000046
21.984406 0.000691
21.989407 -0.000798
21.994408 -0.002988
21.999409 -0.001592
22.004410 -0.002643
22.009411 -0.001281
22.014412 -0.000763
22.019413 -0.003102
22.024414 -0.001506
22.029415 0.001114
22.034416 -0.000730
22.039417 0.000184
22.044418 0.002875
22.049419 0.000937
22.054420 0.001688
22.059421 0.002405
22.064422 0.003081
22.069423 0.001499
22.074424 0.001334
22.079425 0.003392
22.084426 -0.000628
22.089427 0.000242
22.094428 0.000878
22.099429 -0.001523
22.104430 -0.004096
22.109431 -0.003836
22.114432 -0.003277
22.119433 -0.008926
22.124434 -0.006807
22.129435 -0.005463
22.134436 -0.008748
22.139437 -0.009299
22.144438 -0.009832
22.149439 -0.005704
22.154440 -0.006376
22.159441 -0.009818
22.164442 -0.007341
22.169443 -0.006423
22.174444 -0.005180
22.179445 -0.006551
22.184446 -0.005556
22.189447 -0.001891
22.194448 -0.004528
22.199449 -0.004185
22.204450 -0.002789
22.209451 -0.002444
22.214452 -0.001696
22.219453 -0.004162
22.224454 -0.006388
22.229455 -0.006580
22.234456 -0.005907
22.239457 -0.008901
22.244458 -0.011058
22.249459 -0.009655
22.254460 -0.013006
22.259461 -0.015315
22.264462 -0.012997
22.269463 -0.015103
22.274464 -0.015699
22.279465 -0.012904
22.284466 -0.015218
22.289467 -0.013831
22.294468 -0.011953
22.299469 -0.012752
22.304470 -0.008539
22.309471 -0.006885
22.314472 -0.008079
22.319473 -0.004387
22.324474 -0.004777
22.329475 -0.001893
22.334476 0.003353
22.339477 -0.006128
22.344478 0.000489
22.349479 0.005089
22.354480 -0.002183
22.359481 0.003375
22.364482 0.001616
22.369483 0.001664
22.374484 0.001644
22.379485 0.002381
22.384486 0.001687
22.389487 -0.000348
22.394488 0.004132
22.399489 0.001251
22.404490 0.002763
22.409491 0.004425
22.414492 0.004103
22.419493 0.006772
22.424494 0.005342
22.429495 0.006097
22.434496 0.010844
22.439497 0.010612
22.444498 0.007823
22.449499 0.012341
22.454500 0.012916
22.459501 0.011072
22.464502 0.013028
22.469503 0.012744
22.474504 0.011687
22.479505 0.011748
22.484506 0.012925
22.489507 0.009373
22.494508 0.012200
22.499509 0.012426
22.504510 0.008135
22.509511 0.012071
22.514512 0.009065
22.519513 0.010231
22.524514 0.010379
22.529515 0.009427
22.534516 0.009626
22.539517 0.008038
22.544518 0.011682
22.549519 0.010436
22.554520 0.012142
22.559521 0.010568
22.564522 0.010227
22.569523 0.011004
22.574524 0.009565
22.579525 0.012072
22.584526 0.008056
22.589527 0.009154
22.594528 0.008405
22.599529 0.005550
22.604530 0.008549
22.609531 0.004257
22.614532 0.003494
22.619533 0.001774
22.624534 -0.000972
22.629535 0.000949
22.634536 -0.003603
22.639537 -0.004884
22.644538 -0.007437
22.649539 -0.010045
22.654540 -0.009787
22.659541 -0.012533
22.664542 -0.012226
22.669543 -0.015334
22.674544 -0.016179
22.679545 -0.015460
22.684546 -0.017377
22.689547 -0.014179
22.694548 -0.015667
22.699549 -0.016404
22.704550 -0.012389
22.709551 -0.011208
22.714552 -0.009703
22.719553 -0.008492
22.724554 -0.006694
22.729555 -0.004335
22.734556 -0.001824
22.739557 -0.003248
22.744558 -0.002765
22.749559 0.000320
22.754560 -0.001741
22.759561 -0.002811
22.764562 -0.003416
22.769563 -0.003848
22.774564 -0.003717
22.779565 -0.005139
22.784566 -0.009067
22.789567 -0.007415
22.794568 -0.005085
22.799569 -0.010111
22.804570 -0.009905
22.809571 -0.008008
22.814572 -0.007959
22.819573 -0.008705
22.824574 -0.009084
22.829575 -0.008567
22.834576 -0.009018
22.839577 -0.007375
22.844578 -0.009656
22.849579 -0.010079
22.854580 -0.008429
22.859581 -0.008268
22.864582 -0.007987
22.869583 -0.008651
22.874584 -0.006166
22.879585 -0.008649
22.884586 -0.006987
22.889587 -0.001455
22.894588 -0.004793
22.899589 -0.003507
22.904590 -0.000739
22.909591 -0.001950
22.914592 0.001013
22.919593 0.002339
22.924594 -0.000977
22.929595 0.003185
22.934596 0.005241
22.939597 0.000549
22.944598 0.004242
22.949599 0.005996
22.954600 0.005514
22.959601 0.006709
22.964602 0.007832
22.969603 0.008619
22.974604 0.007516
22.979605 0.010778
22.984606 0.010351
22.989607 0.010886
22.994608 0.012366
22.999609 0.010571
23.004610 0.011940
23.009611 0.010820
23.014612 0.011774
23.019613 0.012014
23.024614 0.008707
23.029615 0.010810
23.034616 0.010219
23.039617 0.006998
23.044618 0.007372
23.049619 0.007268
23.054620 0.006834
23.059621 0.005274
23.064622 0.006323
23.069623 0.007035
23.074624 0.004429
23.079625 0.005600
23.084626 0.006832
23.089627 0.004888
23.094628 0.007596
23.099629 0.005450
23.104630 0.002888
23.109631 0.008782
23.114632 0.003586
23.119633 0.003697
23.124634 0.005864
23.129635 0.002915
23.134636 0.005151
23.139637 0.002624
23.144638 0.002121
23.149639 0.003517
23.154640 0.002817
23.159641 -0.001426
23.164642 -0.000024
23.169643 -0.000104
23.174644 -0.002812
23.179645 -0.003027
23.184646 -0.006531
23.189647 -0.007515
23.194648 -0.007883
23.199649 -0.009312
23.204650 -0.012772
23.209651 -0.011761
23.214652 -0.014184
23.219653 -0.012721
23.224654 -0.013794
23.229655 -0.016427
23.234656 -0.010858
23.239657 -0.014244
23.244658 -0.011200
23.249659 -0.010076
23.254660 -0.009271
23.259661 -0.007847
23.264662 -0.006484
23.269663 -0.002611
23.274664 -0.006474
23.279665 -0.002612
23.284666 -0.002839
23.289667 -0.001990
23.294668 -0.000059
23.299669 -0.002720
23.304670 0.000126
23.309671 0.001492
23.314672 0.002158
23.319673 0.001187
23.324674 0.002922
23.329675 0.004938
23.334676 0.004782
23.339677 0.003138
23.344678 0.005263
23.349679 0.007556
23.354680 0.003644
23.359681 0.006870
23.364682 0.006989
23.369683 0.004007
23.374684 0.008275
23.379685 0.004796
23.384686 0.003322
23.389687 0.006187
23.394688 0.004969
23.399689 0.006870
23.404690 0.003264
23.409691 0.006664
23.414692 0.008015
23.419693 0.005478
23.424694 0.009817
23.429695 0.006757
23.434696 0.009107
23.439697 0.008438
23.444698 0.008435
23.449699 0.010187
23.454700 0.006993
23.459701 0.008274
23.464702 0.007786
23.469703 0.006802
23.474704 0.004867
23.479705 0.006263
23.484706 0.004345
23.489707 0.002082
23.494708 0.003406
23.499709 0.000368
23.504710 -0.000176
23.509711 -0.001509
23.514712 -0.002342
23.519713 -0.004401
23.524714 -0.006503
23.529715 -0.005170
23.534716 -0.008965
23.539717 -0.007162
23.544718 -0.008448
23.549719 -0.010801
23.554720 -0.007116
23.559721 -0.011503
23.564722 -0.010429
23.569723 -0.010916
23.574724 -0.009287
23.579725 -0.010029
23.584726 -0.013878
23.589727 -0.009884
23.594728 -0.012535
23.599729 -0.011480
23.604730 -0.013907
23.609731 -0.012397
23.614732 -0.010437
23.619733 -0.014774
23.624734 -0.011336
23.629735 -0.011163
23.634736 -0.009946
23.639737 -0.011719
23.644738 -0.009365
23.649739 -0.006456
23.654740 -0.009788
23.659741 -0.005237
23.664742 -0.005244
23.669743 -0.005856
23.674744 -0.002282
23.679745 -0.003674
23.684746 -0.003489
23.689747 -0.000133
23.694748 0.000319
23.699749 0.000572
23.704750 -0.000254
23.709751 0.002075
23.714752 0.005106
23.719753 0.001945
23.724754 0.005523
23.729755 0.006886
23.734756 0.005053
23.739757 0.008256
23.744758 0.007218
23.749759 0.008088
23.754760 0.008578
23.759761 0.006068
23.764762 0.007930
23.769763 0.007131
23.774764 0.005893
23.779765 0.005286
23.784766 0.001905
23.789767 0.003272
23.794768 0.002402
23.799769 -0.000690
23.804770 -0.001950
23.809771 -0.002537
23.814772 -0.001162
23.819774 -0.005043
23.824775 -0.005421
23.829776 -0.003239
23.834777 -0.006677
23.839778 -0.005498
23.844779 -0.005904
23.849780 -0.006636
23.854781 -0.004357
23.859782 -0.007171
23.864783 -0.006018
23.869784 -0.004717
23.874785 -0.003083
23.879786 -0.004078
23.884787 -0.004727
23.889788 0.001657
23.894789 -0.003129
23.899790 -0.002848
23.904791 0.001240
23.909792 0.000091
23.914793 0.001143
23.919794 -0.000479
23.924795 0.003098
23.929796 0.002595
23.934797 0.000645
23.939798 0.003793
23.944799 0.001509
23.949800 0.003203
23.954801 0.003492
23.959802 0.002309
23.964803 0.004263
23.969804 0.001244
23.974805 0.003955
23.979806 0.005310
23.984807 0.002162
23.989808 0.003051
23.994809 0.005526
23.999810 0.006294
24.004811 0.004298
24.009812 0.006333
24.014813 0.007941
24.019814 0.007137
24.024815 0.009424
24.029816 0.009991
24.034817 0.009832
24.039818 0.011900
24.044819 0.010706
24.049820 0.013361
24.054821 0.013825
24.059822 0.010029
24.064823 0.014430
24.069824 0.014606
24.074825 0.010976
24.079826 0.011977
24.084827 0.011628
24.089828 0.010309
24.094829 0.009540
24.099830 0.008925
24.104831 0.006442
24.109832 0.005770
24.114833 0.005987
24.119834 0.004563
24.124835 0.002686
24.129836 0.000392
24.134837 0.003984
24.139838 0.000751
24.144839 -0.001689
24.149840 0.000421
24.154841 -0.000137
24.159842 -0.000033
24.164843 -0.002966
24.169844 0.000540
24.174845 -0.001417
24.179846 -0.001696
24.184847 -0.000064
24.189848 -0.004207
24.194849 -0.001492
24.199850 -0.000574
24.204851 -0.003542
24.209852 -0.004495
24.214853 -0.001703
24.219854 -0.003879
24.224855 -0.003281
24.229856 -0.001268
24.234857 -0.003634
24.239858 -0.002674
24.244859 -0.004272
24.249860 -0.004279
24.254861 -0.003137
24.259862 -0.003398
24.264863 -0.005747
24.269864 -0.006327
24.274865 -0.004167
24.279866 -0.007485
24.284867 -0.007067
24.289868 -0.005425
24.294869 -0.007502
24.299870 -0.006724
24.304871 -0.007444
24.309872 -0.006835
24.314873 -0.006703
24.319874 -0.008388
24.324875 -0.006843
24.329876 -0.006357
24.334877 -0.006513
24.339878 -0.006515
24.344879 -0.005555
24.349880 -0.005076
24.354881 -0.006273
24.359882 -0.004049
24.364883 -0.003845
24.369884 -0.006029
24.374885 -0.001789
24.379886 -0.005000
24.384887 -0.006986
24.389888 -0.001762
24.394889 -0.004007
24.399890 -0.004879
24.404891 -0.005438
24.409892 -0.003186
24.414893 -0.004132
24.419894 -0.005125
24.424895 -0.003778
24.429896 -0.006863
24.434897 -0.003981
24.439898 -0.004398
24.444899 -0.007016
24.449900 -0.003715
24.454901 -0.004290
24.459902 -0.007041
24.464903 -0.003696
24.469904 -0.004882
24.474905 -0.005246
24.479906 -0.004022
24.484907 -0.004017
24.489908 -0.002063
24.494909 -0.005558
24.499910 -0.004173
24.504911 -0.003124
24.509912 -0.000016
24.514913 -0.001637
24.519914 -0.005812
24.524915 -0.000405
24.529916 -0.002139
24.534917 -0.000432
24.539918 -0.001845
24.544919 -0.004267
24.549920 -0.000193
24.554921 -0.002119
24.559922 -0.001571
24.564923 -0.001634
24.569924 -0.000963
24.574925 -0.000665
24.579926 -0.000011
24.584927 0.001173
24.589928 0.000688
24.594929 0.001382
24.599930 0.002716
24.604931 0.003484
24.609932 0.000214
24.614933 0.003526
24.619934 0.001497
24.624935 0.002236
24.629936 0.001906
24.634937 -0.002446
24.639938 0.002977
24.644939 -0.003556
24.649940 -0.000586
24.654941 0.000846
24.659942 -0.005676
24.664943 -0.003140
24.669944 -0.002144
24.674945 -0.003543
24.679946 -0.005774
24.684947 -0.002915
24.689948 -0.003989
24.694949 -0.001739
24.699950 -0.002428
24.704951 -0.005124
24.709952 -0.001632
24.714953 -0.000133
24.719954 -0.000310
24.724955 -0.000700
24.729956 0.000716
24.734957 0.001230
24.739958 0.004501
24.744959 0.002769
24.749960 0.006722
24.754961 0.009185
24.759962 0.005044
24.764963 0.010235
24.769964 0.010639
24.774965 0.011771
24.779966 0.013432
24.784967 0.010093
24.789968 0.013600
24.794969 0.015729
24.799970 0.009555
24.804971 0.013027
24.809972 0.014313
24.814973 0.008815
24.819974 0.011727
24.824975 0.008963
24.829976 0.010849
24.834977 0.009890
24.839978 0.004937
24.844979 0.009520
24.849980 0.008238
24.854981 0.008076
24.859982 0.006702
24.864983 0.009437
24.869984 0.007321
24.874985 0.005841
24.879986 0.012316
24.884987 0.006589
24.889988 0.010700
24.894989 0.011125
24.899990 0.008190
24.904991 0.011121
24.909992 0.010837
24.914993 0.012292
24.919994 0.009462
24.924995 0.012132
24.929996 0.011054
24.934997 0.009598
24.939998 0.010664
24.944999 0.009046
24.950000 0.010157
