0.000000 0.000000
0.005001 0.000059
0.010002 0.000075
0.015003 0.000029
0.020004 0.000022
0.025005 0.000089
0.030006 0.000100
0.035007 0.000003
0.040008 -0.000158
0.045009 -0.000102
0.050010 0.000048
0.055011 -0.000067
0.060012 -0.000079
0.065013 0.000097
0.070014 0.000141
0.075015 -0.000075
0.080016 -0.000157
0.085017 0.000063
0.090018 0.000068
0.095019 0.000047
0.100020 0.000082
0.105021 0.000036
0.110022 0.000149
0.115023 0.000013
0.120024 -0.000101
0.125025 0.000124
0.130026 0.000142
0.135027 -0.000015
0.140028 -0.000042
0.145029 0.000084
0.150030 0.000164
0.155031 -0.000025
0.160032 -0.000163
0.165033 0.000090
0.170034 0.000306
0.175035 0.000086
0.180036 -0.000099
0.185037 0.000016
0.190038 0.000065
0.195039 -0.000049
0.200040 -0.000115
0.205041 -0.000036
0.210042 0.000123
0.215043 0.000094
0.220044 -0.000067
0.225045 0.000019
0.230046 0.000181
0.235047 0.000002
0.240049 -0.000242
0.245050 -0.000054
0.250051 0.000144
0.255052 -0.000035
0.260053 -0.000058
0.265054 -0.000040
0.270055 0.000014
0.275056 0.000082
0.280057 -0.000069
0.285058 -0.000009
0.290059 0.000041
0.295060 -0.000034
0.300061 -0.000108
0.305062 0.000121
0.310063 0.000263
0.315064 -0.000000
0.320065 -0.000126
0.325066 -0.000016
0.330067 0.000213
0.335068 0.000058
0.340069 -0.000089
0.345070 0.000056
0.350071 0.000090
0.355072 0.000039
0.360073 -0.000085
0.365074 0.000086
0.370075 0.000224
0.375076 0.000010
0.380077 -0.000116
0.385078 -0.000094
0.390079 0.000171
0.395080 0.000076
0.400081 -0.000142
0.405082 0.000043
0.410083 0.000113
0.415084 0.000048
0.420085 -0.000128
0.425086 -0.000157
0.430087 0.000147
0.435088 0.000017
0.440089 -0.000180
0.445090 0.000019
0.450091 0.000063
0.455092 0.000039
0.460093 0.000019
0.465094 0.000056
0.470095 0.000240
0.475096 -0.000038
0.480097 -0.000252
0.485098 0.000082
0.490099 0.000150
0.495100 0.000040
0.500101 -0.000069
0.505102 -0.000034
0.510103 0.000128
0.515104 -0.000035
0.520105 -0.000102
0.525106 0.000089
0.530107 0.000178
0.535108 -0.000002
0.540109 -0.000041
0.545110 0.000006
0.550111 0.000079
0.555112 0.000143
0.560113 -0.000095
0.565114 -0.000006
0.570115 0.000156
0.575116 0.000032
0.580117 0.000061
0.585118 0.000136
0.590119 0.000171
0.595120 0.000023
0.600121 -0.000088
0.605122 0.000069
0.610123 0.000106
0.615124 -0.000007
0.620125 0.000041
0.625126 0.000077
0.630127 0.000214
0.635128 0.000111
0.640129 -0.000204
0.645130 0.000011
0.650131 0.000097
0.655132 0.000051
0.660133 0.000040
0.665134 0.000009
0.670135 0.000143
0.675136 -0.000063
0.680137 -0.000169
0.685138 0.000117
0.690139 0.000198
0.695140 0.000059
0.700141 -0.000055
0.705142 -0.000028
0.710143 0.000163
0.715145 0.000178
0.720146 0.000003
0.725147 0.000029
0.730148 0.000053
0.735149 -0.000030
0.740150 -0.000054
0.745151 0.000087
0.750152 0.000148
0.755153 0.000036
0.760154 -0.000114
0.765155 0.000025
0.770156 0.000184
0.775157 0.000006
0.780158 -0.000078
0.785159 -0.000002
0.790160 0.000202
0.795161 0.000119
0.800162 -0.000023
0.805163 -0.000011
0.810164 -0.000015
0.815165 -0.000033
0.820166 -0.000125
0.825167 0.000042
0.830168 0.000139
0.835169 0.000006
0.840170 -0.000106
0.845171 0.000026
0.850172 0.000183
0.855173 0.000011
0.860174 -0.000106
0.865175 0.000064
0.870176 0.000182
0.875177 -0.000092
0.880178 -0.000056
0.885179 0.000080
0.890180 0.000041
0.895181 -0.000007
0.900182 -0.000155
0.905183 0.000001
0.910184 0.000077
0.915185 -0.000080
0.920186 -0.000084
0.925187 -0.000017
0.930188 0.000074
0.935189 0.000090
0.940190 -0.000071
0.945191 0.000036
0.950192 0.000204
0.955193 -0.000029
0.960194 -0.000034
0.965195 0.000099
0.970196 0.000055
0.975197 -0.000005
0.980198 -0.000095
0.985199 -0.000028
0.990200 0.000046
0.995201 -0.000047
1.000202 -0.000098
1.005203 0.000065
1.010204 0.000090
1.015205 -0.000025
1.020206 -0.000059
1.025207 -0.000018
1.030208 0.000146
1.035209 -0.000001
1.040210 -0.000117
1.045211 0.000152
1.050212 0.000149
1.055213 -0.000011
1.060214 -0.000014
1.065215 -0.000097
1.070216 0.000025
1.075217 0.000063
1.080218 -0.000107
1.085219 -0.000001
1.090220 0.000015
1.095221 0.000043
1.100222 0.000058
1.105223 -0.000009
1.110224 0.000012
1.115225 -0.000023
1.120226 -0.000080
1.125227 0.000024
1.130228 0.000189
1.135229 0.000024
1.140230 -0.000105
1.145231 0.000041
1.150232 0.000174
1.155233 0.000023
1.160234 -0.000055
1.165235 0.000133
1.170236 0.000143
1.175237 0.000020
1.180238 0.000028
1.185239 0.000052
1.190241 0.000094
1.195242 0.000133
1.200243 0.000028
1.205244 0.000092
1.210245 0.000144
1.215246 -0.000026
1.220247 -0.000111
1.225248 -0.000026
1.230249 0.000095
1.235250 -0.000023
1.240251 -0.000125
1.245252 -0.000140
1.250253 0.000024
1.255254 0.000035
1.260255 -0.000136
1.265256 0.000041
1.270257 0.000140
1.275258 0.000001
1.280259 -0.000223
1.285260 -0.000050
1.290261 0.000265
1.295262 0.000035
1.300263 -0.000183
1.305264 -0.000065
1.310265 0.000056
1.315266 -0.000014
1.320267 -0.000161
1.325268 -0.000148
1.330269 0.000010
1.335270 -0.000024
1.340271 -0.000109
1.345272 0.000128
1.350273 0.000190
1.355274 -0.000052
1.360275 -0.000166
1.365276 -0.000024
1.370277 0.000128
1.375278 -0.000040
1.380279 -0.000156
1.385280 0.000090
1.390281 0.000142
1.395282 -0.000066
1.400283 -0.000124
1.405284 0.000057
1.410285 0.000071
1.415286 -0.000000
1.420287 -0.000034
1.425288 -0.000017
1.430289 0.000031
1.435290 -0.000122
1.440291 -0.000060
1.445292 -0.000044
1.450293 0.000025
1.455294 0.000046
1.460295 -0.000201
1.465296 0.000100
1.470297 0.000150
1.475298 -0.000172
1.480299 -0.000032
1.485300 0.000177
1.490301 0.000180
1.495302 -0.000022
1.500303 -0.000210
1.505304 -0.000013
1.510305 0.000087
1.515306 -0.000073
1.520307 0.000030
1.525308 0.000094
1.530309 0.000037
1.535310 0.000004
1.540311 -0.000067
1.545312 0.000022
1.550313 0.000127
1.555314 -0.000055
1.560315 -0.000097
1.565316 -0.000003
1.570317 0.000016
1.575318 -0.000011
1.580319 -0.000157
1.585320 -0.000049
1.590321 0.000197
1.595322 -0.000019
1.600323 -0.000128
1.605324 0.000024
1.610325 0.000071
1.615326 0.000133
1.620327 -0.000063
1.625328 -0.000068
1.630329 0.000151
1.635330 -0.000066
1.640331 -0.000191
1.645332 -0.000006
1.650333 0.000109
1.655334 0.000033
1.660335 0.000033
1.665336 0.000148
1.670338 0.000145
1.675339 -0.000010
1.680340 -0.000146
1.685341 0.000031
1.690342 0.000097
1.695343 0.000007
1.700344 -0.000072
1.705345 -0.000055
1.710346 0.000094
1.715347 0.000052
1.720348 -0.000003
1.725349 0.000134
1.730350 0.000289
1.735351 0.000136
1.740352 -0.000054
1.745353 0.000065
1.750354 0.000231
1.755355 0.000017
1.760356 -0.000100
1.765357 0.000088
1.770358 0.000145
1.775359 0.000021
1.780360 -0.000111
1.785361 0.000117
1.790362 0.000218
1.795363 0.000003
1.800364 -0.000030
1.805365 0.000049
1.810366 0.000256
1.815367 0.000028
1.820368 -0.000148
1.825369 0.000127
1.830370 0.000115
1.835371 0.000093
1.840372 -0.000028
1.845373 -0.000011
1.850374 0.000213
1.855375 -0.000018
1.860376 -0.000048
1.865377 0.000156
1.870378 0.000182
1.875379 0.000014
1.880380 -0.000133
1.885381 -0.000023
1.890382 0.000107
1.895383 0.000011
1.900384 -0.000162
1.905385 0.000004
1.910386 0.000111
1.915387 0.000006
1.920388 0.000006
1.925389 0.000045
1.930390 0.000180
1.935391 0.000007
1.940392 -0.000061
1.945393 0.000177
1.950394 0.000113
1.955395 0.000071
1.960396 0.000003
1.965397 -0.000022
1.970398 0.000233
1.975399 -0.000001
1.980400 -0.000195
1.985401 0.000139
1.990402 0.000060
1.995403 -0.000004
2.000404 0.000067
2.005405 -0.000024
2.010406 0.000144
2.015407 0.000036
2.020408 -0.000131
2.025409 0.000094
2.030410 0.000063
2.035411 -0.000019
2.040412 -0.000026
2.045413 0.000020
2.050414 0.000246
2.055415 -0.000007
2.060416 -0.000160
2.065417 0.000100
2.070418 0.000067
2.075419 0.000023
2.080420 0.000069
2.085421 0.000051
2.090422 0.000118
2.095423 0.000029
2.100424 -0.000179
2.105425 0.000058
2.110426 0.000162
2.115427 -0.000094
2.120428 -0.000095
2.125429 0.000052
2.130430 0.000238
2.135431 0.000045
2.140432 -0.000143
2.145434 0.000113
2.150435 0.000177
2.155436 0.000072
2.160437 0.000010
2.165438 0.000128
2.170439 0.000150
2.175440 0.000030
2.180441 0.000049
2.185442 0.000170
2.190443 0.000256
2.195444 0.000048
2.200445 -0.000026
2.205446 0.000096
2.210447 0.000198
2.215448 0.000046
2.220449 -0.000119
2.225450 -0.000007
2.230451 0.000120
2.235452 0.000046
2.240453 -0.000012
2.245454 0.000182
2.250455 0.000174
2.255456 -0.000037
2.260457 -0.000132
2.265458 -0.000002
2.270459 0.000154
2.275460 0.000020
2.280461 -0.000055
2.285462 -0.000041
2.290463 0.000053
2.295464 0.000047
2.300465 -0.000074
2.305466 0.000018
2.310467 0.000051
2.315468 -0.000063
2.320469 -0.000074
2.325470 0.000141
2.330471 0.000232
2.335472 0.000031
2.340473 -0.000052
2.345474 0.000078
2.350475 0.000204
2.355476 0.000043
2.360477 -0.000165
2.365478 -0.000051
2.370479 0.000084
2.375480 -0.000017
2.380481 -0.000061
2.385482 0.000118
2.390483 0.000152
2.395484 0.000036
2.400485 0.000034
2.405486 0.000186
2.410487 0.000270
2.415488 -0.000039
2.420489 -0.000086
2.425490 0.000065
2.430491 0.000080
2.435492 -0.000010
2.440493 -0.000153
2.445494 -0.000017
2.450495 0.000044
2.455496 -0.000075
2.460497 -0.000099
2.465498 0.000040
2.470499 0.000169
2.475500 0.000042
2.480501 -0.000157
2.485502 0.000009
2.490503 0.000161
2.495504 -0.000054
2.500505 -0.000003
2.505506 0.000062
2.510507 0.000081
2.515508 0.000113
2.520509 -0.000042
2.525510 -0.000008
2.530511 0.000048
2.535512 0.000008
2.540513 -0.000036
2.545514 0.000036
2.550515 0.000117
2.555516 0.000043
2.560517 -0.000030
2.565518 0.000033
2.570519 0.000136
2.575520 -0.000000
2.580521 -0.000145
2.585522 -0.000060
2.590523 0.000077
2.595524 -0.000014
2.600525 -0.000076
2.605526 0.000091
2.610527 0.000138
2.615528 0.000009
2.620530 -0.000080
2.625531 0.000047
2.630532 0.000077
2.635533 0.000121
2.640534 0.000020
2.645535 -0.000015
2.650536 0.000248
2.655537 -0.000051
2.660538 -0.000110
2.665539 0.000084
2.670540 0.000105
2.675541 0.000128
2.680542 -0.000025
2.685543 0.000034
2.690544 0.000071
2.695545 -0.000036
2.700546 -0.000157
2.705547 -0.000019
2.710548 0.000126
2.715549 0.000027
2.720550 -0.000067
2.725551 -0.000079
2.730552 0.000146
2.735553 0.000040
2.740554 -0.000150
2.745555 -0.000033
2.750556 0.000018
2.755557 -0.000017
2.760558 -0.000111
2.765559 -0.000002
2.770560 0.000127
2.775561 -0.000048
2.780562 -0.000172
2.785563 -0.000052
2.790564 0.000039
2.795565 -0.000017
2.800566 -0.000153
2.805567 -0.000084
2.810568 0.000122
2.815569 0.000043
2.820570 0.000001
2.825571 0.000049
2.830572 0.000027
2.835573 -0.000059
2.840574 -0.000083
2.845575 0.000070
2.850576 0.000073
2.855577 -0.000007
2.860578 -0.000081
2.865579 0.000023
2.870580 0.000197
2.875581 0.000002
2.880582 -0.000196
2.885583 0.000002
2.890584 0.000084
2.895585 -0.000041
2.900586 0.000009
2.905587 -0.000022
2.910588 0.000049
2.915589 0.000090
2.920590 -0.000139
2.925591 -0.000007
2.930592 0.000121
2.935593 -0.000090
2.940594 -0.000092
2.945595 -0.000010
2.950596 0.000045
2.955597 0.000042
2.960598 -0.000094
2.965599 0.000033
2.970600 0.000122
2.975601 -0.000052
2.980602 -0.000105
2.985603 0.000060
2.990604 0.000222
2.995605 0.000087
3.000606 -0.000104
3.005607 -0.000077
3.010608 0.000081
3.015609 -0.000005
3.020610 -0.000127
3.025611 0.000016
3.030612 0.000137
3.035613 0.000038
3.040614 -0.000067
3.045615 0.000118
3.050616 0.000123
3.055617 -0.000135
3.060618 -0.000065
3.065619 0.000006
3.070620 0.000009
3.075621 -0.000013
3.080622 -0.000105
3.085623 0.000039
3.090624 0.000073
3.095626 0.000001
3.100627 -0.000120
3.105628 -0.000082
3.110629 0.000168
3.115630 -0.000010
3.120631 -0.000139
3.125632 -0.000047
3.130633 0.000021
3.135634 -0.000064
3.140635 -0.000175
3.145636 0.000027
3.150637 0.000113
3.155638 -0.000045
3.160639 -0.000160
3.165640 -0.000011
3.170641 0.000145
3.175642 -0.000080
3.180643 -0.000171
3.185644 0.000136
3.190645 0.000163
3.195646 -0.000077
3.200647 -0.000111
3.205648 0.000025
3.210649 0.000077
3.215650 -0.000061
3.220651 -0.000125
3.225652 0.000060
3.230653 0.000206
3.235654 0.000062
3.240655 -0.000184
3.245656 -0.000080
3.250657 0.000180
3.255658 -0.000003
3.260659 -0.000174
3.265660 -0.000034
3.270661 0.000095
3.275662 -0.000003
3.280663 -0.000112
3.285664 0.000044
3.290665 0.000144
3.295666 0.000077
3.300667 -0.000086
3.305668 0.000015
3.310669 0.000229
3.315670 -0.000013
3.320671 -0.000195
3.325672 -0.000005
3.330673 0.000126
3.335674 0.000019
3.340675 0.000020
3.345676 0.000030
3.350677 0.000021
3.355678 -0.000029
3.360679 -0.000066
3.365680 0.000053
3.370681 0.000003
3.375682 -0.000027
3.380683 -0.000131
3.385684 -0.000120
3.390685 0.000120
3.395686 -0.000049
3.400687 -0.000156
3.405688 0.000008
3.410689 0.000047
3.415690 0.000062
3.420691 0.000032
3.425692 0.000046
3.430693 0.000096
3.435694 0.000005
3.440695 -0.000044
3.445696 0.000101
3.450697 0.000068
3.455698 -0.000045
3.460699 -0.000041
3.465700 -0.000004
3.470701 0.000198
3.475702 0.000144
3.480703 -0.000148
3.485704 0.000016
3.490705 0.000138
3.495706 0.000044
3.500707 0.000019
3.505708 -0.000005
3.510709 0.000136
3.515710 -0.000033
3.520711 -0.000150
3.525712 0.000055
3.530713 0.000077
3.535714 -0.000025
3.540715 -0.000164
3.545716 -0.000005
3.550717 0.000213
3.555718 0.000008
3.560719 -0.000164
3.565720 0.000023
3.570722 0.000139
3.575723 0.000011
3.580724 -0.000057
3.585725 0.000083
3.590726 0.000199
3.595727 0.000032
3.600728 -0.000039
3.605729 0.000030
3.610730 0.000133
3.615731 0.000059
3.620732 -0.000107
3.625733 0.000015
3.630734 0.000137
3.635735 -0.000050
3.640736 -0.000128
3.645737 0.000025
3.650738 0.000049
3.655739 0.000025
3.660740 -0.000039
3.665741 0.000069
3.670742 0.000187
3.675743 -0.000033
3.680744 -0.000159
3.685745 0.000020
3.690746 0.000170
3.695747 -0.000033
3.700748 -0.000101
3.705749 0.000051
3.710750 0.000135
3.715751 0.000036
3.720752 -0.000042
3.725753 0.000046
3.730754 0.000124
3.735755 0.000014
3.740756 -0.000174
3.745757 0.000046
3.750758 0.000064
3.755759 -0.000136
3.760760 0.000098
3.765761 0.000035
3.770762 0.000015
3.775763 0.000149
3.780764 -0.000090
3.785765 -0.000046
3.790766 0.000145
3.795767 0.000063
3.800768 -0.000111
3.805769 0.000004
3.810770 0.000229
3.815771 0.000082
3.820772 -0.000031
3.825773 0.000068
3.830774 0.000089
3.835775 -0.000110
3.840776 -0.000098
3.845777 0.000026
3.850778 0.000039
3.855779 0.000031
3.860780 -0.000039
3.865781 0.000155
3.870782 0.000179
3.875783 0.000028
3.880784 0.000083
3.885785 0.000134
3.890786 0.000165
3.895787 -0.000027
3.900788 -0.000122
3.905789 0.000165
3.910790 0.000294
3.915791 -0.000004
3.920792 -0.000090
3.925793 0.000080
3.930794 0.000106
3.935795 0.000078
3.940796 0.000010
3.945797 0.000039
3.950798 0.000157
3.955799 0.000029
3.960800 -0.000063
3.965801 0.000072
3.970802 0.000128
3.975803 0.000037
3.980804 -0.000050
3.985805 -0.000006
3.990806 0.000086
3.995807 -0.000027
4.000808 -0.000112
4.005809 0.000024
4.010810 0.000269
4.015811 0.000172
4.020812 -0.000089
4.025813 0.000054
4.030814 0.000169
4.035815 -0.000025
4.040816 -0.000124
4.045818 0.000088
4.050819 0.000165
4.055820 0.000024
4.060821 -0.000089
4.065822 -0.000039
4.070823 0.000193
4.075824 -0.000055
4.080825 -0.000171
4.085826 0.000057
4.090827 -0.000003
4.095828 -0.000029
4.100829 -0.000068
4.105830 0.000146
4.110831 0.000231
4.115832 -0.000110
4.120833 -0.000075
4.125834 0.000122
4.130835 0.000181
4.135836 0.000048
4.140837 -0.000065
4.145838 0.000049
4.150839 0.000154
4.155840 0.000100
4.160841 -0.000115
4.165842 0.000021
4.170843 0.000063
4.175844 -0.000086
4.180845 0.000040
4.185846 0.000074
4.190847 0.000176
4.195848 0.000165
4.200849 0.000023
4.205850 0.000126
4.210851 0.000238
4.215852 -0.000029
4.220853 -0.000131
4.225854 0.000076
4.230855 -0.000030
4.235856 0.000014
4.240857 0.000048
4.245858 0.000010
4.250859 0.000089
4.255860 0.000013
4.260861 -0.000037
4.265862 0.000090
4.270863 0.000178
4.275864 -0.000029
4.280865 -0.000104
4.285866 -0.000001
4.290867 0.000193
4.295868 -0.000035
4.300869 -0.000284
4.305870 -0.000004
4.310871 0.000005
4.315872 -0.000109
4.320873 -0.000094
4.325874 0.000016
4.330875 0.000188
4.335876 0.000092
4.340877 -0.000075
4.345878 0.000048
4.350879 0.000078
4.355880 -0.000039
4.360881 -0.000091
4.365882 -0.000038
4.370883 0.000208
4.375884 0.000031
4.380885 -0.000110
4.385886 0.000064
4.390887 0.000047
4.395888 -0.000038
4.400889 -0.000077
4.405890 0.000063
4.410891 0.000117
4.415892 -0.000038
4.420893 -0.000127
4.425894 0.000047
4.430895 0.000123
4.435896 -0.000031
4.440897 0.000035
4.445898 0.000095
4.450899 0.000088
4.455900 -0.000004
4.460901 -0.000061
4.465902 0.000002
4.470903 -0.000006
4.475904 0.000051
4.480905 -0.000063
4.485906 -0.000014
4.490907 0.000106
4.495908 -0.000101
4.500909 -0.000211
4.505910 0.000016
4.510911 0.000263
4.515912 0.000071
4.520914 -0.000071
4.525915 -0.000016
4.530916 0.000078
4.535917 0.000028
4.540918 -0.000172
4.545919 -0.000022
4.550920 0.000107
4.555921 0.000003
4.560922 -0.000041
4.565923 0.000010
4.570924 0.000095
4.575925 -0.000012
4.580926 -0.000134
4.585927 0.000062
4.590928 0.000187
4.595929 -0.000010
4.600930 -0.000106
4.605931 -0.000018
4.610932 0.000035
4.615933 -0.000039
4.620934 -0.000025
4.625935 0.000085
4.630936 0.000002
4.635937 -0.000042
4.640938 -0.000077
4.645939 0.000019
4.650940 0.000193
4.655941 -0.000065
4.660942 -0.000155
4.665943 0.000036
4.670944 0.000104
4.675945 0.000008
4.680946 -0.000083
4.685947 0.000120
4.690948 0.000156
4.695949 -0.000003
4.700950 -0.000036
4.705951 0.000003
4.710952 0.000079
4.715953 -0.000092
4.720954 -0.000170
4.725955 0.000023
4.730956 0.000159
4.735957 -0.000054
4.740958 -0.000248
4.745959 0.000002
4.750960 0.000088
4.755961 -0.000026
4.760962 -0.000157
4.765963 -0.000088
4.770964 0.000128
4.775965 -0.000034
4.780966 -0.000142
4.785967 0.000044
4.790968 0.000145
4.795969 0.000045
4.800970 -0.000120
4.805971 -0.000021
4.810972 0.000158
4.815973 -0.000047
4.820974 -0.000164
4.825975 0.000005
4.830976 0.000090
4.835977 -0.000023
4.840978 -0.000079
4.845979 -0.000075
4.850980 -0.000004
4.855981 0.000192
4.860982 0.000177
4.865983 0.000185
4.870984 0.000136
4.875985 0.000010
4.880986 -0.000110
4.885987 -0.000340
4.890988 -0.000477
4.895989 0.000483
4.900990 0.001490
4.905991 0.000785
4.910992 0.000992
4.915993 0.000692
4.920994 -0.000337
4.925995 -0.000365
4.930996 -0.000802
4.935997 0.000417
4.940998 0.001417
4.945999 0.001637
4.951000 0.002050
4.956001 0.001852
4.961002 0.001421
4.966003 -0.000267
4.971004 -0.000101
4.976005 0.000982
4.981006 0.001442
4.986007 0.001165
4.991008 0.000633
4.996009 0.002189
5.001011 0.001260
5.006012 0.002225
5.011013 0.006148
5.016014 0.006332
5.021015 0.006655
5.026016 0.004446
5.031017 0.001463
5.036018 0.003494
5.041019 0.000688
5.046020 -0.002572
5.051021 0.001856
5.056022 0.003136
5.061023 0.002969
5.066024 0.003661
5.071025 0.001772
5.076026 0.002426
5.081027 0.002794
5.086028 -0.001836
5.091029 -0.006364
5.096030 -0.008031
5.101031 -0.008196
5.106032 -0.005244
5.111033 -0.004627
5.116034 -0.003712
5.121035 0.005523
5.126036 0.013247
5.131037 0.012691
5.136038 0.008472
5.141039 0.003564
5.146040 -0.001127
5.151041 -0.008418
5.156042 -0.017960
5.161043 -0.018802
5.166044 -0.011848
5.171045 -0.004829
5.176046 0.001006
5.181047 0.006944
5.186048 0.014962
5.191049 0.015049
5.196050 0.004507
5.201051 -0.006741
5.206052 -0.012902
5.211053 -0.010889
5.216054 -0.006748
5.221055 -0.005909
5.226056 -0.003758
5.231057 -0.003615
5.236058 -0.006816
5.241059 -0.007372
5.246060 -0.005568
5.251061 0.000099
5.256062 0.004906
5.261063 0.008179
5.266064 0.011292
5.271065 0.004062
5.276066 -0.007747
5.281067 -0.015439
5.286068 -0.016332
5.291069 -0.006929
5.296070 0.005761
5.301071 0.015237
5.306072 0.022951
5.311073 0.025914
5.316074 0.015637
5.321075 0.001994
5.326076 -0.007371
5.331077 -0.016606
5.336078 -0.019487
5.341079 -0.018544
5.346080 -0.013120
5.351081 0.001523
5.356082 0.012998
5.361083 0.013961
5.366084 0.012545
5.371085 0.013178
5.376086 0.011747
5.381087 0.003353
5.386088 -0.009210
5.391089 -0.010595
5.396090 -0.002424
5.401091 0.000230
5.406092 -0.004905
5.411093 -0.010106
5.416094 -0.007007
5.421095 -0.006075
5.426096 -0.009274
5.431097 -0.002290
5.436098 0.012611
5.441099 0.023072
5.446100 0.021218
5.451101 0.011698
5.456102 0.000432
5.461103 -0.009778
5.466104 -0.016430
5.471105 -0.015151
5.476107 -0.004408
5.481108 0.004743
5.486109 0.013165
5.491110 0.020765
5.496111 0.017011
5.501112 0.007541
5.506113 0.000356
5.511114 -0.003567
5.516115 -0.006581
5.521116 -0.008302
5.526117 -0.002413
5.531118 0.009230
5.536119 0.014589
5.541120 0.009213
5.546121 0.003575
5.551122 0.000037
5.556123 -0.008305
5.561124 -0.016205
5.566125 -0.014455
5.571126 -0.002933
5.576127 0.009304
5.581128 0.011026
5.586129 0.005486
5.591130 -0.003552
5.596131 -0.016405
5.601132 -0.019711
5.606133 -0.010079
5.611134 0.006872
5.616135 0.020554
5.621136 0.024176
5.626137 0.028488
5.631138 0.025502
5.636139 0.003018
5.641140 -0.021540
5.646141 -0.022507
5.651142 -0.006195
5.656143 0.004624
5.661144 0.011848
5.666145 0.017494
5.671146 0.013578
5.676147 -0.001447
5.681148 -0.015486
5.686149 -0.012369
5.691150 -0.003953
5.696151 -0.006753
5.701152 -0.013282
5.706153 -0.010530
5.711154 0.004083
5.716155 0.014567
5.721156 0.013560
5.726157 0.010135
5.731158 0.005862
5.736159 0.000028
5.741160 -0.006539
5.746161 -0.009998
5.751162 -0.010256
5.756163 -0.009595
5.761164 -0.007863
5.766165 -0.006331
5.771166 -0.001356
5.776167 0.002591
5.781168 0.002300
5.786169 0.004967
5.791170 0.002655
5.796171 -0.003878
5.801172 -0.001384
5.806173 -0.000474
5.811174 -0.008141
5.816175 -0.016163
5.821176 -0.018480
5.826177 -0.014430
5.831178 -0.008513
5.836179 -0.001352
5.841180 0.007196
5.846181 0.015866
5.851182 0.014075
5.856183 0.005796
5.861184 0.007400
5.866185 0.010146
5.871186 0.005124
5.876187 -0.006114
5.881188 -0.013947
5.886189 -0.007071
5.891190 0.005014
5.896191 0.010456
5.901192 0.017612
5.906193 0.025817
5.911194 0.019201
5.916195 0.004016
5.921196 -0.006292
5.926197 -0.006330
5.931198 -0.005695
5.936199 -0.013006
5.941200 -0.012450
5.946201 -0.003815
5.951203 0.001807
5.956204 0.004330
5.961205 0.010317
5.966206 0.017753
5.971207 0.013021
5.976208 0.002587
5.981209 0.001366
5.986210 0.003040
5.991211 -0.003407
5.996212 -0.008882
6.001213 -0.007397
6.006214 -0.005663
6.011215 -0.001940
6.016216 0.005738
6.021217 0.010791
6.026218 0.008648
6.031219 0.003643
6.036220 -0.002214
6.041221 -0.010611
6.046222 -0.021248
6.051223 -0.031912
6.056224 -0.038488
6.061225 -0.037189
6.066226 -0.022212
6.071227 0.000328
6.076228 0.018598
6.081229 0.028568
6.086230 0.025348
6.091231 0.015305
6.096232 0.004492
6.101233 -0.005031
6.106234 -0.007310
6.111235 -0.007780
6.116236 -0.007773
6.121237 -0.007917
6.126238 -0.010117
6.131239 -0.003820
6.136240 0.009983
6.141241 0.022725
6.146242 0.031094
6.151243 0.030645
6.156244 0.027279
6.161245 0.025536
6.166246 0.022975
6.171247 0.021974
6.176248 0.019838
6.181249 0.016958
6.186250 0.019125
6.191251 0.022378
6.196252 0.022507
6.201253 0.023979
6.206254 0.021769
6.211255 0.009446
6.216256 -0.003593
6.221257 -0.013974
6.226258 -0.021175
6.231259 -0.024721
6.236260 -0.028923
6.241261 -0.029467
6.246262 -0.025346
6.251263 -0.016924
6.256264 -0.004244
6.261265 0.003155
6.266266 0.001450
6.271267 -0.004536
6.276268 -0.013595
6.281269 -0.023704
6.286270 -0.029410
6.291271 -0.028709
6.296272 -0.020797
6.301273 -0.011967
6.306274 -0.005802
6.311275 0.003018
6.316276 0.010388
6.321277 0.012737
6.326278 0.011182
6.331279 0.010487
6.336280 0.017519
6.341281 0.027040
6.346282 0.033142
6.351283 0.033473
6.356284 0.029546
6.361285 0.026438
6.366286 0.020807
6.371287 0.011470
6.376288 0.002454
6.381289 -0.001403
6.386290 0.000534
6.391291 -0.001553
6.396292 -0.007438
6.401293 -0.012034
6.406294 -0.018787
6.411295 -0.025413
6.416296 -0.026053
6.421297 -0.019906
6.426299 -0.012519
6.431300 -0.008238
6.436301 -0.007656
6.441302 -0.011731
6.446303 -0.018040
6.451304 -0.023645
6.456305 -0.026933
6.461306 -0.027886
6.466307 -0.026693
6.471308 -0.021690
6.476309 -0.013362
6.481310 -0.007895
6.486311 -0.007328
6.491312 -0.003529
6.496313 0.003387
6.501314 0.009746
6.506315 0.017311
6.511316 0.025663
6.516317 0.033614
6.521318 0.035763
6.526319 0.028670
6.531320 0.017672
6.536321 0.010454
6.541322 0.009452
6.546323 0.012854
6.551324 0.019287
6.556325 0.026233
6.561326 0.030608
6.566327 0.029739
6.571328 0.024504
6.576329 0.018315
6.581330 0.014061
6.586331 0.012646
6.591332 0.013793
6.596333 0.018186
6.601334 0.022936
6.606335 0.024771
6.611336 0.023936
6.616337 0.021259
6.621338 0.018798
6.626339 0.017500
6.631340 0.015423
6.636341 0.010487
6.641342 0.001201
6.646343 -0.008560
6.651344 -0.017063
6.656345 -0.026264
6.661346 -0.031189
6.666347 -0.030044
6.671348 -0.024415
6.676349 -0.016411
6.681350 -0.012235
6.686351 -0.014330
6.691352 -0.018454
6.696353 -0.019350
6.701354 -0.019404
6.706355 -0.023794
6.711356 -0.031133
6.716357 -0.037213
6.721358 -0.040532
6.726359 -0.040997
6.731360 -0.034652
6.736361 -0.021342
6.741362 -0.008783
6.746363 0.000484
6.751364 0.008332
6.756365 0.015266
6.761366 0.019043
6.766367 0.017122
6.771368 0.013617
6.776369 0.014333
6.781370 0.020056
6.786371 0.025315
6.791372 0.027276
6.796373 0.028369
6.801374 0.028860
6.806375 0.028590
6.811376 0.029687
6.816377 0.033148
6.821378 0.035959
6.826379 0.038830
6.831380 0.044743
6.836381 0.053232
6.841382 0.061858
6.846383 0.065778
6.851384 0.062184
6.856385 0.051876
6.861386 0.037400
6.866387 0.023262
6.871388 0.013606
6.876389 0.007483
6.881390 0.001922
6.886391 -0.005737
6.891392 -0.017946
6.896393 -0.033221
6.901395 -0.048010
6.906396 -0.056298
6.911397 -0.057632
6.916398 -0.057772
6.921399 -0.056199
6.926400 -0.051827
6.931401 -0.048068
6.936402 -0.047617
6.941403 -0.048088
6.946404 -0.046376
6.951405 -0.046069
6.956406 -0.051408
6.961407 -0.059723
6.966408 -0.066245
6.971409 -0.071488
6.976410 -0.076709
6.981411 -0.080477
6.986412 -0.082476
6.991413 -0.085751
6.996414 -0.095104
7.001415 -0.111038
7.006416 -0.129575
7.011417 -0.148326
7.016418 -0.166005
7.021419 -0.179129
7.026420 -0.188587
7.031421 -0.198538
7.036422 -0.211607
7.041423 -0.228785
7.046424 -0.246056
7.051425 -0.260417
7.056426 -0.270664
7.061427 -0.276755
7.066428 -0.279515
7.071429 -0.277376
7.076430 -0.269028
7.081431 -0.250748
7.086432 -0.223203
7.091433 -0.192861
7.096434 -0.161473
7.101435 -0.127031
7.106436 -0.084731
7.111437 -0.028184
7.116438 0.042195
7.121439 0.120233
7.126440 0.200234
7.131441 0.273267
7.136442 0.334426
7.141443 0.386837
7.146444 0.428564
7.151445 0.455951
7.156446 0.471157
7.161447 0.476000
7.166448 0.469367
7.171449 0.450753
7.176450 0.423338
7.181451 0.396299
7.186452 0.374864
7.191453 0.356018
7.196454 0.338356
7.201455 0.323005
7.206456 0.311845
7.211457 0.303222
7.216458 0.292191
7.221459 0.276896
7.226460 0.256218
7.231461 0.228774
7.236462 0.195686
7.241463 0.160251
7.246464 0.124357
7.251465 0.086453
7.256466 0.042663
7.261467 -0.009777
7.266468 -0.066165
7.271469 -0.119662
7.276470 -0.169906
7.281471 -0.218648
7.286472 -0.265455
7.291473 -0.306984
7.296474 -0.341169
7.301475 -0.365763
7.306476 -0.376065
7.311477 -0.372313
7.316478 -0.358183
7.321479 -0.336554
7.326480 -0.310002
7.331481 -0.282895
7.336482 -0.260827
7.341483 -0.246417
7.346484 -0.239860
7.351485 -0.239413
7.356486 -0.242693
7.361487 -0.246423
7.366488 -0.244617
7.371489 -0.233467
7.376491 -0.216394
7.381492 -0.200047
7.386493 -0.184669
7.391494 -0.163982
7.396495 -0.130614
7.401496 -0.079449
7.406497 -0.012429
7.411498 0.061421
7.416499 0.131446
7.421500 0.192957
7.426501 0.246293
7.431502 0.290807
7.436503 0.327902
7.441504 0.359736
7.446505 0.384958
7.451506 0.400966
7.456507 0.406361
7.461508 0.401167
7.466509 0.387314
7.471510 0.365927
7.476511 0.336205
7.481512 0.297800
7.486513 0.251153
7.491514 0.198720
7.496515 0.146941
7.501516 0.103523
7.506517 0.070437
7.511518 0.042881
7.516519 0.016048
7.521520 -0.010530
7.526521 -0.035423
7.531522 -0.058077
7.536523 -0.078656
7.541524 -0.095457
7.546525 -0.106762
7.551526 -0.114558
7.556527 -0.122797
7.561528 -0.134137
7.566529 -0.147378
7.571530 -0.162293
7.576531 -0.179769
7.581532 -0.198640
7.586533 -0.216662
7.591534 -0.227338
7.596535 -0.226064
7.601536 -0.213776
7.606537 -0.192708
7.611538 -0.167310
7.616539 -0.142745
7.621540 -0.122559
7.626541 -0.107528
7.631542 -0.093848
7.636543 -0.078239
7.641544 -0.062369
7.646545 -0.048266
7.651546 -0.035920
7.656547 -0.024353
7.661548 -0.012521
7.666549 0.000068
7.671550 0.015899
7.676551 0.035810
7.681552 0.057433
7.686553 0.079982
7.691554 0.100785
7.696555 0.117062
7.701556 0.126999
7.706557 0.130200
7.711558 0.131352
7.716559 0.130870
7.721560 0.127008
7.726561 0.123492
7.731562 0.121567
7.736563 0.118362
7.741564 0.112416
7.746565 0.104542
7.751566 0.096993
7.756567 0.091341
7.761568 0.087744
7.766569 0.086225
7.771570 0.085534
7.776571 0.082076
7.781572 0.073669
7.786573 0.061144
7.791574 0.046290
7.796575 0.031057
7.801576 0.015993
7.806577 0.000122
7.811578 -0.017497
7.816579 -0.035027
7.821580 -0.050563
7.826581 -0.064954
7.831582 -0.079673
7.836583 -0.095863
7.841584 -0.112343
7.846585 -0.126696
7.851586 -0.136959
7.856588 -0.140875
7.861589 -0.136254
7.866590 -0.123424
7.871591 -0.106894
7.876592 -0.091528
7.881593 -0.079473
7.886594 -0.069932
7.891595 -0.060407
7.896596 -0.051195
7.901597 -0.042882
7.906598 -0.033883
7.911599 -0.024987
7.916600 -0.016939
7.921601 -0.010678
7.926602 -0.006761
7.931603 -0.003336
7.936604 0.000089
7.941605 0.004336
7.946606 0.010706
7.951607 0.018046
7.956608 0.025261
7.961609 0.032256
7.966610 0.037800
7.971611 0.040823
7.976612 0.042377
7.981613 0.043892
7.986614 0.045433
7.991615 0.047200
7.996616 0.048968
8.001617 0.050568
8.006618 0.051962
8.011619 0.051164
8.016620 0.047287
8.021621 0.040719
8.026622 0.033579
8.031623 0.029929
8.036624 0.032339
8.041625 0.041094
8.046626 0.052472
8.051627 0.060636
8.056628 0.062675
8.061629 0.058437
8.066630 0.048544
8.071631 0.034688
8.076632 0.018896
8.081633 0.001767
8.086634 -0.015731
8.091635 -0.032161
8.096636 -0.045176
8.101637 -0.052161
8.106638 -0.053553
8.111639 -0.051034
8.116640 -0.047342
8.121641 -0.045292
8.126642 -0.046844
8.131643 -0.052453
8.136644 -0.060356
8.141645 -0.069343
8.146646 -0.078409
8.151647 -0.087236
8.156648 -0.094767
8.161649 -0.098389
8.166650 -0.096666
8.171651 -0.089942
8.176652 -0.080131
8.181653 -0.068924
8.186654 -0.056972
8.191655 -0.044605
8.196656 -0.032808
8.201657 -0.022761
8.206658 -0.013433
8.211659 -0.001998
8.216660 0.013563
8.221661 0.032051
8.226662 0.049860
8.231663 0.064329
8.236664 0.073677
8.241665 0.078493
8.246666 0.080986
8.251667 0.081930
8.256668 0.082708
8.261669 0.084425
8.266670 0.086552
8.271671 0.088434
8.276672 0.089984
8.281673 0.091663
8.286674 0.093934
8.291675 0.096646
8.296676 0.098756
8.301677 0.098717
8.306678 0.094185
8.311679 0.083514
8.316680 0.067992
8.321681 0.051026
8.326682 0.034552
8.331684 0.018583
8.336685 0.003978
8.341686 -0.008462
8.346687 -0.019427
8.351688 -0.030745
8.356689 -0.043093
8.361690 -0.055176
8.366691 -0.065473
8.371692 -0.072288
8.376693 -0.074984
8.381694 -0.073974
8.386695 -0.070263
8.391696 -0.066049
8.396697 -0.062460
8.401698 -0.059205
8.406699 -0.056030
8.411700 -0.053129
8.416701 -0.051053
8.421702 -0.050571
8.426703 -0.052240
8.431704 -0.055432
8.436705 -0.058226
8.441706 -0.058131
8.446707 -0.053952
8.451708 -0.046458
8.456709 -0.037513
8.461710 -0.029541
8.466711 -0.024657
8.471712 -0.024522
8.476713 -0.028666
8.481714 -0.034181
8.486715 -0.038509
8.491716 -0.039544
8.496717 -0.036772
8.501718 -0.031343
8.506719 -0.023890
8.511720 -0.015033
8.516721 -0.004482
8.521722 0.008327
8.526723 0.021942
8.531724 0.034985
8.536725 0.046487
8.541726 0.055976
8.546727 0.064225
8.551728 0.070531
8.556729 0.074250
8.561730 0.075930
8.566731 0.074858
8.571732 0.070115
8.576733 0.061661
8.581734 0.050599
8.586735 0.037906
8.591736 0.023776
8.596737 0.009262
8.601738 -0.004437
8.606739 -0.016022
8.611740 -0.023901
8.616741 -0.028232
8.621742 -0.029754
8.626743 -0.028732
8.631744 -0.025930
8.636745 -0.021977
8.641746 -0.018136
8.646747 -0.016004
8.651748 -0.016937
8.656749 -0.020970
8.661750 -0.026066
8.666751 -0.030238
8.671752 -0.031227
8.676753 -0.028192
8.681754 -0.021294
8.686755 -0.010686
8.691756 0.001388
8.696757 0.013292
8.701758 0.023949
8.706759 0.032157
8.711760 0.038750
8.716761 0.044761
8.721762 0.050798
8.726763 0.057007
8.731764 0.061835
8.736765 0.064133
8.741766 0.063997
8.746767 0.062340
8.751768 0.059164
8.756769 0.053549
8.761770 0.046239
8.766771 0.037857
8.771772 0.028828
8.776773 0.019459
8.781774 0.009471
8.786775 -0.000866
8.791776 -0.011477
8.796777 -0.021839
8.801778 -0.030451
8.806780 -0.036254
8.811781 -0.039465
8.816782 -0.040387
8.821783 -0.039122
8.826784 -0.036431
8.831785 -0.033326
8.836786 -0.030635
8.841787 -0.028576
8.846788 -0.026995
8.851789 -0.025984
8.856790 -0.025865
8.861791 -0.027106
8.866792 -0.029428
8.871793 -0.032487
8.876794 -0.036179
8.881795 -0.038921
8.886796 -0.039931
8.891797 -0.040044
8.896798 -0.039693
8.901799 -0.039005
8.906800 -0.037725
8.911801 -0.035935
8.916802 -0.033899
8.921803 -0.031161
8.926804 -0.027408
8.931805 -0.022571
8.936806 -0.015737
8.941807 -0.005333
8.946808 0.008512
8.951809 0.024066
8.956810 0.039533
8.961811 0.053119
8.966812 0.063453
8.971813 0.069969
8.976814 0.073624
8.981815 0.076402
8.986816 0.078610
8.991817 0.079501
8.996818 0.078036
9.001819 0.073398
9.006820 0.065986
9.011821 0.056454
9.016822 0.045954
9.021823 0.036177
9.026824 0.027772
9.031825 0.020287
9.036826 0.013523
9.041827 0.007062
9.046828 0.001227
9.051829 -0.003587
9.056830 -0.008077
9.061831 -0.011991
9.066832 -0.015252
9.071833 -0.018485
9.076834 -0.022039
9.081835 -0.027050
9.086836 -0.033957
9.091837 -0.041639
9.096838 -0.048795
9.101839 -0.053901
9.106840 -0.055985
9.111841 -0.055640
9.116842 -0.053959
9.121843 -0.051760
9.126844 -0.049584
9.131845 -0.047670
9.136846 -0.046345
9.141847 -0.044678
9.146848 -0.042165
9.151849 -0.039823
9.156850 -0.037537
9.161851 -0.034728
9.166852 -0.030481
9.171853 -0.024123
9.176854 -0.015921
9.181855 -0.006514
9.186856 0.003314
9.191857 0.012485
9.196858 0.019903
9.201859 0.025802
9.206860 0.029934
9.211861 0.031534
9.216862 0.029844
9.221863 0.024568
9.226864 0.016840
9.231865 0.007473
9.236866 -0.001354
9.241867 -0.007603
9.246868 -0.011106
9.251869 -0.012100
9.256870 -0.011453
9.261871 -0.009824
9.266872 -0.007726
9.271873 -0.005801
9.276874 -0.004182
9.281876 -0.002549
9.286877 -0.000626
9.291878 0.001846
9.296879 0.004650
9.301880 0.007475
9.306881 0.009947
9.311882 0.011236
9.316883 0.011088
9.321884 0.009847
9.326885 0.008515
9.331886 0.008238
9.336887 0.009420
9.341888 0.012894
9.346889 0.019249
9.351890 0.027512
9.356891 0.036644
9.361892 0.045950
9.366893 0.054323
9.371894 0.060617
9.376895 0.063626
9.381896 0.062271
9.386897 0.056003
9.391898 0.045437
9.396899 0.032668
9.401900 0.020111
9.406901 0.009950
9.411902 0.002207
9.416903 -0.004353
9.421904 -0.010199
9.426905 -0.016276
9.431906 -0.022804
9.436907 -0.029994
9.441908 -0.037661
9.446909 -0.044346
9.451910 -0.049505
9.456911 -0.051829
9.461912 -0.049869
9.466913 -0.044222
9.471914 -0.037092
9.476915 -0.030210
9.481916 -0.024309
9.486917 -0.019865
9.491918 -0.017170
9.496919 -0.016555
9.501920 -0.016990
9.506921 -0.017670
9.511922 -0.018779
9.516923 -0.020029
9.521924 -0.021459
9.526925 -0.022597
9.531926 -0.023057
9.536927 -0.023117
9.541928 -0.021907
9.546929 -0.020083
9.551930 -0.019134
9.556931 -0.018791
9.561932 -0.018864
9.566933 -0.018174
9.571934 -0.016152
9.576935 -0.012793
9.581936 -0.006940
9.586937 0.001098
9.591938 0.010305
9.596939 0.019866
9.601940 0.028554
9.606941 0.035197
9.611942 0.039151
9.616943 0.040689
9.621944 0.040946
9.626945 0.040876
9.631946 0.040584
9.636947 0.040380
9.641948 0.040865
9.646949 0.041952
9.651950 0.043096
9.656951 0.043169
9.661952 0.041561
9.666953 0.038591
9.671954 0.033731
9.676955 0.027319
9.681956 0.020174
9.686957 0.012414
9.691958 0.004540
9.696959 -0.003670
9.701960 -0.011180
9.706961 -0.016915
9.711962 -0.021573
9.716963 -0.024653
9.721964 -0.026509
9.726965 -0.027775
9.731966 -0.028339
9.736967 -0.028769
9.741968 -0.028035
9.746969 -0.025464
9.751970 -0.021075
9.756972 -0.014434
9.761973 -0.006333
9.766974 0.002230
9.771975 0.010607
9.776976 0.017262
9.781977 0.021520
9.786978 0.023844
9.791979 0.023479
9.796980 0.020611
9.801981 0.016038
9.806982 0.010224
9.811983 0.003903
9.816984 -0.002688
9.821985 -0.008394
9.826986 -0.012725
9.831987 -0.016109
9.836988 -0.019188
9.841989 -0.022163
9.846990 -0.024248
9.851991 -0.025376
9.856992 -0.025392
9.861993 -0.024629
9.866994 -0.023464
9.871995 -0.022101
9.876996 -0.021084
9.881997 -0.020303
9.886998 -0.019529
9.891999 -0.018951
9.897000 -0.018648
9.902001 -0.017553
9.907002 -0.014935
9.912003 -0.010857
9.917004 -0.006151
9.922005 -0.001504
9.927006 0.002766
9.932007 0.005979
9.937008 0.008078
9.942009 0.009271
9.947010 0.010018
9.952011 0.009589
9.957012 0.007305
9.962013 0.004061
9.967014 0.000223
9.972015 -0.003489
9.977016 -0.006222
9.982017 -0.007425
9.987018 -0.006644
9.992019 -0.004392
9.997020 -0.001226
10.002021 0.002593
10.007022 0.006194
10.012023 0.008083
10.017024 0.007548
10.022025 0.005665
10.027026 0.003310
10.032027 0.001108
10.037028 -0.000268
10.042029 0.000295
10.047030 0.003099
10.052031 0.006341
10.057032 0.009376
10.062033 0.011379
10.067034 0.011608
10.072035 0.010652
10.077036 0.008862
10.082037 0.008155
10.087038 0.009689
10.092039 0.013223
10.097040 0.019093
10.102041 0.026575
10.107042 0.034220
10.112043 0.040671
10.117044 0.044996
10.122045 0.046955
10.127046 0.046952
10.132047 0.044694
10.137048 0.040407
10.142049 0.035683
10.147050 0.030691
10.152051 0.025580
10.157052 0.020842
10.162053 0.016965
10.167054 0.014381
10.172055 0.012596
10.177056 0.011237
10.182057 0.010152
10.187058 0.009326
10.192059 0.008052
10.197060 0.006010
10.202061 0.003263
10.207062 -0.000077
10.212063 -0.003691
10.217064 -0.007660
10.222065 -0.010882
10.227066 -0.012955
10.232068 -0.014662
10.237069 -0.016014
10.242070 -0.016698
10.247071 -0.016397
10.252072 -0.015808
10.257073 -0.015456
10.262074 -0.014897
10.267075 -0.014234
10.272076 -0.013474
10.277077 -0.012317
10.282078 -0.010629
10.287079 -0.008271
10.292080 -0.006189
10.297081 -0.005243
10.302082 -0.005258
10.307083 -0.006538
10.312084 -0.009361
10.317085 -0.013239
10.322086 -0.017397
10.327087 -0.020824
10.332088 -0.023045
10.337089 -0.024057
10.342090 -0.023119
10.347091 -0.020205
10.352092 -0.016053
10.357093 -0.011202
10.362094 -0.005814
10.367095 -0.000503
10.372096 0.003459
10.377097 0.005805
10.382098 0.006344
10.387099 0.004812
10.392100 0.001010
10.397101 -0.005045
10.402102 -0.012231
10.407103 -0.019623
10.412104 -0.026475
10.417105 -0.031899
10.422106 -0.035278
10.427107 -0.035858
10.432108 -0.033361
10.437109 -0.028709
10.442110 -0.022470
10.447111 -0.015039
10.452112 -0.007782
10.457113 -0.001434
10.462114 0.003889
10.467115 0.007819
10.472116 0.010290
10.477117 0.011290
10.482118 0.011193
10.487119 0.010867
10.492120 0.010164
10.497121 0.009134
10.502122 0.008230
10.507123 0.007771
10.512124 0.008432
10.517125 0.010330
10.522126 0.013945
10.527127 0.019330
10.532128 0.025972
10.537129 0.033371
10.542130 0.041006
10.547131 0.048265
10.552132 0.053826
10.557133 0.056915
10.562134 0.057904
10.567135 0.057459
10.572136 0.055406
10.577137 0.051627
10.582138 0.046258
10.587139 0.039226
10.592140 0.030992
10.597141 0.021413
10.602142 0.011562
10.607143 0.002934
10.612144 -0.004647
10.617145 -0.011247
10.622146 -0.017399
10.627147 -0.023713
10.632148 -0.030486
10.637149 -0.037786
10.642150 -0.045279
10.647151 -0.052399
10.652152 -0.058405
10.657153 -0.063267
10.662154 -0.066554
10.667155 -0.068136
10.672156 -0.068306
10.677157 -0.066672
10.682158 -0.063065
10.687159 -0.057123
10.692160 -0.048902
10.697161 -0.038550
10.702162 -0.026184
10.707164 -0.012711
10.712165 0.000524
10.717166 0.012111
10.722167 0.021796
10.727168 0.029238
10.732169 0.033636
10.737170 0.034672
10.742171 0.032704
10.747172 0.028608
10.752173 0.023417
10.757174 0.018037
10.762175 0.013133
10.767176 0.009401
10.772177 0.006592
10.777178 0.005115
10.782179 0.005397
10.787180 0.006871
10.792181 0.009529
10.797182 0.013011
10.802183 0.016798
10.807184 0.020608
10.812185 0.023699
10.817186 0.024887
10.822187 0.024163
10.827188 0.021735
10.832189 0.017856
10.837190 0.013799
10.842191 0.010231
10.847192 0.007835
10.852193 0.006336
10.857194 0.004966
10.862195 0.004041
10.867196 0.003147
10.872197 0.001609
10.877198 -0.000596
10.882199 -0.003344
10.887200 -0.006186
10.892201 -0.008671
10.897202 -0.010768
10.902203 -0.011912
10.907204 -0.012019
10.912205 -0.012004
10.917206 -0.011651
10.922207 -0.010869
10.927208 -0.010002
10.932209 -0.009088
10.937210 -0.008733
10.942211 -0.008552
10.947212 -0.008357
10.952213 -0.008638
10.957214 -0.008850
10.962215 -0.008679
10.967216 -0.007965
10.972217 -0.006868
10.977218 -0.005194
10.982219 -0.002630
10.987220 0.000441
10.992221 0.004166
10.997222 0.008396
11.002223 0.013401
11.007224 0.019081
11.012225 0.024718
11.017226 0.030469
11.022227 0.035814
11.027228 0.040638
11.032229 0.044920
11.037230 0.047834
11.042231 0.049653
11.047232 0.050688
11.052233 0.050282
11.057234 0.048378
11.062235 0.045184
11.067236 0.040595
11.072237 0.034734
11.077238 0.027679
11.082239 0.020238
11.087240 0.013101
11.092241 0.006103
11.097242 -0.000204
11.102243 -0.005770
11.107244 -0.010482
11.112245 -0.014485
11.117246 -0.019000
11.122247 -0.023795
11.127248 -0.028976
11.132249 -0.034848
11.137250 -0.041112
11.142251 -0.047461
11.147252 -0.053274
11.152253 -0.058327
11.157254 -0.062641
11.162255 -0.066224
11.167256 -0.068847
11.172257 -0.070823
11.177258 -0.072341
11.182259 -0.072926
11.187261 -0.072239
11.192262 -0.070548
11.197263 -0.068259
11.202264 -0.065013
11.207265 -0.060809
11.212266 -0.056306
11.217267 -0.051253
11.222268 -0.045257
11.227269 -0.038601
11.232270 -0.031183
11.237271 -0.023484
11.242272 -0.015642
11.247273 -0.007554
11.252274 0.000056
11.257275 0.006974
11.262276 0.013675
11.267277 0.020278
11.272278 0.026461
11.277279 0.032579
11.282280 0.038677
11.287281 0.044697
11.292282 0.050030
11.297283 0.054088
11.302284 0.057153
11.307285 0.058652
11.312286 0.058742
11.317287 0.057462
11.322288 0.055281
11.327289 0.053566
11.332290 0.051969
11.337291 0.050715
11.342292 0.050080
11.347293 0.049713
11.352294 0.049363
11.357295 0.048374
11.362296 0.046770
11.367297 0.044890
11.372298 0.042433
11.377299 0.039195
11.382300 0.035555
11.387301 0.031875
11.392302 0.027530
11.397303 0.022303
11.402304 0.016867
11.407305 0.011559
11.412306 0.006383
11.417307 0.001636
11.422308 -0.002171
11.427309 -0.004850
11.432310 -0.006745
11.437311 -0.008233
11.442312 -0.009073
11.447313 -0.009427
11.452314 -0.010044
11.457315 -0.011274
11.462316 -0.013207
11.467317 -0.016059
11.472318 -0.020433
11.477319 -0.026394
11.482320 -0.033323
11.487321 -0.040975
11.492322 -0.048996
11.497323 -0.056374
11.502324 -0.062160
11.507325 -0.065560
11.512326 -0.066154
11.517327 -0.064180
11.522328 -0.059821
11.527329 -0.053464
11.532330 -0.046241
11.537331 -0.039419
11.542332 -0.033261
11.547333 -0.027943
11.552334 -0.024159
11.557335 -0.021653
11.562336 -0.019792
11.567337 -0.018098
11.572338 -0.016294
11.577339 -0.014436
11.582340 -0.012320
11.587341 -0.009775
11.592342 -0.007337
11.597343 -0.005463
11.602344 -0.003537
11.607345 -0.001144
11.612346 0.001485
11.617347 0.004504
11.622348 0.007967
11.627349 0.012389
11.632350 0.017513
11.637351 0.022444
11.642352 0.027620
11.647353 0.032771
11.652354 0.037515
11.657355 0.041722
11.662357 0.045283
11.667358 0.048705
11.672359 0.051462
11.677360 0.053386
11.682361 0.055070
11.687362 0.056542
11.692363 0.057502
11.697364 0.058009
11.702365 0.057721
11.707366 0.056609
11.712367 0.054507
11.717368 0.051008
11.722369 0.046853
11.727370 0.041911
11.732371 0.036297
11.737372 0.030395
11.742373 0.024144
11.747374 0.018017
11.752375 0.012026
11.757376 0.005977
11.762377 0.000373
11.767378 -0.004361
11.772379 -0.008856
11.777380 -0.013279
11.782381 -0.017730
11.787382 -0.022482
11.792383 -0.027462
11.797384 -0.032972
11.802385 -0.038534
11.807386 -0.043339
11.812387 -0.047759
11.817388 -0.051574
11.822389 -0.054275
11.827390 -0.056039
11.832391 -0.056937
11.837392 -0.057170
11.842393 -0.056470
11.847394 -0.054302
11.852395 -0.050946
11.857396 -0.046668
11.862397 -0.041097
11.867398 -0.034607
11.872399 -0.027491
11.877400 -0.020204
11.882401 -0.013140
11.887402 -0.006452
11.892403 -0.001023
11.897404 0.003138
11.902405 0.006023
11.907406 0.008123
11.912407 0.010026
11.917408 0.011406
11.922409 0.012693
11.927410 0.014167
11.932411 0.015630
11.937412 0.016973
11.942413 0.018385
11.947414 0.019887
11.952415 0.021398
11.957416 0.022977
11.962417 0.024455
11.967418 0.025742
11.972419 0.026393
11.977420 0.025852
11.982421 0.024230
11.987422 0.021692
11.992423 0.017843
11.997424 0.012768
12.002425 0.007091
12.007426 0.001315
12.012427 -0.004291
12.017428 -0.009633
12.022429 -0.014006
12.027430 -0.017155
12.032431 -0.019170
12.037432 -0.019895
12.042433 -0.019280
12.047434 -0.016854
12.052435 -0.013527
12.057436 -0.010183
12.062437 -0.006607
12.067438 -0.003193
12.072439 -0.000389
12.077440 0.001434
12.082441 0.002261
12.087442 0.002469
12.092443 0.002184
12.097444 0.001386
12.102445 0.000389
12.107446 0.000042
12.112447 0.000106
12.117448 0.000491
12.122449 0.001670
12.127450 0.003149
12.132451 0.004508
12.137453 0.005315
12.142454 0.005391
12.147455 0.004821
12.152456 0.003254
12.157457 0.000866
12.162458 -0.001710
12.167459 -0.004026
12.172460 -0.005661
12.177461 -0.006258
12.182462 -0.005601
12.187463 -0.003301
12.192464 -0.000133
12.197465 0.003344
12.202466 0.007056
12.207467 0.010359
12.212468 0.012981
12.217469 0.014063
12.222470 0.014036
12.227471 0.013387
12.232472 0.011520
12.237473 0.009035
12.242474 0.006186
12.247475 0.002874
12.252476 -0.000668
12.257477 -0.004741
12.262478 -0.009278
12.267479 -0.013256
12.272480 -0.017386
12.277481 -0.021580
12.282482 -0.024444
12.287483 -0.026484
12.292484 -0.027324
12.297485 -0.026601
12.302486 -0.024433
12.307487 -0.020252
12.312488 -0.014816
12.317489 -0.008743
12.322490 -0.001924
12.327491 0.004896
12.332492 0.011120
12.337493 0.016502
12.342494 0.021237
12.347495 0.025373
12.352496 0.028340
12.357497 0.030076
12.362498 0.030696
12.367499 0.030411
12.372500 0.029302
12.377501 0.027381
12.382502 0.025145
12.387503 0.022859
12.392504 0.020463
12.397505 0.017929
12.402506 0.015711
12.407507 0.013773
12.412508 0.011875
12.417509 0.010313
12.422510 0.009003
12.427511 0.007837
12.432512 0.006256
12.437513 0.003346
12.442514 -0.000798
12.447515 -0.006120
12.452516 -0.012641
12.457517 -0.019948
12.462518 -0.027359
12.467519 -0.033880
12.472520 -0.039660
12.477521 -0.044411
12.482522 -0.047174
12.487523 -0.048455
12.492524 -0.048525
12.497525 -0.047360
12.502526 -0.045040
12.507527 -0.041311
12.512528 -0.036702
12.517529 -0.031831
12.522530 -0.026617
12.527531 -0.021391
12.532532 -0.016611
12.537533 -0.012662
12.542534 -0.009332
12.547535 -0.005979
12.552536 -0.003142
12.557537 -0.000607
12.562538 0.002114
12.567539 0.004728
12.572540 0.006979
12.577541 0.008452
12.582542 0.009863
12.587543 0.011546
12.592544 0.013180
12.597545 0.015319
12.602546 0.018390
12.607547 0.022124
12.612549 0.026203
12.617550 0.030233
12.622551 0.033763
12.627552 0.036771
12.632553 0.038616
12.637554 0.039240
12.642555 0.038773
12.647556 0.037289
12.652557 0.035208
12.657558 0.031903
12.662559 0.028115
12.667560 0.024352
12.672561 0.020095
12.677562 0.015972
12.682563 0.011924
12.687564 0.008286
12.692565 0.005414
12.697566 0.002429
12.702567 -0.000366
12.707568 -0.002643
12.712569 -0.005149
12.717570 -0.008022
12.722571 -0.010879
12.727572 -0.013794
12.732573 -0.016918
12.737574 -0.020182
12.742575 -0.023382
12.747576 -0.026160
12.752577 -0.028451
12.757578 -0.030361
12.762579 -0.031552
12.767580 -0.031506
12.772581 -0.030233
12.777582 -0.027953
12.782583 -0.024615
12.787584 -0.020158
12.792585 -0.015150
12.797586 -0.009892
12.802587 -0.004269
12.807588 0.001506
12.812589 0.007250
12.817590 0.012533
12.822591 0.017420
12.827592 0.022014
12.832593 0.025624
12.837594 0.028328
12.842595 0.030557
12.847596 0.032135
12.852597 0.032962
12.857598 0.033064
12.862599 0.032684
12.867600 0.032101
12.872601 0.030896
12.877602 0.028816
12.882603 0.026413
12.887604 0.023740
12.892605 0.020554
12.897606 0.016681
12.902607 0.012438
12.907608 0.008138
12.912609 0.003566
12.917610 -0.001007
12.922611 -0.005210
12.927612 -0.008798
12.932613 -0.012000
12.937614 -0.015013
12.942615 -0.017613
12.947616 -0.019857
12.952617 -0.021783
12.957618 -0.024061
12.962619 -0.026675
12.967620 -0.028799
12.972621 -0.030976
12.977622 -0.033059
12.982623 -0.034437
12.987624 -0.035143
12.992625 -0.034903
12.997626 -0.033899
13.002627 -0.031976
13.007628 -0.028873
13.012629 -0.025330
13.017630 -0.021632
13.022631 -0.017435
13.027632 -0.012908
13.032633 -0.008555
13.037634 -0.004868
13.042635 -0.001713
13.047636 0.001147
13.052637 0.003406
13.057638 0.005007
13.062639 0.006467
13.067640 0.008384
13.072641 0.010476
13.077642 0.012816
13.082643 0.015576
13.087645 0.018653
13.092646 0.022091
13.097647 0.025147
13.102648 0.028154
13.107649 0.031306
13.112650 0.033932
13.117651 0.035941
13.122652 0.037069
13.127653 0.037678
13.132654 0.037624
13.137655 0.036324
13.142656 0.034211
13.147657 0.031275
13.152658 0.027124
13.157659 0.022165
13.162660 0.016622
13.167661 0.010870
13.172662 0.005224
13.177663 -0.000633
13.182664 -0.005501
13.187665 -0.009131
13.192666 -0.012274
13.197667 -0.014603
13.202668 -0.016451
13.207669 -0.017811
13.212670 -0.019131
13.217671 -0.020988
13.222672 -0.022738
13.227673 -0.024260
13.232674 -0.025918
13.237675 -0.027869
13.242676 -0.029658
13.247677 -0.030800
13.252678 -0.031454
13.257679 -0.031735
13.262680 -0.031199
13.267681 -0.029482
13.272682 -0.027037
13.277683 -0.024000
13.282684 -0.020310
13.287685 -0.016229
13.292686 -0.011893
13.297687 -0.007569
13.302688 -0.003198
13.307689 0.001205
13.312690 0.004874
13.317691 0.007675
13.322692 0.009684
13.327693 0.011105
13.332694 0.012003
13.337695 0.011844
13.342696 0.011159
13.347697 0.010262
13.352698 0.008696
13.357699 0.006656
13.362700 0.004504
13.367701 0.002760
13.372702 0.000958
13.377703 -0.001054
13.382704 -0.002330
13.387705 -0.003033
13.392706 -0.003518
13.397707 -0.003501
13.402708 -0.002826
13.407709 -0.001878
13.412710 -0.000753
13.417711 0.000610
13.422712 0.001910
13.427713 0.002984
13.432714 0.003881
13.437715 0.004396
13.442716 0.004369
13.447717 0.004171
13.452718 0.003581
13.457719 0.002338
13.462720 0.001050
13.467721 0.000118
13.472722 -0.000592
13.477723 -0.000911
13.482724 -0.000493
13.487725 0.000686
13.492726 0.002408
13.497727 0.004328
13.502728 0.006285
13.507729 0.008155
13.512730 0.009727
13.517731 0.010527
13.522732 0.010642
13.527733 0.010381
13.532734 0.009667
13.537735 0.008845
13.542736 0.008391
13.547737 0.008496
13.552738 0.009057
13.557739 0.009793
13.562741 0.010577
13.567742 0.011477
13.572743 0.011784
13.577744 0.011038
13.582745 0.009560
13.587746 0.007264
13.592747 0.004481
13.597748 0.001329
13.602749 -0.001809
13.607750 -0.004507
13.612751 -0.007306
13.617752 -0.009926
13.622753 -0.011972
13.627754 -0.013348
13.632755 -0.014180
13.637756 -0.014818
13.642757 -0.014984
13.647758 -0.014555
13.652759 -0.013866
13.657760 -0.012973
13.662761 -0.011792
13.667762 -0.010351
13.672763 -0.008802
13.677764 -0.007080
13.682765 -0.005072
13.687766 -0.002898
13.692767 -0.000635
13.697768 0.001673
13.702769 0.004234
13.707770 0.007290
13.712771 0.010526
13.717772 0.013692
13.722773 0.016865
13.727774 0.020228
13.732775 0.023041
13.737776 0.024708
13.742777 0.025989
13.747778 0.026740
13.752779 0.026606
13.757780 0.025732
13.762781 0.024196
13.767782 0.022392
13.772783 0.019748
13.777784 0.016592
13.782785 0.013514
13.787786 0.009957
13.792787 0.006312
13.797788 0.002587
13.802789 -0.001297
13.807790 -0.004862
13.812791 -0.008295
13.817792 -0.011579
13.822793 -0.014292
13.827794 -0.016655
13.832795 -0.018772
13.837796 -0.020563
13.842797 -0.022082
13.847798 -0.022876
13.852799 -0.023213
13.857800 -0.023256
13.862801 -0.022461
13.867802 -0.020923
13.872803 -0.018787
13.877804 -0.016256
13.882805 -0.013546
13.887806 -0.010405
13.892807 -0.007343
13.897808 -0.004791
13.902809 -0.002298
13.907810 -0.000089
13.912811 0.001756
13.917812 0.003179
13.922813 0.004284
13.927814 0.005591
13.932815 0.006413
13.937816 0.006729
13.942817 0.006698
13.947818 0.006237
13.952819 0.005371
13.957820 0.003788
13.962821 0.001904
13.967822 -0.000038
13.972823 -0.002102
13.977824 -0.004216
13.982825 -0.006099
13.987826 -0.007349
13.992827 -0.008262
13.997828 -0.008955
14.002829 -0.009094
14.007830 -0.008655
14.012831 -0.007924
14.017832 -0.007239
14.022833 -0.006420
14.027834 -0.005569
14.032835 -0.004947
14.037836 -0.004702
14.042838 -0.004839
14.047839 -0.005055
14.052840 -0.005537
14.057841 -0.006436
14.062842 -0.007261
14.067843 -0.007628
14.072844 -0.007679
14.077845 -0.007758
14.082846 -0.007403
14.087847 -0.006641
14.092848 -0.005670
14.097849 -0.004264
14.102850 -0.002679
14.107851 -0.000371
14.112852 0.002586
14.117853 0.005682
14.122854 0.009255
14.127855 0.013211
14.132856 0.016940
14.137857 0.020041
14.142858 0.022935
14.147859 0.025475
14.152860 0.027256
14.157861 0.028107
14.162862 0.028366
14.167863 0.028322
14.172864 0.027204
14.177865 0.025383
14.182866 0.023057
14.187867 0.020183
14.192868 0.017108
14.197869 0.013702
14.202870 0.010528
14.207871 0.007678
14.212872 0.005003
14.217873 0.002554
14.222874 0.000324
14.227875 -0.001464
14.232876 -0.003038
14.237877 -0.004770
14.242878 -0.006230
14.247879 -0.007083
14.252880 -0.008040
14.257881 -0.009095
14.262882 -0.009781
14.267883 -0.010515
14.272884 -0.011300
14.277885 -0.012088
14.282886 -0.012944
14.287887 -0.013349
14.292888 -0.013801
14.297889 -0.014334
14.302890 -0.014425
14.307891 -0.014229
14.312892 -0.013779
14.317893 -0.013316
14.322894 -0.012562
14.327895 -0.011297
14.332896 -0.009877
14.337897 -0.008462
14.342898 -0.007077
14.347899 -0.005300
14.352900 -0.003617
14.357901 -0.002501
14.362902 -0.001537
14.367903 -0.000879
14.372904 -0.000498
14.377905 -0.000783
14.382906 -0.001600
14.387907 -0.002225
14.392908 -0.003157
14.397909 -0.004549
14.402910 -0.005924
14.407911 -0.006980
14.412912 -0.007821
14.417913 -0.008433
14.422914 -0.008519
14.427915 -0.007683
14.432916 -0.006150
14.437917 -0.004188
14.442918 -0.001755
14.447919 0.001049
14.452920 0.003910
14.457921 0.006371
14.462922 0.008675
14.467923 0.010669
14.472924 0.011974
14.477925 0.012401
14.482926 0.012078
14.487927 0.011280
14.492928 0.009766
14.497929 0.007831
14.502930 0.005617
14.507931 0.003507
14.512932 0.001619
14.517934 -0.000526
14.522935 -0.002251
14.527936 -0.003323
14.532937 -0.004176
14.537938 -0.004740
14.542939 -0.004785
14.547940 -0.004381
14.552941 -0.003705
14.557942 -0.003086
14.562943 -0.002528
14.567944 -0.001235
14.572945 0.000189
14.577946 0.001367
14.582947 0.002830
14.587948 0.004579
14.592949 0.006224
14.597950 0.007604
14.602951 0.009090
14.607952 0.010326
14.612953 0.011308
14.617954 0.011873
14.622955 0.012007
14.627956 0.012234
14.632957 0.012113
14.637958 0.011415
14.642959 0.010535
14.647960 0.009713
14.652961 0.008670
14.657962 0.007291
14.662963 0.005601
14.667964 0.004071
14.672965 0.002772
14.677966 0.001114
14.682967 -0.000121
14.687968 -0.000910
14.692969 -0.001865
14.697970 -0.002583
14.702971 -0.003087
14.707972 -0.003235
14.712973 -0.003309
14.717974 -0.003798
14.722975 -0.004198
14.727976 -0.004542
14.732977 -0.005171
14.737978 -0.006114
14.742979 -0.007213
14.747980 -0.008039
14.752981 -0.008517
14.757982 -0.009063
14.762983 -0.009187
14.767984 -0.008537
14.772985 -0.007683
14.777986 -0.006415
14.782987 -0.004868
14.787988 -0.003051
14.792989 -0.001085
14.797990 0.000448
14.802991 0.001879
14.807992 0.003150
14.812993 0.003899
14.817994 0.004099
14.822995 0.003984
14.827996 0.003976
14.832997 0.003897
14.837998 0.003521
14.842999 0.003168
14.848000 0.003086
14.853001 0.003053
14.858002 0.002859
14.863003 0.002470
14.868004 0.002031
14.873005 0.001669
14.878006 0.000965
14.883007 0.000185
14.888008 -0.000391
14.893009 -0.001142
14.898010 -0.001968
14.903011 -0.002814
14.908012 -0.003616
14.913013 -0.004106
14.918014 -0.004548
14.923015 -0.004798
14.928016 -0.004486
14.933017 -0.004298
14.938018 -0.004223
14.943019 -0.004218
14.948020 -0.004745
14.953021 -0.005474
14.958022 -0.006741
14.963023 -0.008420
14.968024 -0.010051
14.973025 -0.011800
14.978026 -0.013620
14.983027 -0.015220
14.988028 -0.016248
14.993030 -0.016892
14.998031 -0.017211
15.003032 -0.017219
15.008033 -0.016587
15.013034 -0.015390
15.018035 -0.014330
15.023036 -0.012873
15.028037 -0.010986
15.033038 -0.009323
15.038039 -0.007532
15.043040 -0.005701
15.048041 -0.003838
15.053042 -0.001975
15.058043 -0.000600
15.063044 0.001043
15.068045 0.003254
15.073046 0.005556
15.078047 0.008143
15.083048 0.011106
15.088049 0.014276
15.093050 0.017301
15.098051 0.020084
15.103052 0.022855
15.108053 0.025209
15.113054 0.026838
15.118055 0.027635
15.123056 0.027514
15.128057 0.026703
15.133058 0.024846
15.138059 0.021639
15.143060 0.017638
15.148061 0.013362
15.153062 0.008379
15.158063 0.003046
15.163064 -0.002082
15.168065 -0.007003
15.173066 -0.011108
15.178067 -0.014938
15.183068 -0.018099
15.188069 -0.020018
15.193070 -0.021198
15.198071 -0.021451
15.203072 -0.020838
15.208073 -0.019319
15.213074 -0.016924
15.218075 -0.013829
15.223076 -0.010084
15.228077 -0.005619
15.233078 -0.000759
15.238079 0.004133
15.243080 0.009150
15.248081 0.014145
15.253082 0.018813
15.258083 0.022718
15.263084 0.025893
15.268085 0.028629
15.273086 0.030532
15.278087 0.031323
15.283088 0.031507
15.288089 0.030967
15.293090 0.029653
15.298091 0.027616
15.303092 0.024672
15.308093 0.021478
15.313094 0.017729
15.318095 0.013259
15.323096 0.008660
15.328097 0.003798
15.333098 -0.001067
15.338099 -0.006008
15.343100 -0.010973
15.348101 -0.015436
15.353102 -0.019606
15.358103 -0.023533
15.363104 -0.027082
15.368105 -0.030210
15.373106 -0.032689
15.378107 -0.034983
15.383108 -0.036959
15.388109 -0.038081
15.393110 -0.038991
15.398111 -0.039613
15.403112 -0.039509
15.408113 -0.038636
15.413114 -0.037024
15.418115 -0.034972
15.423116 -0.032517
15.428117 -0.029318
15.433118 -0.025616
15.438119 -0.022016
15.443120 -0.018239
15.448121 -0.014272
15.453122 -0.010433
15.458123 -0.007063
15.463124 -0.004217
15.468126 -0.001520
15.473127 0.000783
15.478128 0.002346
15.483129 0.003549
15.488130 0.005014
15.493131 0.006414
15.498132 0.007280
15.503133 0.008405
15.508134 0.009841
15.513135 0.011118
15.518136 0.012346
15.523137 0.013546
15.528138 0.015062
15.533139 0.016657
15.538140 0.017867
15.543141 0.019409
15.548142 0.021049
15.553143 0.022216
15.558144 0.023187
15.563145 0.023987
15.568146 0.024527
15.573147 0.024766
15.578148 0.024444
15.583149 0.023934
15.588150 0.023614
15.593151 0.023008
15.598152 0.021992
15.603153 0.020687
15.608154 0.019432
15.613155 0.018160
15.618156 0.016355
15.623157 0.014652
15.628158 0.013358
15.633159 0.011880
15.638160 0.010230
15.643161 0.008668
15.648162 0.007321
15.653163 0.006029
15.658164 0.004470
15.663165 0.002918
15.668166 0.001445
15.673167 -0.000017
15.678168 -0.001549
15.683169 -0.003432
15.688170 -0.005316
15.693171 -0.006814
15.698172 -0.008555
15.703173 -0.010019
15.708174 -0.010494
15.713175 -0.011098
15.718176 -0.011285
15.723177 -0.011061
15.728178 -0.010568
15.733179 -0.009467
15.738180 -0.008829
15.743181 -0.007951
15.748182 -0.006687
15.753183 -0.005877
15.758184 -0.005331
15.763185 -0.005076
15.768186 -0.005138
15.773187 -0.005312
15.778188 -0.005989
15.783189 -0.006997
15.788190 -0.007865
15.793191 -0.008943
15.798192 -0.010111
15.803193 -0.011157
15.808194 -0.012035
15.813195 -0.012739
15.818196 -0.013508
15.823197 -0.014258
15.828198 -0.014571
15.833199 -0.014860
15.838200 -0.015365
15.843201 -0.015606
15.848202 -0.015786
15.853203 -0.015816
15.858204 -0.016008
15.863205 -0.016091
15.868206 -0.015534
15.873207 -0.015085
15.878208 -0.014488
15.883209 -0.013459
15.888210 -0.012061
15.893211 -0.010097
15.898212 -0.007966
15.903213 -0.005617
15.908214 -0.002531
15.913215 0.000629
15.918216 0.003433
15.923217 0.006282
15.928218 0.009133
15.933219 0.011672
15.938220 0.013604
15.943222 0.015398
15.948223 0.017178
15.953224 0.018740
15.958225 0.019984
15.963226 0.020841
15.968227 0.021782
15.973228 0.022604
15.978229 0.022932
15.983230 0.022950
15.988231 0.023022
15.993232 0.023057
15.998233 0.022618
16.003234 0.021897
16.008235 0.021433
16.013236 0.020752
16.018237 0.019532
16.023238 0.018504
16.028239 0.017594
16.033240 0.016630
16.038241 0.015565
16.043242 0.014324
16.048243 0.013236
16.053244 0.011978
16.058245 0.010207
16.063246 0.008486
16.068247 0.006807
16.073248 0.004861
16.078249 0.002981
16.083250 0.001101
16.088251 -0.000593
16.093252 -0.002166
16.098253 -0.004137
16.103254 -0.006051
16.108255 -0.007869
16.113256 -0.009750
16.118257 -0.011780
16.123258 -0.013824
16.128259 -0.015463
16.133260 -0.016906
16.138261 -0.018308
16.143262 -0.019454
16.148263 -0.020051
16.153264 -0.020180
16.158265 -0.020214
16.163266 -0.020149
16.168267 -0.019449
16.173268 -0.018488
16.178269 -0.017810
16.183270 -0.016841
16.188271 -0.015592
16.193272 -0.014265
16.198273 -0.012963
16.203274 -0.011732
16.208275 -0.010152
16.213276 -0.008448
16.218277 -0.006989
16.223278 -0.005603
16.228279 -0.004180
16.233280 -0.003027
16.238281 -0.002113
16.243282 -0.001313
16.248283 -0.000545
16.253284 0.000106
16.258285 0.000301
16.263286 0.000424
16.268287 0.000590
16.273288 0.000561
16.278289 0.000324
16.283290 -0.000218
16.288291 -0.000687
16.293292 -0.001174
16.298293 -0.001931
16.303294 -0.002757
16.308295 -0.003480
16.313296 -0.004033
16.318297 -0.004729
16.323298 -0.005278
16.328299 -0.005357
16.333300 -0.005311
16.338301 -0.005328
16.343302 -0.005002
16.348303 -0.004276
16.353304 -0.003593
16.358305 -0.002700
16.363306 -0.001491
16.368307 0.000219
16.373308 0.002469
16.378309 0.004963
16.383310 0.008000
16.388311 0.011660
16.393312 0.015286
16.398313 0.018573
16.403314 0.021904
16.408315 0.024803
16.413316 0.027087
16.418318 0.028620
16.423319 0.029073
16.428320 0.029108
16.433321 0.028447
16.438322 0.026689
16.443323 0.024566
16.448324 0.022091
16.453325 0.018959
16.458326 0.015452
16.463327 0.011692
16.468328 0.007788
16.473329 0.003954
16.478330 -0.000009
16.483331 -0.003763
16.488332 -0.006871
16.493333 -0.009697
16.498334 -0.012311
16.503335 -0.014357
16.508336 -0.015545
16.513337 -0.016098
16.518338 -0.016469
16.523339 -0.016205
16.528340 -0.015012
16.533341 -0.013536
16.538342 -0.011831
16.543343 -0.009370
16.548344 -0.006378
16.553345 -0.003233
16.558346 -0.000001
16.563347 0.003258
16.568348 0.006799
16.573349 0.010072
16.578350 0.012768
16.583351 0.015149
16.588352 0.016855
16.593353 0.018110
16.598354 0.018516
16.603355 0.018164
16.608356 0.017656
16.613357 0.016417
16.618358 0.014522
16.623359 0.012592
16.628360 0.010720
16.633361 0.008671
16.638362 0.006375
16.643363 0.004020
16.648364 0.001929
16.653365 -0.000202
16.658366 -0.002586
16.663367 -0.004874
16.668368 -0.007172
16.673369 -0.009794
16.678370 -0.012531
16.683371 -0.015261
16.688372 -0.017893
16.693373 -0.020531
16.698374 -0.023347
16.703375 -0.025863
16.708376 -0.027885
16.713377 -0.029355
16.718378 -0.030575
16.723379 -0.031459
16.728380 -0.031375
16.733381 -0.030802
16.738382 -0.030019
16.743383 -0.028571
16.748384 -0.026662
16.753385 -0.024686
16.758386 -0.022462
16.763387 -0.020054
16.768388 -0.017473
16.773389 -0.014826
16.778390 -0.012342
16.783391 -0.009597
16.788392 -0.006678
16.793393 -0.003676
16.798394 -0.000690
16.803395 0.002404
16.808396 0.005920
16.813397 0.009367
16.818398 0.012687
16.823399 0.015963
16.828400 0.019187
16.833401 0.021988
16.838402 0.024137
16.843403 0.026020
16.848404 0.027430
16.853405 0.028040
16.858406 0.027735
16.863407 0.027070
16.868408 0.026186
16.873409 0.024831
16.878410 0.023056
16.883411 0.021051
16.888412 0.019314
16.893414 0.017448
16.898415 0.015344
16.903416 0.013271
16.908417 0.011325
16.913418 0.009467
16.918419 0.007133
16.923420 0.004834
16.928421 0.002893
16.933422 0.000765
16.938423 -0.001606
16.943424 -0.003917
16.948425 -0.005881
16.953426 -0.007807
16.958427 -0.009641
16.963428 -0.011201
16.968429 -0.012226
16.973430 -0.012665
16.978431 -0.013021
16.983432 -0.012925
16.988433 -0.012302
16.993434 -0.011480
16.998435 -0.010697
17.003436 -0.009798
17.008437 -0.008701
17.013438 -0.007856
17.018439 -0.007258
17.023440 -0.006744
17.028441 -0.006001
17.033442 -0.005205
17.038443 -0.004487
17.043444 -0.003543
17.048445 -0.002311
17.053446 -0.000606
17.058447 0.001138
17.063448 0.003104
17.068449 0.005723
17.073450 0.008297
17.078451 0.010550
17.083452 0.012924
17.088453 0.015026
17.093454 0.016586
17.098455 0.017683
17.103456 0.017741
17.108457 0.017412
17.113458 0.016516
17.118459 0.014360
17.123460 0.011800
17.128461 0.009087
17.133462 0.006098
17.138463 0.002854
17.143464 -0.000340
17.148465 -0.003181
17.153466 -0.005676
17.158467 -0.007979
17.163468 -0.009883
17.168469 -0.010868
17.173470 -0.011444
17.178471 -0.011710
17.183472 -0.011391
17.188473 -0.010695
17.193474 -0.009460
17.198475 -0.008170
17.203476 -0.006859
17.208477 -0.005064
17.213478 -0.003418
17.218479 -0.002086
17.223480 -0.000791
17.228481 0.000494
17.233482 0.001421
17.238483 0.001611
17.243484 0.001612
17.248485 0.001481
17.253486 0.000789
17.258487 -0.000347
17.263488 -0.001585
17.268489 -0.002631
17.273490 -0.003669
17.278491 -0.004964
17.283492 -0.006308
17.288493 -0.007082
17.293494 -0.007787
17.298495 -0.008813
17.303496 -0.009524
17.308497 -0.009988
17.313498 -0.010171
17.318499 -0.010410
17.323500 -0.010722
17.328501 -0.010469
17.333502 -0.009858
17.338503 -0.009180
17.343504 -0.008135
17.348505 -0.006597
17.353506 -0.005016
17.358507 -0.003365
17.363508 -0.001582
17.368509 0.000610
17.373511 0.003010
17.378512 0.004839
17.383513 0.006555
17.388514 0.008407
17.393515 0.010126
17.398516 0.011455
17.403517 0.012654
17.408518 0.014005
17.413519 0.014989
17.418520 0.015566
17.423521 0.016001
17.428522 0.016142
17.433523 0.015829
17.438524 0.015011
17.443525 0.013936
17.448526 0.012922
17.453527 0.011474
17.458528 0.009607
17.463529 0.007687
17.468530 0.005844
17.473531 0.003952
17.478532 0.001909
17.483533 0.000120
17.488534 -0.001469
17.493535 -0.002813
17.498536 -0.003889
17.503537 -0.004430
17.508538 -0.004239
17.513539 -0.003780
17.518540 -0.003293
17.523541 -0.002394
17.528542 -0.000992
17.533543 0.000172
17.538544 0.001107
17.543545 0.001901
17.548546 0.002732
17.553547 0.003296
17.558548 0.003248
17.563549 0.002842
17.568550 0.002226
17.573551 0.001275
17.578552 -0.000325
17.583553 -0.001917
17.588554 -0.003447
17.593555 -0.005235
17.598556 -0.007091
17.603557 -0.008688
17.608558 -0.009843
17.613559 -0.010967
17.618560 -0.011795
17.623561 -0.012496
17.628562 -0.012648
17.633563 -0.012406
17.638564 -0.012431
17.643565 -0.012203
17.648566 -0.011845
17.653567 -0.011381
17.658568 -0.010992
17.663569 -0.010850
17.668570 -0.010255
17.673571 -0.009562
17.678572 -0.009201
17.683573 -0.008162
17.688574 -0.006765
17.693575 -0.005489
17.698576 -0.003791
17.703577 -0.002407
17.708578 -0.000958
17.713579 0.000612
17.718580 0.001561
17.723581 0.002569
17.728582 0.003460
17.733583 0.004098
17.738584 0.004671
17.743585 0.004870
17.748586 0.005346
17.753587 0.005925
17.758588 0.006177
17.763589 0.006532
17.768590 0.007065
17.773591 0.007599
17.778592 0.008038
17.783593 0.008570
17.788594 0.009312
17.793595 0.009815
17.798596 0.009974
17.803597 0.010210
17.808598 0.010532
17.813599 0.010518
17.818600 0.010113
17.823601 0.009660
17.828602 0.009295
17.833603 0.008764
17.838604 0.007691
17.843605 0.006465
17.848607 0.005443
17.853608 0.004227
17.858609 0.002889
17.863610 0.001398
17.868611 -0.000107
17.873612 -0.001428
17.878613 -0.003361
17.883614 -0.005134
17.888615 -0.006457
17.893616 -0.008195
17.898617 -0.009828
17.903618 -0.011266
17.908619 -0.012265
17.913620 -0.013018
17.918621 -0.013827
17.923622 -0.014124
17.928623 -0.014033
17.933624 -0.013653
17.938625 -0.013049
17.943626 -0.012250
17.948627 -0.011154
17.953628 -0.009692
17.958629 -0.008188
17.963630 -0.006577
17.968631 -0.004447
17.973632 -0.002349
17.978633 -0.000434
17.983634 0.001511
17.988635 0.003723
17.993636 0.005870
17.998637 0.007644
18.003638 0.009374
18.008639 0.010846
18.013640 0.011996
18.018641 0.012774
18.023642 0.013019
18.028643 0.013024
18.033644 0.012614
18.038645 0.011523
18.043646 0.010227
18.048647 0.008924
18.053648 0.007361
18.058649 0.005473
18.063650 0.003543
18.068651 0.001820
18.073652 0.000067
18.078653 -0.001371
18.083654 -0.002534
18.088655 -0.003390
18.093656 -0.003579
18.098657 -0.003739
18.103658 -0.003560
18.108659 -0.002794
18.113660 -0.001744
18.118661 -0.000765
18.123662 0.000083
18.128663 0.001205
18.133664 0.002268
18.138665 0.002947
18.143666 0.003407
18.148667 0.003716
18.153668 0.003801
18.158669 0.003503
18.163670 0.002991
18.168671 0.002463
18.173672 0.001787
18.178673 0.000726
18.183674 -0.000543
18.188675 -0.001592
18.193676 -0.002867
18.198677 -0.004524
18.203678 -0.006111
18.208679 -0.007738
18.213680 -0.009188
18.218681 -0.010656
18.223682 -0.012202
18.228683 -0.013099
18.233684 -0.013726
18.238685 -0.014168
18.243686 -0.014079
18.248687 -0.013665
18.253688 -0.012824
18.258689 -0.011704
18.263690 -0.010252
18.268691 -0.008291
18.273692 -0.006020
18.278693 -0.003882
18.283694 -0.001821
18.288695 0.000675
18.293696 0.002807
18.298697 0.004347
18.303698 0.005591
18.308699 0.006814
18.313700 0.007986
18.318701 0.008220
18.323703 0.008359
18.328704 0.008746
18.333705 0.008818
18.338706 0.008713
18.343707 0.008681
18.348708 0.009058
18.353709 0.009581
18.358710 0.009880
18.363711 0.010431
18.368712 0.011207
18.373713 0.011849
18.378714 0.012388
18.383715 0.012620
18.388716 0.013022
18.393717 0.013211
18.398718 0.012623
18.403719 0.012131
18.408720 0.011589
18.413721 0.010634
18.418722 0.009408
18.423723 0.007985
18.428724 0.006520
18.433725 0.005024
18.438726 0.003092
18.443727 0.001150
18.448728 -0.000670
18.453729 -0.002774
18.458730 -0.004833
18.463731 -0.006927
18.468732 -0.008738
18.473733 -0.010190
18.478734 -0.011856
18.483735 -0.013180
18.488736 -0.013790
18.493737 -0.014341
18.498738 -0.014724
18.503739 -0.014881
18.508740 -0.014548
18.513741 -0.013815
18.518742 -0.013382
18.523743 -0.012655
18.528744 -0.011783
18.533745 -0.011074
18.538746 -0.010398
18.543747 -0.009994
18.548748 -0.009525
18.553749 -0.009073
18.558750 -0.009057
18.563751 -0.008966
18.568752 -0.008388
18.573753 -0.008001
18.578754 -0.007701
18.583755 -0.006864
18.588756 -0.005633
18.593757 -0.004330
18.598758 -0.002627
18.603759 -0.000646
18.608760 0.001368
18.613761 0.003712
18.618762 0.005820
18.623763 0.007637
18.628764 0.009514
18.633765 0.011098
18.638766 0.012055
18.643767 0.012489
18.648768 0.012881
18.653769 0.012948
18.658770 0.012424
18.663771 0.011565
18.668772 0.010785
18.673773 0.010167
18.678774 0.009086
18.683775 0.007918
18.688776 0.007262
18.693777 0.006578
18.698778 0.005726
18.703779 0.005128
18.708780 0.004759
18.713781 0.004434
18.718782 0.004105
18.723783 0.003656
18.728784 0.003546
18.733785 0.003454
18.738786 0.002964
18.743787 0.002598
18.748788 0.002362
18.753789 0.002217
18.758790 0.001949
18.763791 0.001428
18.768792 0.001215
18.773793 0.001024
18.778794 0.000432
18.783795 -0.000173
18.788796 -0.000497
18.793797 -0.000976
18.798799 -0.001911
18.803800 -0.002854
18.808801 -0.003710
18.813802 -0.004453
18.818803 -0.005336
18.823804 -0.006364
18.828805 -0.006974
18.833806 -0.007516
18.838807 -0.008068
18.843808 -0.008310
18.848809 -0.008532
18.853810 -0.008596
18.858811 -0.008709
18.863812 -0.008862
18.868813 -0.008622
18.873814 -0.008336
18.878815 -0.008227
18.883816 -0.007979
18.888817 -0.007270
18.893818 -0.006519
18.898819 -0.006062
18.903820 -0.005350
18.908821 -0.004262
18.913822 -0.003351
18.918823 -0.002485
18.923824 -0.001434
18.928825 -0.000363
18.933826 0.000764
18.938827 0.001737
18.943828 0.002540
18.948829 0.003633
18.953830 0.004802
18.958831 0.005504
18.963832 0.006350
18.968833 0.007282
18.973834 0.007984
18.978835 0.008485
18.983836 0.008667
18.988837 0.009043
18.993838 0.009222
18.998839 0.009026
19.003840 0.008966
19.008841 0.008838
19.013842 0.008515
19.018843 0.007940
19.023844 0.007216
19.028845 0.006587
19.033846 0.005815
19.038847 0.004528
19.043848 0.003356
19.048849 0.002433
19.053850 0.001304
19.058851 0.000184
19.063852 -0.000800
19.068853 -0.001574
19.073854 -0.002165
19.078855 -0.002737
19.083856 -0.003002
19.088857 -0.002675
19.093858 -0.002178
19.098859 -0.001712
19.103860 -0.001040
19.108861 -0.000055
19.113862 0.000940
19.118863 0.001678
19.123864 0.002583
19.128865 0.003484
19.133866 0.004238
19.138867 0.004843
19.143868 0.005177
19.148869 0.005641
19.153870 0.005952
19.158871 0.005935
19.163872 0.005832
19.168873 0.005600
19.173874 0.005439
19.178875 0.004926
19.183876 0.004059
19.188877 0.003320
19.193878 0.002556
19.198879 0.001562
19.203880 0.000485
19.208881 -0.000316
19.213882 -0.000995
19.218883 -0.001898
19.223884 -0.002721
19.228885 -0.003185
19.233886 -0.003642
19.238887 -0.004254
19.243888 -0.004699
19.248889 -0.004819
19.253890 -0.005022
19.258891 -0.005655
19.263892 -0.006171
19.268893 -0.006354
19.273895 -0.006689
19.278896 -0.007298
19.283897 -0.007820
19.288898 -0.008283
19.293899 -0.008813
19.298900 -0.009489
19.303901 -0.010148
19.308902 -0.010454
19.313903 -0.010891
19.318904 -0.011276
19.323905 -0.011328
19.328906 -0.011139
19.333907 -0.010692
19.338908 -0.010254
19.343909 -0.009618
19.348910 -0.008631
19.353911 -0.007511
19.358912 -0.006370
19.363913 -0.005182
19.368914 -0.003851
19.373915 -0.002418
19.378916 -0.001356
19.383917 -0.000279
19.388918 0.000984
19.393919 0.001741
19.398920 0.002272
19.403921 0.002675
19.408922 0.003213
19.413923 0.003629
19.418924 0.003299
19.423925 0.003125
19.428926 0.003078
19.433927 0.002576
19.438928 0.002061
19.443929 0.001496
19.448930 0.000959
19.453931 0.000634
19.458932 0.000056
19.463933 -0.000375
19.468934 -0.000379
19.473935 -0.000346
19.478936 -0.000288
19.483937 -0.000224
19.488938 0.000084
19.493939 0.000554
19.498940 0.000757
19.503941 0.000972
19.508942 0.001462
19.513943 0.001749
19.518944 0.001846
19.523945 0.002112
19.528946 0.002471
19.533947 0.002756
19.538948 0.002858
19.543949 0.003207
19.548950 0.003984
19.553951 0.004650
19.558952 0.005201
19.563953 0.005962
19.568954 0.006950
19.573955 0.008008
19.578956 0.009010
19.583957 0.009872
19.588958 0.010904
19.593959 0.011873
19.598960 0.012326
19.603961 0.012788
19.608962 0.013280
19.613963 0.013547
19.618964 0.013601
19.623965 0.013446
19.628966 0.013554
19.633967 0.013607
19.638968 0.013316
19.643969 0.012899
19.648970 0.012474
19.653971 0.012146
19.658972 0.011451
19.663973 0.010605
19.668974 0.009915
19.673975 0.009005
19.678976 0.007725
19.683977 0.006304
19.688978 0.005097
19.693979 0.003749
19.698980 0.002183
19.703981 0.000629
19.708982 -0.000746
19.713983 -0.001960
19.718984 -0.003334
19.723985 -0.004625
19.728986 -0.005738
19.733987 -0.006767
19.738988 -0.007981
19.743989 -0.009239
19.748991 -0.010078
19.753992 -0.010861
19.758993 -0.011944
19.763994 -0.013026
19.768995 -0.013767
19.773996 -0.014622
19.778997 -0.015594
19.783998 -0.016520
19.788999 -0.017231
19.794000 -0.017690
19.799001 -0.018379
19.804002 -0.018887
19.809003 -0.019039
19.814004 -0.019023
19.819005 -0.018809
19.824006 -0.018477
19.829007 -0.017568
19.834008 -0.016309
19.839009 -0.015255
19.844010 -0.013612
19.849011 -0.011597
19.854012 -0.009658
19.859013 -0.007585
19.864014 -0.005638
19.869015 -0.003546
19.874016 -0.001587
19.879017 0.000037
19.884018 0.001486
19.889019 0.003015
19.894020 0.004329
19.899021 0.005226
19.904022 0.006271
19.909023 0.007207
19.914024 0.008027
19.919025 0.008595
19.924026 0.009080
19.929027 0.009842
19.934028 0.010344
19.939029 0.010431
19.944030 0.010542
19.949031 0.010690
19.954032 0.010462
19.959033 0.010113
19.964034 0.009569
19.969035 0.008879
19.974036 0.008361
19.979037 0.007590
19.984038 0.006675
19.989039 0.006056
19.994040 0.005427
19.999041 0.004720
20.004042 0.004298
20.009043 0.004059
20.014044 0.004007
20.019045 0.004003
20.024046 0.004054
20.029047 0.004440
20.034048 0.004935
20.039049 0.005245
20.044050 0.005382
20.049051 0.005484
20.054052 0.005618
20.059053 0.005196
20.064054 0.004561
20.069055 0.004332
20.074056 0.003585
20.079057 0.002639
20.084058 0.001849
20.089059 0.001129
20.094060 0.000607
20.099061 -0.000319
20.104062 -0.000926
20.109063 -0.001209
20.114064 -0.001716
20.119065 -0.002094
20.124066 -0.002575
20.129067 -0.003011
20.134068 -0.003309
20.139069 -0.003924
20.144070 -0.004566
20.149071 -0.004780
20.154072 -0.005273
20.159073 -0.006083
20.164074 -0.006741
20.169075 -0.007277
20.174076 -0.007536
20.179077 -0.007998
20.184078 -0.008490
20.189079 -0.008603
20.194080 -0.008715
20.199081 -0.008752
20.204082 -0.008795
20.209083 -0.008616
20.214084 -0.008212
20.219085 -0.007901
20.224086 -0.007497
20.229088 -0.006916
20.234089 -0.006193
20.239090 -0.005555
20.244091 -0.004907
20.249092 -0.004138
20.254093 -0.003191
20.259094 -0.002434
20.264095 -0.001922
20.269096 -0.000931
20.274097 0.000212
20.279098 0.001044
20.284099 0.002093
20.289100 0.003441
20.294101 0.004528
20.299102 0.005483
20.304103 0.006257
20.309104 0.007154
20.314105 0.008063
20.319106 0.008320
20.324107 0.008486
20.329108 0.008661
20.334109 0.008502
20.339110 0.007953
20.344111 0.007157
20.349112 0.006390
20.354113 0.005375
20.359114 0.004069
20.364115 0.002796
20.369116 0.001753
20.374117 0.000913
20.379118 -0.000095
20.384119 -0.001044
20.389120 -0.001394
20.394121 -0.001606
20.399122 -0.001906
20.404123 -0.002154
20.409124 -0.002116
20.414125 -0.001810
20.419126 -0.001784
20.424127 -0.001849
20.429128 -0.001807
20.434129 -0.001718
20.439130 -0.001772
20.444131 -0.001900
20.449132 -0.001821
20.454133 -0.001898
20.459134 -0.002181
20.464135 -0.002318
20.469136 -0.002218
20.474137 -0.002131
20.479138 -0.002260
20.484139 -0.002517
20.489140 -0.002559
20.494141 -0.002593
20.499142 -0.002902
20.504143 -0.003000
20.509144 -0.003023
20.514145 -0.003120
20.519146 -0.003202
20.524147 -0.003524
20.529148 -0.003546
20.534149 -0.003538
20.539150 -0.003850
20.544151 -0.003862
20.549152 -0.003639
20.554153 -0.003256
20.559154 -0.002894
20.564155 -0.002498
20.569156 -0.001532
20.574157 -0.000314
20.579158 0.000722
20.584159 0.001967
20.589160 0.003474
20.594161 0.004948
20.599162 0.006331
20.604163 0.007351
20.609164 0.008405
20.614165 0.009408
20.619166 0.009825
20.624167 0.010154
20.629168 0.010502
20.634169 0.010403
20.639170 0.010124
20.644171 0.009651
20.649172 0.009057
20.654173 0.008762
20.659174 0.008200
20.664175 0.007604
20.669176 0.007431
20.674177 0.007013
20.679178 0.006449
20.684179 0.005916
20.689180 0.005476
20.694181 0.005212
20.699182 0.004545
20.704184 0.003749
20.709185 0.003178
20.714186 0.002417
20.719187 0.001443
20.724188 0.000341
20.729189 -0.000729
20.734190 -0.001910
20.739191 -0.003242
20.744192 -0.004483
20.749193 -0.005679
20.754194 -0.006878
20.759195 -0.008246
20.764196 -0.009675
20.769197 -0.010783
20.774198 -0.011948
20.779199 -0.013278
20.784200 -0.014475
20.789201 -0.015517
20.794202 -0.016458
20.799203 -0.017365
20.804204 -0.017918
20.809205 -0.018104
20.814206 -0.018025
20.819207 -0.017754
20.824208 -0.017151
20.829209 -0.015888
20.834210 -0.014449
20.839211 -0.012858
20.844212 -0.010937
20.849213 -0.008722
20.854214 -0.006323
20.859215 -0.003989
20.864216 -0.001585
20.869217 0.001032
20.874218 0.003649
20.879219 0.005812
20.884220 0.007814
20.889221 0.009887
20.894222 0.011649
20.899223 0.013001
20.904224 0.014041
20.909225 0.015212
20.914226 0.016007
20.919227 0.016260
20.924228 0.016447
20.929229 0.016442
20.934230 0.016436
20.939231 0.015995
20.944232 0.015320
20.949233 0.014729
20.954234 0.013907
20.959235 0.012880
20.964236 0.011718
20.969237 0.010632
20.974238 0.009350
20.979239 0.007889
20.984240 0.006554
20.989241 0.005330
20.994242 0.004177
20.999243 0.002905
21.004244 0.001662
21.009245 0.000735
21.014246 -0.000151
21.019247 -0.001333
21.024248 -0.002488
21.029249 -0.003411
21.034250 -0.004518
21.039251 -0.005703
21.044252 -0.006866
21.049253 -0.007932
21.054254 -0.008844
21.059255 -0.010032
21.064256 -0.010990
21.069257 -0.011612
21.074258 -0.012160
21.079259 -0.012456
21.084260 -0.012657
21.089261 -0.012093
21.094262 -0.011241
21.099263 -0.010470
21.104264 -0.009314
21.109265 -0.007874
21.114266 -0.006087
21.119267 -0.004507
21.124268 -0.002981
21.129269 -0.001177
21.134270 0.000494
21.139271 0.001736
21.144272 0.002524
21.149273 0.003612
21.154274 0.004540
21.159275 0.004821
21.164276 0.005161
21.169277 0.005590
21.174278 0.005929
21.179280 0.005940
21.184281 0.006108
21.189282 0.006400
21.194283 0.006538
21.199284 0.006715
21.204285 0.006369
21.209286 0.006303
21.214287 0.006232
21.219288 0.005407
21.224289 0.004706
21.229290 0.004014
21.234291 0.003370
21.239292 0.002518
21.244293 0.001511
21.249294 0.000834
21.254295 0.000282
21.259296 -0.000345
21.264297 -0.000875
21.269298 -0.000981
21.274299 -0.001237
21.279300 -0.001537
21.284301 -0.001818
21.289302 -0.002026
21.294303 -0.002024
21.299304 -0.002442
21.304305 -0.002811
21.309306 -0.003130
21.314307 -0.003682
21.319308 -0.004322
21.324309 -0.005401
21.329310 -0.006237
21.334311 -0.007066
21.339312 -0.008196
21.344313 -0.008956
21.349314 -0.009629
21.354315 -0.009900
21.359316 -0.010064
21.364317 -0.010178
21.369318 -0.009709
21.374319 -0.008981
21.379320 -0.008099
21.384321 -0.007292
21.389322 -0.006095
21.394323 -0.004792
21.399324 -0.003628
21.404325 -0.002410
21.409326 -0.001202
21.414327 0.000048
21.419328 0.000969
21.424329 0.001929
21.429330 0.002998
21.434331 0.003970
21.439332 0.004822
21.444333 0.005458
21.449334 0.006343
21.454335 0.007263
21.459336 0.007642
21.464337 0.007632
21.469338 0.007787
21.474339 0.007939
21.479340 0.007510
21.484341 0.006909
21.489342 0.006456
21.494343 0.005785
21.499344 0.004886
21.504345 0.003876
21.509346 0.002976
21.514347 0.002236
21.519348 0.001146
21.524349 0.000122
21.529350 -0.000463
21.534351 -0.001017
21.539352 -0.001593
21.544353 -0.002209
21.549354 -0.002542
21.554355 -0.002625
21.559356 -0.002779
21.564357 -0.002766
21.569358 -0.002470
21.574359 -0.002003
21.579360 -0.001363
21.584361 -0.000622
21.589362 0.000117
21.594363 0.001217
21.599364 0.002164
21.604365 0.002798
21.609366 0.003781
21.614367 0.004651
21.619368 0.005384
21.624369 0.006027
21.629370 0.006634
21.634371 0.007349
21.639372 0.007648
21.644373 0.007806
21.649374 0.008024
21.654376 0.008080
21.659377 0.007688
21.664378 0.007107
21.669379 0.006703
21.674380 0.006152
21.679381 0.005188
21.684382 0.004009
21.689383 0.003312
21.694384 0.002427
21.699385 0.001274
21.704386 0.000405
21.709387 -0.000602
21.714388 -0.001131
21.719389 -0.001858
21.724390 -0.002716
21.729391 -0.002998
21.734392 -0.003372
21.739393 -0.003894
21.744394 -0.004606
21.749395 -0.004820
21.754396 -0.004919
21.759397 -0.005386
21.764398 -0.005836
21.769399 -0.006204
21.774400 -0.006345
21.779401 -0.006903
21.784402 -0.007381
21.789403 -0.007663
21.794404 -0.008297
21.799405 -0.008738
21.804406 -0.009334
21.809407 -0.009752
21.814408 -0.009971
21.819409 -0.010456
21.824410 -0.010725
21.829411 -0.010834
21.834412 -0.010541
21.839413 -0.010177
21.844414 -0.009917
21.849415 -0.009037
21.854416 -0.007899
21.859417 -0.006803
21.864418 -0.005343
21.869419 -0.003629
21.874420 -0.001947
21.879421 -0.000145
21.884422 0.001614
21.889423 0.003503
21.894424 0.005589
21.899425 0.007227
21.904426 0.008944
21.909427 0.010771
21.914428 0.012185
21.919429 0.013541
21.924430 0.014421
21.929431 0.015330
21.934432 0.016344
21.939433 0.016715
21.944434 0.016982
21.949435 0.017147
21.954436 0.017052
21.959437 0.016648
21.964438 0.015899
21.969439 0.015081
21.974440 0.014169
21.979441 0.012706
21.984442 0.010916
21.989443 0.009298
21.994444 0.007380
21.999445 0.005371
22.004446 0.003198
22.009447 0.000928
22.014448 -0.000969
22.019449 -0.003141
22.024450 -0.005331
22.029451 -0.007026
22.034452 -0.008558
22.039453 -0.010022
22.044454 -0.011192
22.049455 -0.011850
22.054456 -0.012251
22.059457 -0.012671
22.064458 -0.012751
22.069459 -0.012505
22.074460 -0.012135
22.079461 -0.011781
22.084462 -0.011289
22.089463 -0.010501
22.094464 -0.009709
22.099465 -0.008915
22.104466 -0.008270
22.109467 -0.007547
22.114468 -0.006702
22.119469 -0.005969
22.124470 -0.005255
22.129472 -0.004437
22.134473 -0.003601
22.139474 -0.003042
22.144475 -0.002417
22.149476 -0.001620
22.154477 -0.000935
22.159478 -0.000422
22.164479 -0.000027
22.169480 0.000564
22.174481 0.000850
22.179482 0.000854
22.184483 0.000929
22.189484 0.001006
22.194485 0.001068
22.199486 0.000941
22.204487 0.000821
22.209488 0.001117
22.214489 0.001471
22.219490 0.001532
22.224491 0.001756
22.229492 0.002290
22.234493 0.002880
22.239494 0.003080
22.244495 0.003276
22.249496 0.003672
22.254497 0.003779
22.259498 0.003793
22.264499 0.003683
22.269500 0.003831
22.274501 0.003822
22.279502 0.003401
22.284503 0.003083
22.289504 0.002833
22.294505 0.002683
22.299506 0.002191
22.304507 0.001721
22.309508 0.001447
22.314509 0.001211
22.319510 0.000976
22.324511 0.000488
22.329512 0.000344
22.334513 0.000204
22.339514 -0.000355
22.344515 -0.000800
22.349516 -0.001112
22.354517 -0.001396
22.359518 -0.001615
22.364519 -0.002226
22.369520 -0.002616
22.374521 -0.002738
22.379522 -0.003331
22.384523 -0.003629
22.389524 -0.003801
22.394525 -0.003956
22.399526 -0.004067
22.404527 -0.004210
22.409528 -0.003805
22.414529 -0.003371
22.419530 -0.003251
22.424531 -0.003011
22.429532 -0.002366
22.434533 -0.001486
22.439534 -0.000863
22.444535 -0.000281
22.449536 0.000687
22.454537 0.001784
22.459538 0.002489
22.464539 0.003246
22.469540 0.004373
22.474541 0.005297
22.479542 0.005998
22.484543 0.006528
22.489544 0.007318
22.494545 0.008063
22.499546 0.008231
22.504547 0.008383
22.509548 0.008258
22.514549 0.008115
22.519550 0.007705
22.524551 0.006695
22.529552 0.005857
22.534553 0.004901
22.539554 0.003704
22.544555 0.002506
22.549556 0.001406
22.554557 0.000378
22.559558 -0.000797
22.564559 -0.002028
22.569560 -0.002689
22.574561 -0.003132
22.579562 -0.003977
22.584563 -0.004509
22.589564 -0.004522
22.594565 -0.004429
22.599566 -0.004194
22.604568 -0.003797
22.609569 -0.003216
22.614570 -0.002309
22.619571 -0.001547
22.624572 -0.000752
22.629573 0.000386
22.634574 0.001213
22.639575 0.002021
22.644576 0.002809
22.649577 0.003559
22.654578 0.004367
22.659579 0.004703
22.664580 0.005078
22.669581 0.005745
22.674582 0.006320
22.679583 0.006588
22.684584 0.006824
22.689585 0.007335
22.694586 0.007409
22.699587 0.007258
22.704588 0.007080
22.709589 0.006761
22.714590 0.006350
22.719591 0.005355
22.724592 0.004293
22.729593 0.003436
22.734594 0.002307
22.739595 0.000799
22.744596 -0.000755
22.749597 -0.001951
22.754598 -0.003138
22.759599 -0.004668
22.764600 -0.006069
22.769601 -0.007151
22.774602 -0.008238
22.779603 -0.009454
22.784604 -0.010513
22.789605 -0.011244
22.794606 -0.011822
22.799607 -0.012437
22.804608 -0.012982
22.809609 -0.013140
22.814610 -0.013198
22.819611 -0.013210
22.824612 -0.013065
22.829613 -0.012760
22.834614 -0.012045
22.839615 -0.011330
22.844616 -0.010674
22.849617 -0.009833
22.854618 -0.008891
22.859619 -0.007874
22.864620 -0.006925
22.869621 -0.005962
22.874622 -0.004918
22.879623 -0.004107
22.884624 -0.003485
22.889625 -0.002676
22.894626 -0.001821
22.899627 -0.001074
22.904628 -0.000418
22.909629 0.000373
22.914630 0.001464
22.919631 0.002213
22.924632 0.002883
22.929633 0.003809
22.934634 0.004485
22.939635 0.005049
22.944636 0.005589
22.949637 0.005934
22.954638 0.006433
22.959639 0.006769
22.964640 0.006680
22.969641 0.007003
22.974642 0.007243
22.979643 0.007123
22.984644 0.007004
22.989645 0.006654
22.994646 0.006645
22.999647 0.006270
23.004648 0.005575
23.009649 0.005340
23.014650 0.004725
23.019651 0.004036
23.024652 0.003427
23.029653 0.002760
23.034654 0.002386
23.039655 0.001751
23.044656 0.001034
23.049657 0.000819
23.054658 0.000609
23.059659 0.000243
23.064660 0.000081
23.069661 0.000180
23.074662 0.000591
23.079664 0.000885
23.084665 0.001056
23.089666 0.001691
23.094667 0.002385
23.099668 0.002775
23.104669 0.003215
23.109670 0.003839
23.114671 0.004547
23.119672 0.004959
23.124673 0.005064
23.129674 0.005479
23.134675 0.005805
23.139676 0.005975
23.144677 0.006144
23.149678 0.006118
23.154679 0.006243
23.159680 0.006072
23.164681 0.005497
23.169682 0.005277
23.174683 0.004957
23.179684 0.004078
23.184685 0.003305
23.189686 0.002611
23.194687 0.001794
23.199688 0.001015
23.204689 -0.000024
23.209690 -0.000941
23.214691 -0.001588
23.219692 -0.002645
23.224693 -0.003708
23.229694 -0.004368
23.234695 -0.005050
23.239696 -0.005763
23.244697 -0.006405
23.249698 -0.006690
23.254699 -0.006925
23.259700 -0.007167
23.264701 -0.007256
23.269702 -0.007091
23.274703 -0.006441
23.279704 -0.006101
23.284705 -0.005639
23.289706 -0.004797
23.294707 -0.004090
23.299708 -0.003255
23.304709 -0.002563
23.309710 -0.001833
23.314711 -0.001094
23.319712 -0.000664
23.324713 -0.000313
23.329714 0.000132
23.334715 0.000485
23.339716 0.000369
23.344717 0.000006
23.349718 -0.000272
23.354719 -0.000614
23.359720 -0.001164
23.364721 -0.001856
23.369722 -0.002520
23.374723 -0.003014
23.379724 -0.003516
23.384725 -0.004140
23.389726 -0.004561
23.394727 -0.004615
23.399728 -0.004885
23.404729 -0.005062
23.409730 -0.004744
23.414731 -0.004460
23.419732 -0.004184
23.424733 -0.003718
23.429734 -0.003149
23.434735 -0.002431
23.439736 -0.001702
23.444737 -0.001112
23.449738 -0.000379
23.454739 0.000437
23.459740 0.001096
23.464741 0.001507
23.469742 0.002044
23.474743 0.002718
23.479744 0.002987
23.484745 0.003160
23.489746 0.003427
23.494747 0.003635
23.499748 0.003752
23.504749 0.003774
23.509750 0.003875
23.514751 0.004183
23.519752 0.004215
23.524753 0.004238
23.529754 0.004756
23.534755 0.004957
23.539756 0.005013
23.544757 0.005110
23.549758 0.005181
23.554759 0.005433
23.559761 0.005275
23.564762 0.004825
23.569763 0.004616
23.574764 0.004458
23.579765 0.003798
23.584766 0.003115
23.589767 0.002775
23.594768 0.002293
23.599769 0.001640
23.604770 0.001096
23.609771 0.000857
23.614772 0.000619
23.619773 0.000319
23.624774 0.000036
23.629775 0.000022
23.634776 0.000243
23.639777 0.000266
23.644778 0.000385
23.649779 0.000568
23.654780 0.000601
23.659781 0.000683
23.664782 0.000761
23.669783 0.000772
23.674784 0.000878
23.679785 0.000739
23.684786 0.000288
23.689787 0.000149
23.694788 -0.000145
23.699789 -0.000680
23.704790 -0.001213
23.709791 -0.001668
23.714792 -0.001960
23.719793 -0.002715
23.724794 -0.003259
23.729795 -0.003517
23.734796 -0.003957
23.739797 -0.004509
23.744798 -0.004989
23.749799 -0.005123
23.754800 -0.005393
23.759801 -0.005711
23.764802 -0.005995
23.769803 -0.005923
23.774804 -0.005721
23.779805 -0.005808
23.784806 -0.005716
23.789807 -0.005501
23.794808 -0.005076
23.799809 -0.004814
23.804810 -0.004566
23.809811 -0.004064
23.814812 -0.003640
23.819813 -0.003242
23.824814 -0.003065
23.829815 -0.002888
23.834816 -0.002571
23.839817 -0.002276
23.844818 -0.002016
23.849819 -0.001742
23.854820 -0.001137
23.859821 -0.000900
23.864822 -0.000902
23.869823 -0.000391
23.874824 0.000124
23.879825 0.000473
23.884826 0.000849
23.889827 0.001295
23.894828 0.001789
23.899829 0.002173
23.904830 0.002364
23.909831 0.002966
23.914832 0.003497
23.919833 0.003546
23.924834 0.003733
23.929835 0.003844
23.934836 0.004112
23.939837 0.004080
23.944838 0.003847
23.949839 0.003943
23.954840 0.003990
23.959841 0.003916
23.964842 0.003681
23.969843 0.003687
23.974844 0.003767
23.979845 0.003453
23.984846 0.003076
23.989847 0.003056
23.994848 0.002975
23.999849 0.002564
24.004850 0.002130
24.009851 0.001938
24.014852 0.001865
24.019853 0.001454
24.024854 0.001052
24.029855 0.000907
24.034857 0.000906
24.039858 0.000725
24.044859 0.000474
24.049860 0.000656
24.054861 0.000857
24.059862 0.000860
24.064863 0.000763
24.069864 0.000974
24.074865 0.001137
24.079866 0.000821
24.084867 0.000692
24.089868 0.000512
24.094869 0.000503
24.099870 0.000526
24.104871 0.000095
24.109872 0.000066
24.114873 0.000276
24.119874 0.000039
24.124875 -0.000112
24.129876 -0.000027
24.134877 -0.000086
24.139878 -0.000115
24.144879 -0.000255
24.149880 -0.000386
24.154881 -0.000362
24.159882 -0.000661
24.164883 -0.000960
24.169884 -0.001103
24.174885 -0.001256
24.179886 -0.001510
24.184887 -0.001928
24.189888 -0.002192
24.194889 -0.002497
24.199890 -0.003114
24.204891 -0.003766
24.209892 -0.004183
24.214893 -0.004541
24.219894 -0.004980
24.224895 -0.005415
24.229896 -0.005740
24.234897 -0.005669
24.239898 -0.005808
24.244899 -0.005936
24.249900 -0.005429
24.254901 -0.005087
24.259902 -0.004573
24.264903 -0.004049
24.269904 -0.003445
24.274905 -0.002431
24.279906 -0.001712
24.284907 -0.000882
24.289908 0.000028
24.294909 0.001016
24.299910 0.001858
24.304911 0.002343
24.309912 0.003014
24.314913 0.003610
24.319914 0.003948
24.324915 0.004005
24.329916 0.004260
24.334917 0.004345
24.339918 0.004080
24.344919 0.004143
24.349920 0.004025
24.354921 0.003952
24.359922 0.003837
24.364923 0.003336
24.369924 0.003212
24.374925 0.003149
24.379926 0.002771
24.384927 0.002309
24.389928 0.002051
24.394929 0.002169
24.399930 0.001923
24.404931 0.001551
24.409932 0.001507
24.414933 0.001515
24.419934 0.001506
24.424935 0.001169
24.429936 0.001101
24.434937 0.001335
24.439938 0.001059
24.444939 0.000873
24.449940 0.000829
24.454941 0.000743
24.459942 0.000605
24.464943 0.000127
24.469944 -0.000058
24.474945 -0.000177
24.479946 -0.000633
24.484947 -0.001221
24.489948 -0.001731
24.494949 -0.001945
24.499950 -0.002478
24.504951 -0.003088
24.509953 -0.003487
24.514954 -0.003784
24.519955 -0.004198
24.524956 -0.004697
24.529957 -0.004715
24.534958 -0.004810
24.539959 -0.004933
24.544960 -0.005003
24.549961 -0.004824
24.554962 -0.004280
24.559963 -0.004065
24.564964 -0.003643
24.569965 -0.003062
24.574966 -0.002257
24.579967 -0.001446
24.584968 -0.001058
24.589969 -0.000100
24.594970 0.000848
24.599971 0.001391
24.604972 0.002052
24.609973 0.002623
24.614974 0.003372
24.619975 0.003853
24.624976 0.003915
24.629977 0.004410
24.634978 0.004839
24.639979 0.004699
24.644980 0.004634
24.649981 0.004598
24.654982 0.004514
24.659983 0.004278
24.664984 0.003689
24.669985 0.003563
24.674986 0.003559
24.679987 0.003021
24.684988 0.002580
24.689989 0.002286
24.694990 0.002009
24.699991 0.001686
24.704992 0.000945
24.709993 0.000558
24.714994 0.000335
24.719995 -0.000385
24.724996 -0.000797
24.729997 -0.001131
24.734998 -0.001490
24.739999 -0.001780
24.745000 -0.002268
