0.000000 0.000000
0.005001 0.000820
0.010003 0.000803
0.015004 0.000674
0.020006 0.000547
0.025007 0.000529
0.030009 0.000633
0.035010 0.000763
0.040012 0.000794
0.045013 0.000661
0.050015 0.000389
0.055016 0.000085
0.060018 -0.000094
0.065019 -0.000039
0.070021 0.000227
0.075022 0.000537
0.080024 0.000691
0.085025 0.000591
0.090027 0.000322
0.095028 0.000094
0.100030 0.000078
0.105031 0.000284
0.110033 0.000555
0.115034 0.000678
0.120036 0.000541
0.125037 0.000209
0.130039 -0.000104
0.135040 -0.000182
0.140042 0.000018
0.145043 0.000299
0.150045 0.000370
0.155046 0.000124
0.160048 -0.000212
0.165049 -0.000246
0.170051 0.000189
0.175052 0.000796
0.180054 0.001050
0.185055 0.000705
0.190057 0.000035
0.195058 -0.000425
0.200060 -0.000353
0.205061 0.000116
0.210063 0.000540
0.215064 0.000566
0.220066 0.000212
0.225067 -0.000209
0.230069 -0.000394
0.235070 -0.000289
0.240072 -0.000042
0.245073 0.000183
0.250075 0.000302
0.255076 0.000277
0.260078 0.000082
0.265079 -0.000235
0.270081 -0.000537
0.275082 -0.000688
0.280084 -0.000651
0.285085 -0.000476
0.290087 -0.000253
0.295088 -0.000072
0.300090 -0.000023
0.305091 -0.000135
0.310093 -0.000328
0.315094 -0.000447
0.320096 -0.000395
0.325097 -0.000226
0.330099 -0.000052
0.335100 0.000082
0.340102 0.000186
0.345103 0.000227
0.350105 0.000161
0.355106 0.000030
0.360108 -0.000050
0.365109 -0.000010
0.370111 0.000107
0.375112 0.000201
0.380114 0.000196
0.385115 0.000101
0.390117 -0.000011
0.395118 -0.000075
0.400120 -0.000081
0.405121 -0.000046
0.410123 0.000008
0.415124 0.000044
0.420126 0.000009
0.425127 -0.000118
0.430129 -0.000279
0.435130 -0.000364
0.440132 -0.000294
0.445133 -0.000104
0.450135 0.000085
0.455136 0.000180
0.460138 0.000189
0.465139 0.000160
0.470141 0.000097
0.475142 -0.000022
0.480144 -0.000142
0.485145 -0.000137
0.490147 0.000076
0.495148 0.000431
0.500150 0.000731
0.505151 0.000784
0.510153 0.000546
0.515154 0.000179
0.520156 -0.000073
0.525157 -0.000066
0.530159 0.000159
0.535160 0.000445
0.540162 0.000642
0.545163 0.000669
0.550165 0.000526
0.555166 0.000276
0.560168 0.000021
0.565169 -0.000135
0.570171 -0.000135
0.575172 -0.000015
0.580174 0.000120
0.585175 0.000178
0.590177 0.000137
0.595178 0.000048
0.600180 -0.000017
0.605181 -0.000032
0.610183 -0.000030
0.615184 -0.000042
0.620186 -0.000035
0.625187 0.000054
0.630189 0.000214
0.635190 0.000323
0.640192 0.000264
0.645193 0.000068
0.650195 -0.000095
0.655196 -0.000093
0.660198 0.000028
0.665199 0.000104
0.670201 0.000036
0.675202 -0.000103
0.680204 -0.000150
0.685205 -0.000017
0.690207 0.000225
0.695208 0.000416
0.700210 0.000447
0.705211 0.000328
0.710213 0.000137
0.715214 -0.000062
0.720216 -0.000242
0.725217 -0.000361
0.730219 -0.000325
0.735220 -0.000056
0.740222 0.000386
0.745223 0.000761
0.750225 0.000807
0.755226 0.000470
0.760228 -0.000006
0.765229 -0.000276
0.770231 -0.000178
0.775232 0.000151
0.780234 0.000410
0.785235 0.000413
0.790237 0.000221
0.795238 0.000024
0.800240 -0.000079
0.805241 -0.000125
0.810243 -0.000174
0.815244 -0.000224
0.820246 -0.000237
0.825247 -0.000191
0.830249 -0.000075
0.835250 0.000107
0.840252 0.000272
0.845253 0.000281
0.850255 0.000081
0.855256 -0.000184
0.860258 -0.000294
0.865259 -0.000196
0.870261 -0.000077
0.875262 -0.000164
0.880264 -0.000438
0.885265 -0.000608
0.890267 -0.000397
0.895268 0.000129
0.900270 0.000579
0.905271 0.000596
0.910273 0.000193
0.915274 -0.000271
0.920276 -0.000435
0.925277 -0.000247
0.930279 0.000037
0.935280 0.000133
0.940282 -0.000003
0.945283 -0.000157
0.950285 -0.000100
0.955286 0.000196
0.960288 0.000541
0.965289 0.000683
0.970291 0.000491
0.975292 0.000062
0.980294 -0.000324
0.985295 -0.000399
0.990296 -0.000122
0.995298 0.000282
1.000299 0.000525
1.005301 0.000470
1.010302 0.000199
1.015304 -0.000103
1.020305 -0.000301
1.025307 -0.000376
1.030308 -0.000367
1.035310 -0.000290
1.040311 -0.000135
1.045313 0.000056
1.050314 0.000169
1.055316 0.000107
1.060317 -0.000096
1.065319 -0.000295
1.070320 -0.000349
1.075322 -0.000222
1.080323 -0.000015
1.085325 0.000080
1.090326 -0.000073
1.095328 -0.000393
1.100329 -0.000608
1.105331 -0.000505
1.110332 -0.000141
1.115334 0.000199
1.120335 0.000247
1.125337 -0.000036
1.130338 -0.000424
1.135340 -0.000598
1.140341 -0.000393
1.145343 0.000041
1.150344 0.000347
1.155346 0.000264
1.160347 -0.000118
1.165349 -0.000430
1.170350 -0.000369
1.175352 0.000005
1.180353 0.000354
1.185355 0.000397
1.190356 0.000144
1.195358 -0.000193
1.200359 -0.000416
1.205361 -0.000465
1.210362 -0.000392
1.215364 -0.000314
1.220365 -0.000326
1.225367 -0.000420
1.230368 -0.000490
1.235370 -0.000438
1.240371 -0.000260
1.245373 -0.000043
1.250374 0.000118
1.255376 0.000167
1.260377 0.000100
1.265379 -0.000024
1.270380 -0.000093
1.275382 -0.000019
1.280383 0.000152
1.285385 0.000254
1.290386 0.000151
1.295388 -0.000107
1.300389 -0.000338
1.305391 -0.000397
1.310392 -0.000290
1.315394 -0.000129
1.320395 -0.000028
1.325397 -0.000043
1.330398 -0.000136
1.335400 -0.000195
1.340401 -0.000144
1.345403 -0.000053
1.350404 -0.000093
1.355406 -0.000322
1.360407 -0.000556
1.365409 -0.000527
1.370410 -0.000183
1.375412 0.000218
1.380413 0.000341
1.385415 0.000094
1.390416 -0.000298
1.395418 -0.000510
1.400419 -0.000398
1.405421 -0.000094
1.410422 0.000135
1.415424 0.000137
1.420425 -0.000011
1.425427 -0.000108
1.430428 -0.000049
1.435430 0.000094
1.440431 0.000177
1.445433 0.000117
1.450434 -0.000068
1.455436 -0.000260
1.460437 -0.000303
1.465439 -0.000131
1.470440 0.000153
1.475442 0.000358
1.480443 0.000367
1.485445 0.000197
1.490446 -0.000059
1.495448 -0.000284
1.500449 -0.000352
1.505451 -0.000193
1.510452 0.000121
1.515454 0.000395
1.520455 0.000445
1.525457 0.000258
1.530458 0.000013
1.535460 -0.000060
1.540461 0.000099
1.545463 0.000313
1.550464 0.000375
1.555466 0.000278
1.560467 0.000191
1.565469 0.000216
1.570470 0.000254
1.575472 0.000159
1.580473 -0.000055
1.585475 -0.000216
1.590476 -0.000208
1.595478 -0.000127
1.600479 -0.000158
1.605481 -0.000349
1.610482 -0.000552
1.615484 -0.000595
1.620485 -0.000466
1.625487 -0.000312
1.630488 -0.000270
1.635490 -0.000327
1.640491 -0.000317
1.645493 -0.000063
1.650494 0.000467
1.655496 0.001120
1.660497 0.001644
1.665499 0.001837
1.670500 0.001672
1.675502 0.001313
1.680503 0.001009
1.685505 0.000910
1.690506 0.000972
1.695508 0.000988
1.700509 0.000736
1.705511 0.000147
1.710512 -0.000587
1.715514 -0.001093
1.720515 -0.001075
1.725517 -0.000573
1.730518 0.000063
1.735520 0.000497
1.740521 0.000712
1.745523 0.000963
1.750524 0.001416
1.755526 0.001854
1.760527 0.001808
1.765529 0.001005
1.770530 -0.000339
1.775532 -0.001680
1.780533 -0.002562
1.785535 -0.002843
1.790536 -0.002629
1.795538 -0.002112
1.800539 -0.001473
1.805541 -0.000860
1.810542 -0.000373
1.815544 -0.000037
1.820545 0.000178
1.825547 0.000309
1.830548 0.000317
1.835550 0.000075
1.840551 -0.000535
1.845553 -0.001477
1.850554 -0.002494
1.855556 -0.003267
1.860557 -0.003679
1.865559 -0.003898
1.870560 -0.004141
1.875562 -0.004349
1.880563 -0.004166
1.885565 -0.003260
1.890566 -0.001629
1.895568 0.000361
1.900569 0.002186
1.905571 0.003413
1.910572 0.003855
1.915574 0.003584
1.920575 0.002843
1.925577 0.001925
1.930578 0.001115
1.935580 0.000636
1.940581 0.000574
1.945583 0.000838
1.950584 0.001231
1.955586 0.001586
1.960587 0.001841
1.965588 0.001984
1.970590 0.002009
1.975591 0.001950
1.980593 0.001892
1.985594 0.001864
1.990596 0.001773
1.995597 0.001501
2.000599 0.001069
2.005600 0.000652
2.010602 0.000430
2.015603 0.000460
2.020605 0.000687
2.025606 0.001021
2.030608 0.001345
2.035609 0.001448
2.040611 0.001070
2.045612 0.000116
2.050614 -0.001168
2.055615 -0.002281
2.060617 -0.002762
2.065618 -0.002438
2.070620 -0.001474
2.075621 -0.000225
2.080623 0.000981
2.085624 0.001962
2.090626 0.002680
2.095627 0.003144
2.100629 0.003322
2.105630 0.003066
2.110632 0.002095
2.115633 0.000122
2.120635 -0.002854
2.125636 -0.006318
2.130638 -0.009333
2.135639 -0.010929
2.140641 -0.010504
2.145642 -0.008014
2.150644 -0.003925
2.155645 0.000958
2.160647 0.005692
2.165648 0.009432
2.170650 0.011646
2.175651 0.012172
2.180653 0.011087
2.185654 0.008578
2.190656 0.004989
2.195657 0.000904
2.200659 -0.002952
2.205660 -0.005964
2.210662 -0.007791
2.215663 -0.008310
2.220665 -0.007496
2.225666 -0.005421
2.230668 -0.002350
2.235669 0.001193
2.240671 0.004483
2.245672 0.006816
2.250674 0.007768
2.255675 0.007355
2.260677 0.005982
2.265678 0.004231
2.270680 0.002623
2.275681 0.001506
2.280683 0.001046
2.285684 0.001205
2.290686 0.001717
2.295687 0.002153
2.300689 0.002089
2.305690 0.001323
2.310692 -0.000020
2.315693 -0.001589
2.320695 -0.003079
2.325696 -0.004395
2.330698 -0.005491
2.335699 -0.006128
2.340701 -0.005858
2.345702 -0.004294
2.350704 -0.001392
2.355705 0.002411
2.360707 0.006231
2.365708 0.008981
2.370710 0.009774
2.375711 0.008295
2.380713 0.004896
2.385714 0.000405
2.390716 -0.004232
2.395717 -0.008255
2.400719 -0.011221
2.405720 -0.012931
2.410722 -0.013282
2.415723 -0.012198
2.420725 -0.009712
2.425726 -0.006080
2.430728 -0.001868
2.435729 0.002115
2.440731 0.005031
2.445732 0.006331
2.450734 0.005962
2.455735 0.004369
2.460737 0.002320
2.465738 0.000609
2.470740 -0.000267
2.475741 -0.000273
2.480743 0.000270
2.485744 0.000966
2.490746 0.001552
2.495747 0.001948
2.500749 0.002194
2.505750 0.002333
2.510752 0.002339
2.515753 0.002148
2.520755 0.001788
2.525756 0.001449
2.530758 0.001432
2.535759 0.002001
2.540761 0.003221
2.545762 0.004869
2.550764 0.006508
2.555765 0.007697
2.560767 0.008200
2.565768 0.008041
2.570770 0.007361
2.575771 0.006251
2.580773 0.004717
2.585774 0.002848
2.590776 0.000928
2.595777 -0.000666
2.600779 -0.001694
2.605780 -0.002166
2.610782 -0.002263
2.615783 -0.002188
2.620785 -0.002124
2.625786 -0.002280
2.630788 -0.002872
2.635789 -0.004003
2.640791 -0.005518
2.645792 -0.006976
2.650794 -0.007786
2.655795 -0.007464
2.660797 -0.005888
2.665798 -0.003379
2.670800 -0.000565
2.675801 0.001852
2.680803 0.003341
2.685804 0.003712
2.690806 0.003162
2.695807 0.002132
2.700809 0.001079
2.705810 0.000337
2.710812 0.000106
2.715813 0.000465
2.720815 0.001367
2.725816 0.002690
2.730818 0.004334
2.735819 0.006197
2.740821 0.008027
2.745822 0.009375
2.750824 0.009784
2.755825 0.008999
2.760827 0.007044
2.765828 0.004220
2.770830 0.001095
2.775831 -0.001602
2.780833 -0.003257
2.785834 -0.003643
2.790836 -0.002980
2.795837 -0.001791
2.800839 -0.000693
2.805840 -0.000241
2.810842 -0.000838
2.815843 -0.002652
2.820845 -0.005529
2.825846 -0.008966
2.830848 -0.012223
2.835849 -0.014559
2.840851 -0.015466
2.845852 -0.014792
2.850854 -0.012718
2.855855 -0.009628
2.860857 -0.005985
2.865858 -0.002335
2.870860 0.000613
2.875861 0.002076
2.880863 0.001572
2.885864 -0.000667
2.890866 -0.003670
2.895867 -0.006170
2.900869 -0.007189
2.905870 -0.006347
2.910872 -0.003797
2.915873 -0.000030
2.920875 0.004267
2.925876 0.008309
2.930878 0.011391
2.935879 0.013079
2.940881 0.013301
2.945882 0.012243
2.950883 0.010156
2.955885 0.007253
2.960886 0.003836
2.965888 0.000529
2.970889 -0.001709
2.975891 -0.001948
2.980892 0.000191
2.985894 0.004284
2.990895 0.009225
2.995897 0.013586
3.000898 0.016009
3.005900 0.015582
3.010901 0.012112
3.015903 0.006208
3.020904 -0.000903
3.025906 -0.007752
3.030907 -0.013029
3.035909 -0.015897
3.040910 -0.016134
3.045912 -0.014115
3.050913 -0.010674
3.055915 -0.006941
3.060916 -0.004124
3.065918 -0.003194
3.070919 -0.004516
3.075921 -0.007662
3.080922 -0.011631
3.085924 -0.015379
3.090925 -0.018211
3.095927 -0.019738
3.100928 -0.019620
3.105930 -0.017468
3.110931 -0.013050
3.115933 -0.006650
3.120934 0.000761
3.125936 0.007727
3.130937 0.012802
3.135939 0.015067
3.140940 0.014413
3.145942 0.011521
3.150943 0.007575
3.155945 0.003865
3.160946 0.001452
3.165948 0.001019
3.170949 0.002875
3.175951 0.006970
3.180952 0.012839
3.185954 0.019534
3.190955 0.025658
3.195957 0.029620
3.200958 0.030106
3.205960 0.026614
3.210961 0.019713
3.215963 0.010835
3.220964 0.001735
3.225966 -0.005993
3.230967 -0.011145
3.235969 -0.013058
3.240970 -0.011802
3.245972 -0.008249
3.250973 -0.003796
3.255975 0.000130
3.260976 0.002462
3.265978 0.002658
3.270979 0.000735
3.275981 -0.002806
3.280982 -0.007220
3.285984 -0.011809
3.290985 -0.016007
3.295987 -0.019232
3.300988 -0.020833
3.305990 -0.020337
3.310991 -0.017806
3.315993 -0.013895
3.320994 -0.009572
3.325996 -0.005745
3.330997 -0.003067
3.335999 -0.001900
3.341000 -0.002309
3.346002 -0.004022
3.351003 -0.006425
3.356005 -0.008680
3.361006 -0.009961
3.366008 -0.009626
3.371009 -0.007296
3.376011 -0.002898
3.381012 0.003268
3.386014 0.010507
3.391015 0.017838
3.396017 0.024175
3.401018 0.028498
3.406020 0.030059
3.411021 0.028676
3.416023 0.024980
3.421024 0.020326
3.426026 0.016263
3.431027 0.013889
3.436029 0.013467
3.441030 0.014464
3.446032 0.015883
3.451033 0.016689
3.456035 0.016208
3.461036 0.014332
3.466038 0.011404
3.471039 0.007850
3.476041 0.003886
3.481042 -0.000476
3.486044 -0.005162
3.491045 -0.009831
3.496047 -0.013918
3.501048 -0.016884
3.506050 -0.018446
3.511051 -0.018655
3.516053 -0.017803
3.521054 -0.016324
3.526056 -0.014768
3.531057 -0.013747
3.536059 -0.013746
3.541060 -0.014857
3.546062 -0.016647
3.551063 -0.018295
3.556065 -0.018982
3.561066 -0.018337
3.566068 -0.016622
3.571069 -0.014463
3.576071 -0.012380
3.581072 -0.010494
3.586074 -0.008622
3.591075 -0.006572
3.596077 -0.004384
3.601078 -0.002370
3.606080 -0.000962
3.611081 -0.000452
3.616083 -0.000762
3.621084 -0.001426
3.626086 -0.001813
3.631087 -0.001423
3.636089 -0.000042
3.641090 0.002272
3.646092 0.005309
3.651093 0.008778
3.656095 0.012292
3.661096 0.015305
3.666098 0.017142
3.671099 0.017195
3.676101 0.015188
3.681102 0.011327
3.686104 0.006238
3.691105 0.000771
3.696107 -0.004216
3.701108 -0.008042
3.706110 -0.010307
3.711111 -0.010911
3.716113 -0.010049
3.721114 -0.008171
3.726116 -0.005879
3.731117 -0.003761
3.736119 -0.002249
3.741120 -0.001474
3.746122 -0.001166
3.751123 -0.000746
3.756125 0.000352
3.761126 0.002317
3.766128 0.004871
3.771129 0.007503
3.776131 0.009855
3.781132 0.011952
3.786134 0.014117
3.791135 0.016660
3.796137 0.019490
3.801138 0.021869
3.806140 0.022552
3.811141 0.020403
3.816143 0.015148
3.821144 0.007715
3.826146 -0.000085
3.831147 -0.006308
3.836149 -0.009610
3.841150 -0.009682
3.846152 -0.007285
3.851153 -0.003866
3.856155 -0.000907
3.861156 0.000658
3.866158 0.000690
3.871159 -0.000331
3.876161 -0.001704
3.881162 -0.002900
3.886164 -0.003745
3.891165 -0.004390
3.896167 -0.005159
3.901168 -0.006364
3.906170 -0.008143
3.911171 -0.010387
3.916173 -0.012808
3.921174 -0.015098
3.926176 -0.017053
3.931177 -0.018585
3.936178 -0.019602
3.941180 -0.019830
3.946181 -0.018744
3.951183 -0.015751
3.956184 -0.010577
3.961186 -0.003583
3.966187 0.004226
3.971189 0.011554
3.976190 0.017306
3.981192 0.020967
3.986193 0.022682
3.991195 0.023029
3.996196 0.022571
4.001198 0.021467
4.006199 0.019411
4.011201 0.015988
4.016202 0.011231
4.021204 0.005945
4.026205 0.001510
4.031207 -0.000779
4.036208 -0.000412
4.041210 0.002039
4.046211 0.005141
4.051213 0.007181
4.056214 0.006804
4.061216 0.003489
4.066217 -0.002277
4.071219 -0.009142
4.076220 -0.015319
4.081222 -0.019253
4.086223 -0.020251
4.091225 -0.018754
4.096226 -0.016079
4.101228 -0.013770
4.106229 -0.012906
4.111231 -0.013716
4.116232 -0.015701
4.121234 -0.018107
4.126235 -0.020335
4.131237 -0.022014
4.136238 -0.022831
4.141240 -0.022452
4.146241 -0.020652
4.151243 -0.017466
4.156244 -0.013155
4.161246 -0.008101
4.166247 -0.002793
4.171249 0.002198
4.176250 0.006432
4.181252 0.009879
4.186253 0.012914
4.191255 0.015956
4.196256 0.019076
4.201258 0.021909
4.206259 0.023880
4.211261 0.024498
4.216262 0.023552
4.221264 0.021225
4.226265 0.018085
4.231267 0.014882
4.236268 0.012223
4.241270 0.010320
4.246271 0.008975
4.251273 0.007800
4.256274 0.006557
4.261276 0.005438
4.266277 0.005037
4.271279 0.006002
4.276280 0.008615
4.281282 0.012548
4.286283 0.016874
4.291285 0.020353
4.296286 0.021909
4.301288 0.021048
4.306289 0.017964
4.311291 0.013358
4.316292 0.008145
4.321294 0.003238
4.326295 -0.000604
4.331297 -0.002874
4.336298 -0.003359
4.341300 -0.002122
4.346301 0.000577
4.351303 0.004365
4.356304 0.008768
4.361306 0.013100
4.366307 0.016412
4.371309 0.017742
4.376310 0.016584
4.381312 0.013187
4.386313 0.008399
4.391315 0.003189
4.396316 -0.001799
4.401318 -0.006358
4.406319 -0.010466
4.411321 -0.013916
4.416322 -0.016117
4.421324 -0.016219
4.426325 -0.013540
4.431327 -0.008082
4.436328 -0.000757
4.441330 0.006851
4.446331 0.013053
4.451333 0.016644
4.456334 0.017263
4.461336 0.015445
4.466337 0.012364
4.471339 0.009355
4.476340 0.007444
4.481342 0.007121
4.486343 0.008343
4.491345 0.010680
4.496346 0.013531
4.501348 0.016427
4.506349 0.019272
4.511351 0.022331
4.516352 0.025920
4.521354 0.030040
4.526355 0.034253
4.531357 0.037938
4.536358 0.040733
4.541360 0.042797
4.546361 0.044685
4.551363 0.046988
4.556364 0.050000
4.561366 0.053494
4.566367 0.056631
4.571369 0.058107
4.576370 0.056550
4.581372 0.050996
4.586373 0.041182
4.591375 0.027670
4.596376 0.011922
4.601378 -0.003809
4.606379 -0.017008
4.611381 -0.025810
4.616382 -0.029843
4.621384 -0.030403
4.626385 -0.029712
4.631387 -0.029705
4.636388 -0.031236
4.641390 -0.034131
4.646391 -0.037660
4.651393 -0.040830
4.656394 -0.042480
4.661396 -0.041540
4.666397 -0.037553
4.671399 -0.031048
4.676400 -0.023393
4.681402 -0.016119
4.686403 -0.010157
4.691405 -0.005523
4.696406 -0.001604
4.701408 0.002216
4.706409 0.005978
4.711411 0.008899
4.716412 0.009593
4.721414 0.006682
4.726415 -0.000519
4.731417 -0.011575
4.736418 -0.024986
4.741420 -0.038718
4.746421 -0.050979
4.751423 -0.060863
4.756424 -0.068597
4.761426 -0.075360
4.766427 -0.082826
4.771429 -0.092657
4.776430 -0.106071
4.781432 -0.123569
4.786433 -0.144778
4.791435 -0.168413
4.796436 -0.192438
4.801438 -0.214519
4.806439 -0.232688
4.811441 -0.245967
4.816442 -0.254607
4.821444 -0.259664
4.826445 -0.262006
4.831447 -0.261409
4.836448 -0.256432
4.841450 -0.245242
4.846451 -0.226841
4.851453 -0.201876
4.856454 -0.172471
4.861456 -0.141194
4.866457 -0.109858
4.871459 -0.078944
4.876460 -0.047951
4.881462 -0.016301
4.886463 0.015914
4.891465 0.047842
4.896466 0.078360
4.901468 0.106709
4.906469 0.132945
4.911471 0.158007
4.916472 0.183289
4.921473 0.209833
4.926475 0.237513
4.931476 0.264765
4.936478 0.289060
4.941479 0.307837
4.946481 0.319431
4.951482 0.323571
4.956484 0.321254
4.961485 0.314054
4.966487 0.303290
4.971488 0.289592
4.976490 0.273039
4.981491 0.253666
4.986493 0.231935
4.991494 0.208922
4.996496 0.186130
5.001497 0.165032
5.006499 0.146621
5.011500 0.131201
5.016502 0.118499
5.021503 0.107960
5.026505 0.099055
5.031506 0.091524
5.036508 0.085486
5.041509 0.081318
5.046511 0.079285
5.051512 0.079079
5.056514 0.079592
5.061515 0.079193
5.066517 0.076470
5.071518 0.070926
5.076520 0.063063
5.081521 0.053790
5.086523 0.043620
5.091524 0.032226
5.096526 0.018561
5.101527 0.001426
5.106529 -0.019866
5.111530 -0.045082
5.116532 -0.073071
5.121533 -0.102121
5.126535 -0.130490
5.131536 -0.156895
5.136538 -0.180666
5.141539 -0.201387
5.146541 -0.218330
5.151542 -0.230289
5.156544 -0.236162
5.161545 -0.235871
5.166547 -0.230848
5.171548 -0.223571
5.176550 -0.216404
5.181551 -0.210535
5.186553 -0.205680
5.191554 -0.200518
5.196556 -0.193344
5.201557 -0.182543
5.206559 -0.166923
5.211560 -0.146115
5.216562 -0.120971
5.221563 -0.093599
5.226565 -0.066757
5.231566 -0.042830
5.236568 -0.022967
5.241569 -0.006818
5.246571 0.007063
5.251572 0.020372
5.256574 0.034151
5.261575 0.048287
5.266577 0.061613
5.271578 0.072557
5.276580 0.079970
5.281581 0.083729
5.286583 0.084807
5.291584 0.084727
5.296586 0.084615
5.301587 0.084289
5.306589 0.082003
5.311590 0.075120
5.316592 0.061328
5.321593 0.039672
5.326595 0.010957
5.331596 -0.022476
5.336598 -0.057381
5.341599 -0.090348
5.346601 -0.118378
5.351602 -0.139272
5.356604 -0.151917
5.361605 -0.156458
5.366607 -0.154149
5.371608 -0.146806
5.376610 -0.136094
5.381611 -0.123045
5.386613 -0.107999
5.391614 -0.090796
5.396616 -0.071005
5.401617 -0.048108
5.406619 -0.021646
5.411620 0.008634
5.416622 0.042631
5.421623 0.079759
5.426625 0.118909
5.431626 0.158569
5.436628 0.197118
5.441629 0.233054
5.446631 0.265057
5.451632 0.291992
5.456634 0.313027
5.461635 0.327816
5.466637 0.336585
5.471638 0.340000
5.476640 0.338760
5.481641 0.333068
5.486643 0.322341
5.491644 0.305496
5.496646 0.281731
5.501647 0.251296
5.506649 0.215752
5.511650 0.177540
5.516652 0.139127
5.521653 0.102180
5.526655 0.067157
5.531656 0.033502
5.536658 0.000245
5.541659 -0.033318
5.546661 -0.067152
5.551662 -0.100364
5.556664 -0.131511
5.561665 -0.159206
5.566667 -0.182732
5.571668 -0.202262
5.576670 -0.218541
5.581671 -0.232280
5.586673 -0.243699
5.591674 -0.252425
5.596676 -0.257770
5.601677 -0.259280
5.606679 -0.257207
5.611680 -0.252583
5.616682 -0.246809
5.621683 -0.241086
5.626685 -0.235969
5.631686 -0.231160
5.636688 -0.225605
5.641689 -0.217940
5.646691 -0.207059
5.651692 -0.192489
5.656694 -0.174478
5.661695 -0.153943
5.666697 -0.132324
5.671698 -0.111254
5.676700 -0.092006
5.681701 -0.075032
5.686703 -0.059916
5.691704 -0.045773
5.696706 -0.031727
5.701707 -0.017211
5.706709 -0.002037
5.711710 0.013582
5.716712 0.028924
5.721713 0.042636
5.726715 0.052883
5.731716 0.057956
5.736718 0.057156
5.741719 0.051419
5.746721 0.043238
5.751722 0.035841
5.756724 0.032058
5.761725 0.033356
5.766727 0.039384
5.771728 0.048187
5.776730 0.057013
5.781731 0.063415
5.786733 0.066118
5.791734 0.065220
5.796736 0.061639
5.801737 0.056243
5.806739 0.049319
5.811740 0.040632
5.816742 0.029907
5.821743 0.017263
5.826745 0.003391
5.831746 -0.010506
5.836748 -0.022890
5.841749 -0.032152
5.846751 -0.037022
5.851752 -0.037000
5.856754 -0.032581
5.861755 -0.025107
5.866757 -0.016319
5.871758 -0.007849
5.876760 -0.000808
5.881761 0.004449
5.886763 0.008404
5.891764 0.012278
5.896765 0.017665
5.901767 0.025982
5.906768 0.037966
5.911770 0.053497
5.916771 0.071790
5.921773 0.091743
5.926774 0.112249
5.931776 0.132367
5.936777 0.151379
5.941779 0.168735
5.946780 0.183951
5.951782 0.196502
5.956783 0.205806
5.961785 0.211369
5.966786 0.213020
5.971788 0.211042
5.976789 0.206019
5.981791 0.198483
5.986792 0.188689
5.991794 0.176744
5.996795 0.162831
6.001797 0.147158
6.006798 0.129698
6.011800 0.110082
6.016801 0.087890
6.021803 0.063184
6.026804 0.036944
6.031806 0.011046
6.036807 -0.012362
6.041809 -0.031826
6.046810 -0.047202
6.051812 -0.059477
6.056813 -0.070029
6.061815 -0.079943
6.066816 -0.089743
6.071818 -0.099488
6.076819 -0.108997
6.081821 -0.118068
6.086822 -0.126618
6.091824 -0.134750
6.096825 -0.142753
6.101827 -0.151021
6.106828 -0.159893
6.111830 -0.169425
6.116831 -0.179197
6.121833 -0.188287
6.126834 -0.195519
6.131836 -0.199891
6.136837 -0.200927
6.141839 -0.198762
6.146840 -0.193980
6.151842 -0.187301
6.156843 -0.179226
6.161845 -0.169797
6.166846 -0.158589
6.171848 -0.144981
6.176849 -0.128580
6.181851 -0.109574
6.186852 -0.088777
6.191854 -0.067354
6.196855 -0.046416
6.201857 -0.026742
6.206858 -0.008747
6.211860 0.007319
6.216861 0.021117
6.221863 0.032154
6.226864 0.040000
6.231866 0.044628
6.236867 0.046562
6.241869 0.046689
6.246870 0.045857
6.251872 0.044586
6.256873 0.043058
6.261875 0.041343
6.266876 0.039656
6.271878 0.038439
6.276879 0.038207
6.281881 0.039294
6.286882 0.041722
6.291884 0.045244
6.296885 0.049539
6.301887 0.054410
6.306888 0.059836
6.311890 0.065813
6.316891 0.072069
6.321893 0.077910
6.326894 0.082378
6.331896 0.084625
6.336897 0.084216
6.341899 0.081144
6.346900 0.075674
6.351902 0.068274
6.356903 0.059728
6.361905 0.051234
6.366906 0.044219
6.371908 0.039856
6.376909 0.038597
6.381911 0.040031
6.386912 0.043136
6.391914 0.046730
6.396915 0.049906
6.401917 0.052279
6.406918 0.053948
6.411920 0.055212
6.416921 0.056254
6.421923 0.057037
6.426924 0.057538
6.431926 0.058102
6.436927 0.059524
6.441929 0.062747
6.446930 0.068386
6.451932 0.076364
6.456933 0.085832
6.461935 0.095381
6.466936 0.103442
6.471938 0.108694
6.476939 0.110330
6.481941 0.108167
6.486942 0.102623
6.491944 0.094550
6.496945 0.084942
6.501947 0.074645
6.506948 0.064274
6.511950 0.054345
6.516951 0.045389
6.521953 0.037888
6.526954 0.032074
6.531956 0.027783
6.536957 0.024410
6.541959 0.020995
6.546960 0.016511
6.551962 0.010276
6.556963 0.002191
6.561965 -0.007434
6.566966 -0.018242
6.571968 -0.030046
6.576969 -0.042755
6.581971 -0.056198
6.586972 -0.070078
6.591974 -0.084125
6.596975 -0.098273
6.601977 -0.112616
6.606978 -0.127143
6.611980 -0.141489
6.616981 -0.154939
6.621983 -0.166668
6.626984 -0.176006
6.631986 -0.182563
6.636987 -0.186264
6.641989 -0.187341
6.646990 -0.186250
6.651992 -0.183471
6.656993 -0.179319
6.661995 -0.173942
6.666996 -0.167456
6.671998 -0.160041
6.676999 -0.151910
6.682001 -0.143223
6.687002 -0.134033
6.692004 -0.124315
6.697005 -0.114063
6.702007 -0.103374
6.707008 -0.092419
6.712010 -0.081359
6.717011 -0.070382
6.722013 -0.059858
6.727014 -0.050371
6.732016 -0.042468
6.737017 -0.036292
6.742019 -0.031414
6.747020 -0.026987
6.752022 -0.022068
6.757023 -0.015901
6.762025 -0.008032
6.767026 0.001743
6.772028 0.013474
6.777029 0.027075
6.782031 0.042332
6.787032 0.058938
6.792034 0.076432
6.797035 0.094042
6.802037 0.110631
6.807038 0.124972
6.812040 0.136251
6.817041 0.144456
6.822043 0.150378
6.827044 0.155170
6.832046 0.159812
6.837047 0.164825
6.842049 0.170263
6.847050 0.175739
6.852052 0.180386
6.857053 0.182955
6.862055 0.182223
6.867056 0.177537
6.872058 0.169167
6.877059 0.158197
6.882060 0.145998
6.887062 0.133605
6.892063 0.121482
6.897065 0.109753
6.902066 0.098523
6.907068 0.087971
6.912069 0.078252
6.917071 0.069465
6.922072 0.061646
6.927074 0.054723
6.932075 0.048481
6.937077 0.042651
6.942078 0.036974
6.947080 0.031116
6.952081 0.024560
6.957083 0.016668
6.962084 0.006932
6.967086 -0.004732
6.972087 -0.017804
6.977089 -0.031198
6.982090 -0.043598
6.987092 -0.053967
6.992093 -0.061936
6.997095 -0.067834
7.002096 -0.072330
7.007098 -0.075954
7.012099 -0.078837
7.017101 -0.080774
7.022102 -0.081511
7.027104 -0.081015
7.032105 -0.079560
7.037107 -0.077541
7.042108 -0.075228
7.047110 -0.072662
7.052111 -0.069723
7.057113 -0.066260
7.062114 -0.062227
7.067116 -0.057871
7.072117 -0.053859
7.077119 -0.051150
7.082120 -0.050616
7.087122 -0.052648
7.092123 -0.057021
7.097125 -0.063060
7.102126 -0.069902
7.107128 -0.076673
7.112129 -0.082531
7.117131 -0.086734
7.122132 -0.088812
7.127134 -0.088729
7.132135 -0.086863
7.137137 -0.083842
7.142138 -0.080392
7.147140 -0.077193
7.152141 -0.074741
7.157143 -0.073219
7.162144 -0.072508
7.167146 -0.072281
7.172147 -0.072072
7.177149 -0.071299
7.182150 -0.069323
7.187152 -0.065546
7.192153 -0.059519
7.197155 -0.051067
7.202156 -0.040432
7.207158 -0.028375
7.212159 -0.016098
7.217161 -0.004956
7.222162 0.003918
7.227164 0.009953
7.232165 0.013295
7.237167 0.014699
7.242168 0.015248
7.247170 0.016168
7.252171 0.018749
7.257173 0.024149
7.262174 0.032987
7.267176 0.044961
7.272177 0.058827
7.277179 0.072760
7.282180 0.084888
7.287182 0.093770
7.292183 0.098641
7.297185 0.099396
7.302186 0.096407
7.307188 0.090389
7.312189 0.082362
7.317191 0.073625
7.322192 0.065559
7.327194 0.059281
7.332195 0.055367
7.337197 0.053799
7.342198 0.054065
7.347200 0.055306
7.352201 0.056480
7.357203 0.056638
7.362204 0.055241
7.367206 0.052331
7.372207 0.048450
7.377209 0.044354
7.382210 0.040730
7.387212 0.038062
7.392213 0.036665
7.397215 0.036752
7.402216 0.038390
7.407218 0.041392
7.412219 0.045271
7.417221 0.049302
7.422222 0.052620
7.427224 0.054331
7.432225 0.053712
7.437227 0.050435
7.442228 0.044593
7.447230 0.036536
7.452231 0.026738
7.457233 0.015788
7.462234 0.004410
7.467236 -0.006646
7.472237 -0.016766
7.477239 -0.025610
7.482240 -0.033197
7.487242 -0.039961
7.492243 -0.046660
7.497245 -0.054056
7.502246 -0.062524
7.507248 -0.071854
7.512249 -0.081333
7.517251 -0.090028
7.522252 -0.097108
7.527254 -0.102052
7.532255 -0.104646
7.537257 -0.104856
7.542258 -0.102758
7.547260 -0.098555
7.552261 -0.092565
7.557263 -0.085103
7.562264 -0.076342
7.567266 -0.066342
7.572267 -0.055263
7.577269 -0.043547
7.582270 -0.031889
7.587272 -0.021028
7.592273 -0.011536
7.597275 -0.003656
7.602276 0.002739
7.607278 0.008042
7.612279 0.012694
7.617281 0.016952
7.622282 0.020741
7.627284 0.023652
7.632285 0.025101
7.637287 0.024614
7.642288 0.022139
7.647290 0.018212
7.652291 0.013795
7.657293 0.009824
7.662294 0.006859
7.667296 0.005121
7.672297 0.004758
7.677299 0.005972
7.682300 0.008890
7.687302 0.013429
7.692303 0.019301
7.697305 0.026115
7.702306 0.033429
7.707308 0.040720
7.712309 0.047441
7.717311 0.053175
7.722312 0.057746
7.727314 0.061134
7.732315 0.063337
7.737317 0.064326
7.742318 0.064067
7.747320 0.062535
7.752321 0.059776
7.757323 0.056049
7.762324 0.051900
7.767326 0.048079
7.772327 0.045304
7.777329 0.043943
7.782330 0.043781
7.787332 0.044066
7.792333 0.043884
7.797335 0.042607
7.802336 0.040070
7.807338 0.036442
7.812339 0.031971
7.817341 0.026826
7.822342 0.021079
7.827344 0.014736
7.832345 0.007788
7.837347 0.000298
7.842348 -0.007535
7.847350 -0.015385
7.852351 -0.022901
7.857353 -0.029845
7.862354 -0.036214
7.867355 -0.042231
7.872357 -0.048189
7.877358 -0.054286
7.882360 -0.060600
7.887361 -0.067183
7.892363 -0.074062
7.897364 -0.081073
7.902366 -0.087675
7.907367 -0.093047
7.912369 -0.096456
7.917370 -0.097626
7.922372 -0.096766
7.927373 -0.094324
7.932375 -0.090762
7.937376 -0.086510
7.942378 -0.081982
7.947379 -0.077483
7.952381 -0.073079
7.957382 -0.068618
7.962384 -0.063914
7.967385 -0.058873
7.972387 -0.053463
7.977388 -0.047618
7.982390 -0.041223
7.987391 -0.034175
7.992393 -0.026431
7.997394 -0.018031
8.002396 -0.009116
8.007397 0.000080
8.012399 0.009262
8.017400 0.018138
8.022402 0.026456
8.027403 0.034041
8.032405 0.040853
8.037406 0.047049
8.042408 0.052962
8.047409 0.058966
8.052411 0.065298
8.057412 0.071943
8.062414 0.078623
8.067415 0.084904
8.072417 0.090320
8.077418 0.094441
8.082420 0.096901
8.087421 0.097445
8.092423 0.095992
8.097424 0.092633
8.102426 0.087563
8.107427 0.081101
8.112429 0.073779
8.117430 0.066299
8.122432 0.059241
8.127433 0.052781
8.132435 0.046680
8.137436 0.040521
8.142438 0.033958
8.147439 0.026852
8.152441 0.019265
8.157442 0.011408
8.162444 0.003559
8.167445 -0.004006
8.172447 -0.011010
8.177448 -0.017191
8.182450 -0.022386
8.187451 -0.026595
8.192453 -0.029813
8.197454 -0.031755
8.202456 -0.031820
8.207457 -0.029466
8.212459 -0.024649
8.217460 -0.017936
8.222462 -0.010221
8.227463 -0.002365
8.232465 0.005060
8.237466 0.011838
8.242468 0.017989
8.247469 0.023539
8.252471 0.028358
8.257472 0.032186
8.262474 0.034778
8.267475 0.036037
8.272477 0.036078
8.277478 0.035198
8.282480 0.033780
8.287481 0.032128
8.292483 0.030270
8.297484 0.027818
8.302486 0.024045
8.307487 0.018254
8.312489 0.010206
8.317490 0.000234
8.322492 -0.011028
8.327493 -0.022991
8.332495 -0.035230
8.337496 -0.047434
8.342498 -0.059347
8.347499 -0.070723
8.352501 -0.081198
8.357502 -0.090187
8.362504 -0.096954
8.367505 -0.100888
8.372507 -0.101846
8.377508 -0.100314
8.382510 -0.097248
8.387511 -0.093641
8.392513 -0.090142
8.397514 -0.086969
8.402516 -0.084110
8.407517 -0.081520
8.412519 -0.079106
8.417520 -0.076579
8.422522 -0.073417
8.427523 -0.068993
8.432525 -0.062757
8.437526 -0.054409
8.442528 -0.044083
8.447529 -0.032397
8.452531 -0.020230
8.457532 -0.008312
8.462534 0.003042
8.467535 0.013858
8.472537 0.024197
8.477538 0.033957
8.482540 0.042936
8.487541 0.051001
8.492543 0.058119
8.497544 0.064200
8.502546 0.068976
8.507547 0.072028
8.512549 0.072883
8.517550 0.071130
8.522552 0.066582
8.527553 0.059435
8.532555 0.050250
8.537556 0.039745
8.542558 0.028601
8.547559 0.017457
8.552561 0.006982
8.557562 -0.002107
8.562564 -0.009165
8.567565 -0.013772
8.572567 -0.015812
8.577568 -0.015436
8.582570 -0.012934
8.587571 -0.008595
8.592573 -0.002667
8.597574 0.004564
8.602576 0.012675
8.607577 0.021156
8.612579 0.029621
8.617580 0.037960
8.622582 0.046274
8.627583 0.054656
8.632585 0.063034
8.637586 0.071205
8.642588 0.078969
8.647589 0.086213
8.652591 0.092840
8.657592 0.098662
8.662594 0.103389
8.667595 0.106745
8.672597 0.108554
8.677598 0.108702
8.682600 0.107048
8.687601 0.103404
8.692603 0.097604
8.697604 0.089607
8.702606 0.079608
8.707607 0.068064
8.712609 0.055590
8.717610 0.042740
8.722612 0.029820
8.727613 0.016883
8.732615 0.003907
8.737616 -0.008958
8.742618 -0.021363
8.747619 -0.032996
8.752621 -0.043806
8.757622 -0.053947
8.762624 -0.063498
8.767625 -0.072290
8.772627 -0.079997
8.777628 -0.086370
8.782630 -0.091359
8.787631 -0.095051
8.792633 -0.097573
8.797634 -0.099052
8.802636 -0.099618
8.807637 -0.099344
8.812639 -0.098183
8.817640 -0.096021
8.822642 -0.092839
8.827643 -0.088803
8.832645 -0.084170
8.837646 -0.079211
8.842647 -0.074270
8.847649 -0.069811
8.852650 -0.066258
8.857652 -0.063786
8.862653 -0.062317
8.867655 -0.061693
8.872656 -0.061783
8.877658 -0.062468
8.882659 -0.063600
8.887661 -0.064978
8.892662 -0.066330
8.897664 -0.067308
8.902665 -0.067548
8.907667 -0.066737
8.912668 -0.064623
8.917670 -0.061034
8.922671 -0.055915
8.927673 -0.049370
8.932674 -0.041630
8.937676 -0.032964
8.942677 -0.023622
8.947679 -0.013854
8.952680 -0.003930
8.957682 0.005924
8.962683 0.015579
8.967685 0.024957
8.972686 0.033901
8.977688 0.042133
8.982689 0.049358
8.987691 0.055435
8.992692 0.060458
8.997694 0.064724
9.002695 0.068634
9.007697 0.072556
9.012698 0.076719
9.017700 0.081205
9.022701 0.086019
9.027703 0.091131
9.032704 0.096439
9.037706 0.101725
9.042707 0.106704
9.047709 0.111179
9.052710 0.115175
9.057712 0.118896
9.062713 0.122535
9.067715 0.126137
9.072716 0.129636
9.077718 0.132966
9.082719 0.136088
9.087721 0.138941
9.092722 0.141380
9.097724 0.143170
9.102725 0.144082
9.107727 0.144015
9.112728 0.143005
9.117730 0.141077
9.122731 0.138121
9.127733 0.133971
9.132734 0.128538
9.137736 0.121788
9.142737 0.113609
9.147739 0.103818
9.152740 0.092319
9.157742 0.079212
9.162743 0.064705
9.167745 0.048947
9.172746 0.031988
9.177748 0.013924
9.182749 -0.004919
9.187751 -0.023992
9.192752 -0.042722
9.197754 -0.060699
9.202755 -0.077666
9.207757 -0.093398
9.212758 -0.107626
9.217760 -0.120113
9.222761 -0.130794
9.227763 -0.139815
9.232764 -0.147359
9.237766 -0.153447
9.242767 -0.157933
9.247769 -0.160717
9.252770 -0.161978
9.257772 -0.162189
9.262773 -0.161870
9.267775 -0.161290
9.272776 -0.160401
9.277778 -0.159088
9.282779 -0.157440
9.287781 -0.155738
9.292782 -0.154223
9.297784 -0.152968
9.302785 -0.151976
9.307787 -0.151256
9.312788 -0.150767
9.317790 -0.150399
9.322791 -0.150062
9.327793 -0.149733
9.332794 -0.149357
9.337796 -0.148746
9.342797 -0.147607
9.347799 -0.145645
9.352800 -0.142664
9.357802 -0.138602
9.362803 -0.133516
9.367805 -0.127538
9.372806 -0.120810
9.377808 -0.113439
9.382809 -0.105482
9.387811 -0.096925
9.392812 -0.087641
9.397814 -0.077414
9.402815 -0.066085
9.407817 -0.053692
9.412818 -0.040434
9.417820 -0.026473
9.422821 -0.011777
9.427823 0.003792
9.432824 0.020242
9.437826 0.037333
9.442827 0.054695
9.447829 0.072037
9.452830 0.089244
9.457832 0.106285
9.462833 0.123056
9.467835 0.139322
9.472836 0.154833
9.477838 0.169434
9.482839 0.183031
9.487841 0.195485
9.492842 0.206616
9.497844 0.216286
9.502845 0.224391
9.507847 0.230756
9.512848 0.235097
9.517850 0.237111
9.522851 0.236569
9.527853 0.233374
9.532854 0.227586
9.537856 0.219401
9.542857 0.209087
9.547859 0.196924
9.552860 0.183244
9.557862 0.168484
9.562863 0.153106
9.567865 0.137421
9.572866 0.121513
9.577868 0.105396
9.582869 0.089237
9.587871 0.073407
9.592872 0.058326
9.597874 0.044286
9.602875 0.031398
9.607877 0.019678
9.612878 0.009158
9.617880 -0.000079
9.622881 -0.007994
9.627883 -0.014750
9.632884 -0.020774
9.637886 -0.026585
9.642887 -0.032486
9.647889 -0.038406
9.652890 -0.044038
9.657892 -0.049121
9.662893 -0.053599
9.667895 -0.057533
9.672896 -0.060917
9.677898 -0.063601
9.682899 -0.065383
9.687901 -0.066181
9.692902 -0.066143
9.697904 -0.065625
9.702905 -0.065041
9.707907 -0.064679
9.712908 -0.064620
9.717910 -0.064810
9.722911 -0.065167
9.727913 -0.065602
9.732914 -0.065987
9.737916 -0.066138
9.742917 -0.065897
9.747919 -0.065248
9.752920 -0.064356
9.757922 -0.063493
9.762923 -0.062926
9.767925 -0.062904
9.772926 -0.063717
9.777928 -0.065704
9.782929 -0.069175
9.787931 -0.074260
9.792932 -0.080773
9.797934 -0.088229
9.802935 -0.096077
9.807937 -0.103954
9.812938 -0.111692
9.817940 -0.119093
9.822941 -0.125787
9.827942 -0.131321
9.832944 -0.135377
9.837945 -0.137889
9.842947 -0.138972
9.847948 -0.138695
9.852950 -0.136873
9.857951 -0.133101
9.862953 -0.127012
9.867954 -0.118551
9.872956 -0.108003
9.877957 -0.095777
9.882959 -0.082171
9.887960 -0.067324
9.892962 -0.051335
9.897963 -0.034417
9.902965 -0.016980
9.907966 0.000395
9.912968 0.017097
9.917969 0.032688
9.922971 0.047051
9.927972 0.060383
9.932974 0.073031
9.937975 0.085246
9.942977 0.096989
9.947978 0.107936
9.952980 0.117727
9.957981 0.126238
9.962983 0.133623
9.967984 0.140124
9.972986 0.145851
9.977987 0.150714
9.982989 0.154554
9.987990 0.157340
9.992992 0.159281
9.997993 0.160729
10.002995 0.161981
10.007996 0.163173
10.012998 0.164280
10.017999 0.165100
10.023001 0.165228
10.028002 0.164090
10.033004 0.161171
10.038005 0.156294
10.043007 0.149721
10.048008 0.141910
10.053010 0.133124
10.058011 0.123274
10.063013 0.112122
10.068014 0.099625
10.073016 0.086080
10.078017 0.071905
10.083019 0.057244
10.088020 0.041853
10.093022 0.025443
10.098023 0.008106
10.103025 -0.009658
10.108026 -0.027281
10.113028 -0.044355
10.118029 -0.060603
10.123031 -0.075791
10.128032 -0.089719
10.133034 -0.102218
10.138035 -0.113081
10.143037 -0.122082
10.148038 -0.129123
10.153040 -0.134344
10.158041 -0.138009
10.163043 -0.140267
10.168044 -0.141087
10.173046 -0.140398
10.178047 -0.138285
10.183049 -0.135004
10.188050 -0.130876
10.193052 -0.126135
10.198053 -0.120838
10.203055 -0.114870
10.208056 -0.108079
10.213058 -0.100445
10.218059 -0.092177
10.223061 -0.083666
10.228062 -0.075380
10.233064 -0.067723
10.238065 -0.060891
10.243067 -0.054825
10.248068 -0.049300
10.253070 -0.044055
10.258071 -0.038856
10.263073 -0.033526
10.268074 -0.028001
10.273076 -0.022393
10.278077 -0.016992
10.283079 -0.012164
10.288080 -0.008193
10.293082 -0.005198
10.298083 -0.003125
10.303085 -0.001774
10.308086 -0.000853
10.313088 -0.000070
10.318089 0.000762
10.323091 0.001636
10.328092 0.002351
10.333094 0.002625
10.338095 0.002240
10.343097 0.001127
10.348098 -0.000651
10.353100 -0.002948
10.358101 -0.005584
10.363103 -0.008373
10.368104 -0.011114
10.373106 -0.013530
10.378107 -0.015242
10.383109 -0.015850
10.388110 -0.015063
10.393112 -0.012762
10.398113 -0.008915
10.403115 -0.003471
10.408116 0.003626
10.413118 0.012302
10.418119 0.022321
10.423121 0.033388
10.428122 0.045237
10.433124 0.057583
10.438125 0.070055
10.443127 0.082267
10.448128 0.093952
10.453130 0.104981
10.458131 0.115278
10.463133 0.124746
10.468134 0.133270
10.473136 0.140693
10.478137 0.146765
10.483139 0.151193
10.488140 0.153786
10.493142 0.154586
10.498143 0.153839
10.503145 0.151863
10.508146 0.148914
10.513148 0.145128
10.518149 0.140533
10.523151 0.135101
10.528152 0.128869
10.533154 0.122023
10.538155 0.114802
10.543157 0.107283
10.548158 0.099265
10.553160 0.090407
10.558161 0.080476
10.563163 0.069461
10.568164 0.057487
10.573166 0.044689
10.578167 0.031165
10.583169 0.016978
10.588170 0.002154
10.593172 -0.013269
10.598173 -0.029137
10.603175 -0.045138
10.608176 -0.060912
10.613178 -0.076209
10.618179 -0.090960
10.623181 -0.105200
10.628182 -0.118887
10.633184 -0.131782
10.638185 -0.143525
10.643187 -0.153827
10.648188 -0.162591
10.653190 -0.169850
10.658191 -0.175581
10.663193 -0.179592
10.668194 -0.181575
10.673196 -0.181306
10.678197 -0.178838
10.683199 -0.174552
10.688200 -0.168972
10.693202 -0.162486
10.698203 -0.155207
10.703205 -0.147081
10.708206 -0.138153
10.713208 -0.128720
10.718209 -0.119228
10.723211 -0.110021
10.728212 -0.101200
10.733214 -0.092708
10.738215 -0.084499
10.743217 -0.076623
10.748218 -0.069198
10.753220 -0.062319
10.758221 -0.055952
10.763223 -0.049899
10.768224 -0.043896
10.773226 -0.037760
10.778227 -0.031428
10.783229 -0.024900
10.788230 -0.018222
10.793232 -0.011524
10.798233 -0.004984
10.803235 0.001330
10.808236 0.007558
10.813237 0.013954
10.818239 0.020642
10.823240 0.027488
10.828242 0.034237
10.833243 0.040754
10.838245 0.047125
10.843246 0.053520
10.848248 0.060016
10.853249 0.066572
10.858251 0.073121
10.863252 0.079611
10.868254 0.085909
10.873255 0.091723
10.878257 0.096686
10.883258 0.100527
10.888260 0.103127
10.893261 0.104461
10.898263 0.104581
10.903264 0.103667
10.908266 0.102013
10.913267 0.099925
10.918269 0.097593
10.923270 0.095039
10.928272 0.092202
10.933273 0.089128
10.938275 0.086073
10.943276 0.083366
10.948278 0.081157
10.953279 0.079283
10.958281 0.077372
10.963282 0.075052
10.968284 0.072095
10.973285 0.068420
10.978287 0.064018
10.983288 0.058897
10.988290 0.053078
10.993291 0.046638
10.998293 0.039762
11.003294 0.032711
11.008296 0.025698
11.013297 0.018808
11.018299 0.012062
11.023300 0.005514
11.028302 -0.000750
11.033303 -0.006652
11.038305 -0.012129
11.043306 -0.017109
11.048308 -0.021515
11.053309 -0.025276
11.058311 -0.028339
11.063312 -0.030693
11.068314 -0.032384
11.073315 -0.033515
11.078317 -0.034229
11.083318 -0.034682
11.088320 -0.034997
11.093321 -0.035237
11.098323 -0.035465
11.103324 -0.035836
11.108326 -0.036589
11.113327 -0.037925
11.118329 -0.039893
11.123330 -0.042428
11.128332 -0.045484
11.133333 -0.049115
11.138335 -0.053412
11.143336 -0.058357
11.148338 -0.063745
11.153339 -0.069227
11.158341 -0.074464
11.163342 -0.079293
11.168344 -0.083730
11.173345 -0.087797
11.178347 -0.091344
11.183348 -0.094049
11.188350 -0.095577
11.193351 -0.095734
11.198353 -0.094489
11.203354 -0.091916
11.208356 -0.088107
11.213357 -0.083160
11.218359 -0.077228
11.223360 -0.070556
11.228362 -0.063410
11.233363 -0.055931
11.238365 -0.048069
11.243366 -0.039645
11.248368 -0.030485
11.253369 -0.020504
11.258371 -0.009696
11.263372 0.001908
11.268374 0.014254
11.273375 0.027206
11.278377 0.040495
11.283378 0.053754
11.288380 0.066623
11.293381 0.078821
11.298383 0.090116
11.303384 0.100241
11.308386 0.108848
11.313387 0.115608
11.318389 0.120387
11.323390 0.123317
11.328392 0.124647
11.333393 0.124577
11.338395 0.123236
11.343396 0.120733
11.348398 0.117136
11.353399 0.112454
11.358401 0.106705
11.363402 0.100040
11.368404 0.092724
11.373405 0.085029
11.378407 0.077159
11.383408 0.069265
11.388410 0.061479
11.393411 0.053944
11.398413 0.046821
11.403414 0.040227
11.408416 0.034154
11.413417 0.028468
11.418419 0.023005
11.423420 0.017658
11.428422 0.012373
11.433423 0.007117
11.438425 0.001907
11.443426 -0.003125
11.448428 -0.007745
11.453429 -0.011742
11.458431 -0.015036
11.463432 -0.017629
11.468434 -0.019500
11.473435 -0.020599
11.478437 -0.020924
11.483438 -0.020617
11.488440 -0.019987
11.493441 -0.019471
11.498443 -0.019482
11.503444 -0.020242
11.508446 -0.021697
11.513447 -0.023615
11.518449 -0.025779
11.523450 -0.028110
11.528452 -0.030665
11.533453 -0.033545
11.538455 -0.036805
11.543456 -0.040438
11.548458 -0.044382
11.553459 -0.048555
11.558461 -0.052874
11.563462 -0.057234
11.568464 -0.061447
11.573465 -0.065210
11.578467 -0.068216
11.583468 -0.070328
11.588470 -0.071613
11.593471 -0.072169
11.598473 -0.071971
11.603474 -0.070944
11.608476 -0.069165
11.613477 -0.066901
11.618479 -0.064433
11.623480 -0.061916
11.628482 -0.059398
11.633483 -0.056895
11.638485 -0.054399
11.643486 -0.051881
11.648488 -0.049349
11.653489 -0.046885
11.658491 -0.044571
11.663492 -0.042385
11.668494 -0.040194
11.673495 -0.037863
11.678497 -0.035357
11.683498 -0.032741
11.688500 -0.030126
11.693501 -0.027575
11.698503 -0.025041
11.703504 -0.022355
11.708506 -0.019298
11.713507 -0.015692
11.718509 -0.011447
11.723510 -0.006544
11.728512 -0.001013
11.733513 0.005083
11.738515 0.011627
11.743516 0.018463
11.748518 0.025421
11.753519 0.032293
11.758521 0.038790
11.763522 0.044633
11.768524 0.049748
11.773525 0.054314
11.778527 0.058554
11.783528 0.062465
11.788529 0.065744
11.793531 0.068020
11.798532 0.069167
11.803534 0.069403
11.808535 0.069082
11.813537 0.068447
11.818538 0.067568
11.823540 0.066439
11.828541 0.065049
11.833543 0.063392
11.838544 0.061485
11.843546 0.059376
11.848547 0.057089
11.853549 0.054550
11.858550 0.051600
11.863552 0.048082
11.868553 0.043949
11.873555 0.039311
11.878556 0.034405
11.883558 0.029476
11.888559 0.024645
11.893561 0.019906
11.898562 0.015240
11.903564 0.010734
11.908565 0.006614
11.913567 0.003151
11.918568 0.000472
11.923570 -0.001594
11.928571 -0.003446
11.933573 -0.005447
11.938574 -0.007671
11.943576 -0.009904
11.948577 -0.011873
11.953579 -0.013494
11.958580 -0.014911
11.963582 -0.016329
11.968583 -0.017843
11.973585 -0.019405
11.978586 -0.020914
11.983588 -0.022291
11.988589 -0.023472
11.993591 -0.024389
11.998592 -0.025021
12.003594 -0.025499
12.008595 -0.026117
12.013597 -0.027141
12.018598 -0.028546
12.023600 -0.030008
12.028601 -0.031217
12.033603 -0.032162
12.038604 -0.033098
12.043606 -0.034281
12.048607 -0.035777
12.053609 -0.037468
12.058610 -0.039144
12.063612 -0.040606
12.068613 -0.041753
12.073615 -0.042613
12.078616 -0.043268
12.083618 -0.043712
12.088619 -0.043720
12.093621 -0.042882
12.098622 -0.040834
12.103624 -0.037511
12.108625 -0.033185
12.113627 -0.028256
12.118628 -0.022971
12.123630 -0.017338
12.128631 -0.011282
12.133633 -0.004886
12.138634 0.001525
12.143636 0.007522
12.148637 0.012807
12.153639 0.017289
12.158640 0.020973
12.163642 0.023811
12.168643 0.025735
12.173645 0.026806
12.178646 0.027287
12.183648 0.027510
12.188649 0.027668
12.193651 0.027716
12.198652 0.027451
12.203654 0.026714
12.208655 0.025545
12.213657 0.024186
12.218658 0.022891
12.223660 0.021739
12.228661 0.020641
12.233663 0.019522
12.238664 0.018442
12.243666 0.017519
12.248667 0.016769
12.253669 0.016070
12.258670 0.015305
12.263672 0.014472
12.268673 0.013624
12.273675 0.012709
12.278676 0.011531
12.283678 0.009899
12.288679 0.007764
12.293681 0.005253
12.298682 0.002577
12.303684 -0.000069
12.308685 -0.002569
12.313687 -0.004883
12.318688 -0.006975
12.323690 -0.008738
12.328691 -0.009974
12.333693 -0.010505
12.338694 -0.010345
12.343696 -0.009732
12.348697 -0.008996
12.353699 -0.008377
12.358700 -0.007970
12.363702 -0.007768
12.368703 -0.007702
12.373705 -0.007673
12.378706 -0.007613
12.383708 -0.007581
12.388709 -0.007785
12.393711 -0.008462
12.398712 -0.009723
12.403714 -0.011486
12.408715 -0.013521
12.413717 -0.015512
12.418718 -0.017155
12.423720 -0.018275
12.428721 -0.018852
12.433723 -0.018971
12.438724 -0.018743
12.443726 -0.018283
12.448727 -0.017698
12.453729 -0.017045
12.458730 -0.016337
12.463732 -0.015618
12.468733 -0.015044
12.473735 -0.014828
12.478736 -0.015066
12.483738 -0.015654
12.488739 -0.016406
12.493741 -0.017225
12.498742 -0.018148
12.503744 -0.019245
12.508745 -0.020485
12.513747 -0.021687
12.518748 -0.022606
12.523750 -0.023096
12.528751 -0.023165
12.533753 -0.022860
12.538754 -0.022112
12.543756 -0.020691
12.548757 -0.018340
12.553759 -0.014977
12.558760 -0.010817
12.563762 -0.006277
12.568763 -0.001703
12.573765 0.002820
12.578766 0.007382
12.583768 0.011997
12.588769 0.016493
12.593771 0.020648
12.598772 0.024387
12.603774 0.027815
12.608775 0.031084
12.613777 0.034244
12.618778 0.037269
12.623780 0.040192
12.628781 0.043149
12.633783 0.046228
12.638784 0.049310
12.643786 0.052121
12.648787 0.054438
12.653789 0.056224
12.658790 0.057599
12.663792 0.058660
12.668793 0.059331
12.673795 0.059334
12.678796 0.058340
12.683798 0.056188
12.688799 0.052987
12.693801 0.049028
12.698802 0.044556
12.703804 0.039630
12.708805 0.034130
12.713807 0.027892
12.718808 0.020867
12.723810 0.013243
12.728811 0.005434
12.733813 -0.002097
12.738814 -0.009050
12.743816 -0.015376
12.748817 -0.021170
12.753819 -0.026505
12.758820 -0.031366
12.763822 -0.035725
12.768823 -0.039609
12.773824 -0.043060
12.778826 -0.046068
12.783827 -0.048599
12.788829 -0.050666
12.793830 -0.052339
12.798832 -0.053641
12.803833 -0.054478
12.808835 -0.054689
12.813836 -0.054173
12.818838 -0.052964
12.823839 -0.051181
12.828841 -0.048914
12.833842 -0.046127
12.838844 -0.042687
12.843845 -0.038509
12.848847 -0.033695
12.853848 -0.028526
12.858850 -0.023299
12.863851 -0.018176
12.868853 -0.013210
12.873854 -0.008463
12.878856 -0.004058
12.883857 -0.000120
12.888859 0.003279
12.893860 0.006118
12.898862 0.008402
12.903863 0.010134
12.908865 0.011306
12.913866 0.011931
12.918868 0.012088
12.923869 0.011939
12.928871 0.011669
12.933872 0.011394
12.938874 0.011074
12.943875 0.010553
12.948877 0.009717
12.953878 0.008664
12.958880 0.007675
12.963881 0.007003
12.968883 0.006684
12.973884 0.006603
12.978886 0.006679
12.983887 0.006945
12.988889 0.007505
12.993890 0.008457
12.998892 0.009843
13.003893 0.011598
13.008895 0.013564
13.013896 0.015600
13.018898 0.017689
13.023899 0.019931
13.028901 0.022472
13.033902 0.025424
13.038904 0.028823
13.043905 0.032639
13.048907 0.036813
13.053908 0.041247
13.058910 0.045776
13.063911 0.050197
13.068913 0.054364
13.073914 0.058213
13.078916 0.061669
13.083917 0.064564
13.088919 0.066676
13.093920 0.067820
13.098922 0.067917
13.103923 0.066983
13.108925 0.065104
13.113926 0.062397
13.118928 0.058949
13.123929 0.054752
13.128931 0.049715
13.133932 0.043800
13.138934 0.037145
13.143935 0.030029
13.148937 0.022711
13.153938 0.015328
13.158940 0.007934
13.163941 0.000570
13.168943 -0.006707
13.173944 -0.013837
13.178946 -0.020756
13.183947 -0.027388
13.188949 -0.033612
13.193950 -0.039243
13.198952 -0.044066
13.203953 -0.047958
13.208955 -0.050992
13.213956 -0.053386
13.218958 -0.055347
13.223959 -0.056967
13.228961 -0.058236
13.233962 -0.059095
13.238964 -0.059502
13.243965 -0.059484
13.248967 -0.059156
13.253968 -0.058694
13.258970 -0.058266
13.263971 -0.057975
13.268973 -0.057869
13.273974 -0.057995
13.278976 -0.058431
13.283977 -0.059283
13.288979 -0.060654
13.293980 -0.062588
13.298982 -0.065001
13.303983 -0.067651
13.308985 -0.070209
13.313986 -0.072386
13.318988 -0.074052
13.323989 -0.075240
13.328991 -0.076010
13.333992 -0.076272
13.338994 -0.075760
13.343995 -0.074187
13.348997 -0.071460
13.353998 -0.067719
13.359000 -0.063177
13.364001 -0.057901
13.369003 -0.051756
13.374004 -0.044573
13.379006 -0.036332
13.384007 -0.027191
13.389009 -0.017377
13.394010 -0.007111
13.399012 0.003399
13.404013 0.013964
13.409015 0.024439
13.414016 0.034693
13.419018 0.044563
13.424019 0.053845
13.429021 0.062375
13.434022 0.070097
13.439024 0.077016
13.444025 0.083109
13.449027 0.088314
13.454028 0.092614
13.459030 0.096058
13.464031 0.098639
13.469033 0.100198
13.474034 0.100511
13.479036 0.099496
13.484037 0.097303
13.489039 0.094195
13.494040 0.090305
13.499042 0.085509
13.504043 0.079575
13.509045 0.072460
13.514046 0.064464
13.519048 0.056076
13.524049 0.047669
13.529051 0.039356
13.534052 0.031091
13.539054 0.022859
13.544055 0.014744
13.549057 0.006907
13.554058 -0.000466
13.559060 -0.007186
13.564061 -0.013104
13.569063 -0.018157
13.574064 -0.022344
13.579066 -0.025637
13.584067 -0.027958
13.589069 -0.029208
13.594070 -0.029303
13.599072 -0.028211
13.604073 -0.026035
13.609075 -0.023065
13.614076 -0.019682
13.619078 -0.016192
13.624079 -0.012774
13.629081 -0.009563
13.634082 -0.006723
13.639084 -0.004446
13.644085 -0.002914
13.649087 -0.002235
13.654088 -0.002402
13.659090 -0.003302
13.664091 -0.004814
13.669093 -0.006904
13.674094 -0.009611
13.679096 -0.012944
13.684097 -0.016827
13.689099 -0.021113
13.694100 -0.025577
13.699102 -0.029924
13.704103 -0.033874
13.709105 -0.037276
13.714106 -0.040127
13.719108 -0.042495
13.724109 -0.044454
13.729111 -0.046068
13.734112 -0.047342
13.739114 -0.048169
13.744115 -0.048393
13.749117 -0.047988
13.754118 -0.047153
13.759119 -0.046224
13.764121 -0.045421
13.769122 -0.044674
13.774124 -0.043676
13.779125 -0.042166
13.784127 -0.040169
13.789128 -0.037951
13.794130 -0.035769
13.799131 -0.033666
13.804133 -0.031450
13.809134 -0.028820
13.814136 -0.025535
13.819137 -0.021545
13.824139 -0.017000
13.829140 -0.012126
13.834142 -0.007065
13.839143 -0.001785
13.844145 0.003838
13.849146 0.009846
13.854148 0.016144
13.859149 0.022610
13.864151 0.029217
13.869152 0.035946
13.874154 0.042640
13.879155 0.048999
13.884157 0.054754
13.889158 0.059850
13.894160 0.064461
13.899161 0.068848
13.904163 0.073156
13.909164 0.077311
13.914166 0.081052
13.919167 0.084038
13.924169 0.085995
13.929170 0.086830
13.934172 0.086639
13.939173 0.085611
13.944175 0.083881
13.949176 0.081445
13.954178 0.078255
13.959179 0.074362
13.964181 0.069924
13.969182 0.065077
13.974184 0.059883
13.979185 0.054397
13.984187 0.048725
13.989188 0.043017
13.994190 0.037418
13.999191 0.031958
14.004193 0.026470
14.009194 0.020641
14.014196 0.014237
14.019197 0.007324
14.024199 0.000282
14.029200 -0.006414
14.034202 -0.012461
14.039203 -0.017854
14.044205 -0.022783
14.049206 -0.027449
14.054208 -0.031906
14.059209 -0.036045
14.064211 -0.039686
14.069212 -0.042707
14.074214 -0.045105
14.079215 -0.046976
14.084217 -0.048431
14.089218 -0.049511
14.094220 -0.050158
14.099221 -0.050289
14.104223 -0.049908
14.109224 -0.049149
14.114226 -0.048202
14.119227 -0.047179
14.124229 -0.046074
14.129230 -0.044860
14.134232 -0.043633
14.139233 -0.042605
14.144235 -0.041984
14.149236 -0.041831
14.154238 -0.042001
14.159239 -0.042207
14.164241 -0.042197
14.169242 -0.041887
14.174244 -0.041359
14.179245 -0.040764
14.184247 -0.040221
14.189248 -0.039760
14.194250 -0.039301
14.199251 -0.038647
14.204253 -0.037535
14.209254 -0.035785
14.214256 -0.033425
14.219257 -0.030641
14.224259 -0.027573
14.229260 -0.024179
14.234262 -0.020298
14.239263 -0.015831
14.244265 -0.010866
14.249266 -0.005642
14.254268 -0.000381
14.259269 0.004842
14.264271 0.010050
14.269272 0.015229
14.274274 0.020263
14.279275 0.024991
14.284277 0.029299
14.289278 0.033163
14.294280 0.036626
14.299281 0.039740
14.304283 0.042535
14.309284 0.045036
14.314286 0.047259
14.319287 0.049197
14.324289 0.050794
14.329290 0.051968
14.334292 0.052659
14.339293 0.052865
14.344295 0.052657
14.349296 0.052160
14.354298 0.051517
14.359299 0.050837
14.364301 0.050123
14.369302 0.049250
14.374304 0.048051
14.379305 0.046456
14.384307 0.044506
14.389308 0.042234
14.394310 0.039563
14.399311 0.036373
14.404313 0.032655
14.409314 0.028574
14.414316 0.024388
14.419317 0.020283
14.424319 0.016275
14.429320 0.012254
14.434322 0.008103
14.439323 0.003819
14.444325 -0.000436
14.449326 -0.004410
14.454328 -0.007971
14.459329 -0.011251
14.464331 -0.014542
14.469332 -0.018033
14.474334 -0.021637
14.479335 -0.025107
14.484337 -0.028337
14.489338 -0.031531
14.494340 -0.035047
14.499341 -0.039069
14.504343 -0.043459
14.509344 -0.047909
14.514346 -0.052188
14.519347 -0.056249
14.524349 -0.060194
14.529350 -0.064179
14.534352 -0.068271
14.539353 -0.072315
14.544355 -0.075950
14.549356 -0.078809
14.554358 -0.080683
14.559359 -0.081499
14.564361 -0.081201
14.569362 -0.079741
14.574364 -0.077175
14.579365 -0.073661
14.584367 -0.069344
14.589368 -0.064289
14.594370 -0.058527
14.599371 -0.052128
14.604373 -0.045213
14.609374 -0.037927
14.614376 -0.030422
14.619377 -0.022838
14.624379 -0.015267
14.629380 -0.007762
14.634382 -0.000398
14.639383 0.006723
14.644385 0.013509
14.649386 0.019861
14.654388 0.025633
14.659389 0.030682
14.664391 0.034967
14.669392 0.038588
14.674394 0.041720
14.679395 0.044456
14.684397 0.046710
14.689398 0.048282
14.694400 0.049084
14.699401 0.049272
14.704403 0.049121
14.709404 0.048784
14.714406 0.048202
14.719407 0.047206
14.724409 0.045670
14.729410 0.043596
14.734412 0.041133
14.739413 0.038549
14.744414 0.036108
14.749416 0.033920
14.754417 0.031904
14.759419 0.029944
14.764420 0.028062
14.769422 0.026414
14.774423 0.025155
14.779425 0.024351
14.784426 0.023999
14.789428 0.024085
14.794429 0.024608
14.799431 0.025563
14.804432 0.026885
14.809434 0.028440
14.814435 0.030107
14.819437 0.031879
14.824438 0.033834
14.829440 0.035969
14.834441 0.038140
14.839443 0.040178
14.844444 0.042010
14.849446 0.043596
14.854447 0.044802
14.859449 0.045406
14.864450 0.045241
14.869452 0.044294
14.874453 0.042644
14.879455 0.040333
14.884456 0.037292
14.889458 0.033400
14.894459 0.028596
14.899461 0.022956
14.904462 0.016636
14.909464 0.009792
14.914465 0.002571
14.919467 -0.004860
14.924468 -0.012349
14.929470 -0.019853
14.934471 -0.027432
14.939473 -0.035104
14.944474 -0.042741
14.949476 -0.050123
14.954477 -0.057071
14.959479 -0.063486
14.964480 -0.069300
14.969482 -0.074453
14.974483 -0.078906
14.979485 -0.082624
14.984486 -0.085534
14.989488 -0.087532
14.994489 -0.088540
14.999491 -0.088514
15.004492 -0.087425
15.009494 -0.085254
15.014495 -0.082032
15.019497 -0.077876
15.024498 -0.072956
15.029500 -0.067439
15.034501 -0.061465
15.039503 -0.055170
15.044504 -0.048678
15.049506 -0.042030
15.054507 -0.035143
15.059509 -0.027917
15.064510 -0.020452
15.069512 -0.013130
15.074513 -0.006457
15.079515 -0.000793
15.084516 0.003806
15.089518 0.007529
15.094519 0.010633
15.099521 0.013244
15.104522 0.015291
15.109524 0.016629
15.114525 0.017238
15.119527 0.017302
15.124528 0.017096
15.129530 0.016827
15.134531 0.016575
15.139533 0.016353
15.144534 0.016175
15.149536 0.016082
15.154537 0.016133
15.159539 0.016398
15.164540 0.016945
15.169542 0.017787
15.174543 0.018873
15.179545 0.020155
15.184546 0.021663
15.189548 0.023503
15.194549 0.025743
15.199551 0.028316
15.204552 0.031035
15.209554 0.033748
15.214555 0.036494
15.219557 0.039474
15.224558 0.042833
15.229560 0.046491
15.234561 0.050187
15.239563 0.053663
15.244564 0.056780
15.249566 0.059482
15.254567 0.061731
15.259569 0.063464
15.264570 0.064589
15.269572 0.064975
15.274573 0.064502
15.279575 0.063158
15.284576 0.061084
15.289578 0.058464
15.294579 0.055351
15.299581 0.051662
15.304582 0.047361
15.309584 0.042609
15.314585 0.037663
15.319587 0.032631
15.324588 0.027351
15.329590 0.021529
15.334591 0.014971
15.339593 0.007731
15.344594 0.000062
15.349596 -0.007772
15.354597 -0.015673
15.359599 -0.023715
15.364600 -0.031988
15.369602 -0.040426
15.374603 -0.048771
15.379605 -0.056689
15.384606 -0.063937
15.389608 -0.070466
15.394609 -0.076346
15.399611 -0.081591
15.404612 -0.086074
15.409614 -0.089625
15.414615 -0.092127
15.419617 -0.093533
15.424618 -0.093843
15.429620 -0.093111
15.434621 -0.091430
15.439623 -0.088860
15.444624 -0.085417
15.449626 -0.081138
15.454627 -0.076157
15.459629 -0.070712
15.464630 -0.065042
15.469632 -0.059250
15.474633 -0.053229
15.479635 -0.046747
15.484636 -0.039643
15.489638 -0.031994
15.494639 -0.024104
15.499641 -0.016327
15.504642 -0.008887
15.509644 -0.001791
15.514645 0.005115
15.519647 0.012016
15.524648 0.018991
15.529650 0.025934
15.534651 0.032593
15.539653 0.038705
15.544654 0.044155
15.549656 0.049047
15.554657 0.053602
15.559659 0.057919
15.564660 0.061862
15.569662 0.065171
15.574663 0.067701
15.579665 0.069520
15.584666 0.070774
15.589668 0.071482
15.594669 0.071466
15.599671 0.070499
15.604672 0.068536
15.609674 0.065803
15.614675 0.062619
15.619677 0.059138
15.624678 0.055298
15.629680 0.050980
15.634681 0.046206
15.639683 0.041174
15.644684 0.036148
15.649686 0.031294
15.654687 0.026620
15.659689 0.022050
15.664690 0.017530
15.669692 0.013082
15.674693 0.008815
15.679695 0.004939
15.684696 0.001689
15.689698 -0.000846
15.694699 -0.002802
15.699701 -0.004408
15.704702 -0.005778
15.709704 -0.006829
15.714705 -0.007391
15.719706 -0.007380
15.724708 -0.006933
15.729709 -0.006353
15.734711 -0.005872
15.739712 -0.005464
15.744714 -0.004943
15.749715 -0.004210
15.754717 -0.003372
15.759718 -0.002643
15.764720 -0.002181
15.769721 -0.002054
15.774723 -0.002324
15.779724 -0.003114
15.784726 -0.004572
15.789727 -0.006802
15.794729 -0.009832
15.799730 -0.013636
15.804732 -0.018148
15.809733 -0.023260
15.814735 -0.028832
15.819736 -0.034747
15.824738 -0.040957
15.829739 -0.047450
15.834741 -0.054157
15.839742 -0.060905
15.844744 -0.067474
15.849745 -0.073653
15.854747 -0.079223
15.859748 -0.083949
15.864750 -0.087690
15.869751 -0.090518
15.874753 -0.092618
15.879754 -0.094033
15.884756 -0.094541
15.889757 -0.093798
15.894759 -0.091554
15.899760 -0.087744
15.904762 -0.082469
15.909763 -0.075932
15.914765 -0.068325
15.919766 -0.059753
15.924768 -0.050234
15.929769 -0.039779
15.934771 -0.028464
15.939772 -0.016489
15.944774 -0.004154
15.949775 0.008239
15.954777 0.020484
15.959778 0.032449
15.964780 0.043953
15.969781 0.054697
15.974783 0.064394
15.979784 0.072932
15.984786 0.080388
15.989787 0.086835
15.994789 0.092147
15.999790 0.096009
16.004792 0.098130
16.009793 0.098444
16.014795 0.097151
16.019796 0.094582
16.024798 0.091021
16.029799 0.086558
16.034801 0.081080
16.039802 0.074440
16.044804 0.066712
16.049805 0.058271
16.054807 0.049613
16.059808 0.041083
16.064810 0.032756
16.069811 0.024550
16.074813 0.016447
16.079814 0.008651
16.084816 0.001529
16.089817 -0.004619
16.094819 -0.009728
16.099820 -0.013900
16.104822 -0.017216
16.109823 -0.019614
16.114825 -0.020919
16.119826 -0.020998
16.124828 -0.019910
16.129829 -0.017921
16.134831 -0.015344
16.139832 -0.012346
16.144834 -0.008888
16.149835 -0.004832
16.154837 -0.000138
16.159838 0.005025
16.164840 0.010329
16.169841 0.015465
16.174843 0.020266
16.179844 0.024673
16.184846 0.028600
16.189847 0.031890
16.194849 0.034406
16.199850 0.036120
16.204852 0.037034
16.209853 0.037074
16.214855 0.036127
16.219856 0.034184
16.224858 0.031395
16.229859 0.027991
16.234861 0.024157
16.239862 0.019966
16.244864 0.015374
16.249865 0.010302
16.254867 0.004740
16.259868 -0.001192
16.264870 -0.007272
16.269871 -0.013260
16.274873 -0.019006
16.279874 -0.024525
16.284876 -0.029969
16.289877 -0.035481
16.294879 -0.041039
16.299880 -0.046448
16.304882 -0.051470
16.309883 -0.055963
16.314885 -0.059891
16.319886 -0.063241
16.324888 -0.065966
16.329889 -0.068013
16.334891 -0.069368
16.339892 -0.070036
16.344894 -0.069977
16.349895 -0.069111
16.354897 -0.067409
16.359898 -0.064990
16.364900 -0.062104
16.369901 -0.058980
16.374903 -0.055691
16.379904 -0.052188
16.384906 -0.048449
16.389907 -0.044553
16.394909 -0.040657
16.399910 -0.036902
16.404912 -0.033314
16.409913 -0.029745
16.414915 -0.025954
16.419916 -0.021813
16.424918 -0.017440
16.429919 -0.013100
16.434921 -0.008976
16.439922 -0.005067
16.444924 -0.001310
16.449925 0.002283
16.454927 0.005661
16.459928 0.008850
16.464930 0.011938
16.469931 0.014957
16.474933 0.017831
16.479934 0.020455
16.484936 0.022806
16.489937 0.024980
16.494939 0.027125
16.499940 0.029293
16.504942 0.031353
16.509943 0.033088
16.514945 0.034394
16.519946 0.035381
16.524948 0.036277
16.529949 0.037239
16.534951 0.038215
16.539952 0.038952
16.544954 0.039150
16.549955 0.038688
16.554957 0.037721
16.559958 0.036561
16.564960 0.035439
16.569961 0.034363
16.574963 0.033161
16.579964 0.031661
16.584966 0.029833
16.589967 0.027815
16.594969 0.025830
16.599970 0.024076
16.604972 0.022617
16.609973 0.021343
16.614975 0.020062
16.619976 0.018634
16.624978 0.017026
16.629979 0.015237
16.634981 0.013238
16.639982 0.011024
16.644984 0.008710
16.649985 0.006501
16.654987 0.004539
16.659988 0.002819
16.664990 0.001272
16.669991 -0.000056
16.674993 -0.000975
16.679994 -0.001319
16.684996 -0.001149
16.689997 -0.000755
16.694999 -0.000443
16.700000 -0.000314
