0.000000 0.000000
0.005001 -0.000249
0.010002 -0.000320
0.015003 0.000150
0.020004 0.000323
0.025005 0.000276
0.030006 -0.000210
0.035007 -0.000039
0.040008 0.000416
0.045009 -0.000069
0.050010 -0.000136
0.055011 0.000124
0.060012 0.000158
0.065013 0.000103
0.070014 -0.000171
0.075015 0.000022
0.080016 0.000318
0.085017 -0.000011
0.090018 -0.000343
0.095019 0.000060
0.100020 0.000253
0.105021 -0.000103
0.110022 -0.000069
0.115023 0.000044
0.120024 0.000108
0.125025 -0.000081
0.130026 -0.000269
0.135027 -0.000127
0.140028 0.000234
0.145029 0.000136
0.150030 -0.000495
0.155031 -0.000210
0.160032 0.000197
0.165033 0.000080
0.170034 -0.000389
0.175035 -0.000335
0.180036 0.000365
0.185037 0.000104
0.190038 -0.000128
0.195039 0.000034
0.200040 0.000161
0.205041 0.000080
0.210042 -0.000258
0.215043 0.000042
0.220044 0.000399
0.225045 -0.000111
0.230046 -0.000487
0.235047 -0.000217
0.240049 0.000082
0.245050 -0.000007
0.250051 -0.000386
0.255052 -0.000018
0.260053 0.000306
0.265054 -0.000060
0.270055 -0.000250
0.275056 -0.000022
0.280057 0.000241
0.285058 -0.000006
0.290059 -0.000061
0.295060 0.000061
0.300061 0.000183
0.305062 0.000133
0.310063 -0.000036
0.315064 0.000175
0.320065 0.000175
0.325066 -0.000029
0.330067 -0.000354
0.335068 -0.000053
0.340069 0.000448
0.345070 0.000064
0.350071 -0.000293
0.355072 -0.000042
0.360073 0.000312
0.365074 -0.000060
0.370075 -0.000290
0.375076 -0.000017
0.380077 0.000259
0.385078 0.000033
0.390079 -0.000197
0.395080 0.000407
0.400081 0.000247
0.405082 -0.000178
0.410083 -0.000067
0.415084 -0.000038
0.420085 0.000292
0.425086 -0.000055
0.430087 -0.000503
0.435088 0.000183
0.440089 0.000366
0.445090 -0.000209
0.450091 -0.000287
0.455092 0.000233
0.460093 0.000342
0.465094 -0.000034
0.470095 -0.000086
0.475096 0.000099
0.480097 0.000372
0.485098 -0.000120
0.490099 -0.000265
0.495100 0.000135
0.500101 0.000143
0.505102 0.000159
0.510103 -0.000040
0.515104 0.000257
0.520105 0.000304
0.525106 0.000001
0.530107 -0.000095
0.535108 -0.000179
0.540109 0.000038
0.545110 -0.000077
0.550111 -0.000181
0.555112 0.000085
0.560113 0.000229
0.565114 -0.000044
0.570115 -0.000047
0.575116 0.000033
0.580117 -0.000091
0.585118 0.000062
0.590119 0.000078
0.595120 0.000304
0.600121 0.000429
0.605122 0.000109
0.610123 -0.000089
0.615124 -0.000123
0.620125 0.000116
0.625126 -0.000064
0.630127 0.000000
0.635128 0.000325
0.640129 0.000237
0.645130 -0.000036
0.650131 -0.000271
0.655132 0.000199
0.660133 0.000312
0.665134 -0.000292
0.670135 -0.000288
0.675136 0.000087
0.680137 0.000430
0.685138 0.000171
0.690139 -0.000204
0.695140 0.000301
0.700141 0.000366
0.705142 -0.000093
0.710143 -0.000122
0.715145 0.000003
0.720146 0.000235
0.725147 0.000150
0.730148 -0.000095
0.735149 0.000023
0.740150 0.000170
0.745151 0.000019
0.750152 -0.000247
0.755153 0.000074
0.760154 0.000240
0.765155 -0.000265
0.770156 -0.000249
0.775157 -0.000077
0.780158 0.000237
0.785159 0.000096
0.790160 -0.000339
0.795161 0.000054
0.800162 0.000223
0.805163 -0.000085
0.810164 -0.000048
0.815165 0.000415
0.820166 0.000352
0.825167 0.000018
0.830168 -0.000055
0.835169 -0.000077
0.840170 0.000067
0.845171 -0.000009
0.850172 -0.000329
0.855173 -0.000036
0.860174 0.000342
0.865175 0.000068
0.870176 -0.000133
0.875177 0.000191
0.880178 0.000287
0.885179 -0.000102
0.890180 -0.000159
0.895181 0.000054
0.900182 0.000103
0.905183 -0.000021
0.910184 -0.000064
0.915185 0.000256
0.920186 0.000293
0.925187 -0.000206
0.930188 -0.000124
0.935189 0.000257
0.940190 0.000260
0.945191 0.000172
0.950192 -0.000083
0.955193 0.000103
0.960194 0.000336
0.965195 -0.000289
0.970196 -0.000212
0.975197 0.000311
0.980198 0.000229
0.985199 -0.000191
0.990200 -0.000118
0.995201 0.000566
1.000202 0.000346
1.005203 -0.000128
1.010204 -0.000018
1.015205 -0.000033
1.020206 -0.000049
1.025207 -0.000010
1.030208 -0.000228
1.035209 -0.000002
1.040210 0.000454
1.045211 -0.000009
1.050212 -0.000167
1.055213 -0.000085
1.060214 0.000129
1.065215 0.000248
1.070216 -0.000088
1.075217 0.000263
1.080218 0.000440
1.085219 -0.000002
1.090220 -0.000073
1.095221 0.000097
1.100222 0.000222
1.105223 0.000073
1.110224 -0.000232
1.115225 -0.000052
1.120226 0.000256
1.125227 0.000010
1.130228 -0.000208
1.135229 0.000010
1.140230 0.000323
1.145231 0.000116
1.150232 -0.000235
1.155233 0.000029
1.160234 0.000366
1.165235 -0.000096
1.170236 -0.000288
1.175237 0.000243
1.180238 0.000345
1.185239 0.000003
1.190241 -0.000154
1.195242 0.000002
1.200243 0.000345
1.205244 -0.000037
1.210245 -0.000386
1.215246 0.000163
1.220247 0.000300
1.225248 0.000065
1.230249 -0.000075
1.235250 0.000125
1.240251 0.000352
1.245252 0.000228
1.250253 0.000010
1.255254 -0.000005
1.260255 0.000367
1.265256 0.000116
1.270257 -0.000074
1.275258 0.000254
1.280259 0.000248
1.285260 0.000034
1.290261 -0.000251
1.295262 -0.000103
1.300263 0.000483
1.305264 0.000007
1.310265 -0.000133
1.315266 0.000404
1.320267 0.000257
1.325268 0.000126
1.330269 -0.000115
1.335270 0.000046
1.340271 0.000458
1.345272 -0.000040
1.350273 -0.000306
1.355274 0.000151
1.360275 0.000215
1.365276 -0.000327
1.370277 -0.000590
1.375278 0.000117
1.380279 0.000574
1.385280 -0.000116
1.390281 -0.000190
1.395282 0.000203
1.400283 0.000156
1.405284 -0.000053
1.410285 -0.000381
1.415286 -0.000198
1.420287 0.000238
1.425288 0.000069
1.430289 -0.000341
1.435290 0.000040
1.440291 0.000324
1.445292 -0.000120
1.450293 -0.000088
1.455294 0.000157
1.460295 0.000297
1.465296 0.000065
1.470297 -0.000266
1.475298 0.000095
1.480299 0.000219
1.485300 -0.000174
1.490301 -0.000212
1.495302 0.000027
1.500303 0.000018
1.505304 -0.000067
1.510305 -0.000079
1.515306 0.000180
1.520307 0.000228
1.525308 -0.000154
1.530309 -0.000122
1.535310 -0.000059
1.540311 0.000301
1.545312 -0.000247
1.550313 -0.000590
1.555314 0.000365
1.560315 0.000149
1.565316 0.000016
1.570317 0.000006
1.575318 -0.000086
1.580319 0.000121
1.585320 -0.000064
1.590321 -0.000204
1.595322 -0.000010
1.600323 0.000194
1.605324 0.000010
1.610325 -0.000381
1.615326 -0.000097
1.620327 0.000539
1.625328 -0.000053
1.630329 -0.000284
1.635330 0.000203
1.640331 0.000105
1.645332 -0.000142
1.650333 -0.000304
1.655334 0.000014
1.660335 0.000191
1.665336 0.000028
1.670338 -0.000032
1.675339 -0.000006
1.680340 0.000009
1.685341 0.000032
1.690342 -0.000094
1.695343 0.000002
1.700344 0.000357
1.705345 0.000090
1.710346 -0.000252
1.715347 0.000003
1.720348 0.000292
1.725349 -0.000195
1.730350 -0.000318
1.735351 0.000239
1.740352 0.000347
1.745353 0.000048
1.750354 -0.000365
1.755355 -0.000190
1.760356 0.000266
1.765357 -0.000098
1.770358 -0.000130
1.775359 0.000224
1.780360 0.000202
1.785361 0.000250
1.790362 -0.000234
1.795363 -0.000138
1.800364 0.000200
1.805365 -0.000155
1.810366 0.000020
1.815367 0.000247
1.820368 0.000400
1.825369 0.000333
1.830370 -0.000007
1.835371 0.000042
1.840372 0.000457
1.845373 0.000092
1.850374 -0.000275
1.855375 0.000069
1.860376 0.000015
1.865377 -0.000145
1.870378 -0.000231
1.875379 0.000202
1.880380 0.000329
1.885381 -0.000150
1.890382 -0.000286
1.895383 -0.000036
1.900384 0.000355
1.905385 -0.000157
1.910386 -0.000244
1.915387 0.000100
1.920388 0.000198
1.925389 -0.000020
1.930390 -0.000585
1.935391 0.000002
1.940392 0.000422
1.945393 0.000003
1.950394 -0.000263
1.955395 0.000169
1.960396 0.000589
1.965397 0.000302
1.970398 -0.000109
1.975399 -0.000100
1.980400 0.000143
1.985401 0.000024
1.990402 0.000007
1.995403 -0.000161
2.000404 0.000030
2.005405 0.000223
2.010406 -0.000209
2.015407 0.000074
2.020408 0.000408
2.025409 0.000023
2.030410 0.000067
2.035411 0.000265
2.040412 0.000065
2.045413 -0.000228
2.050414 -0.000338
2.055415 0.000054
2.060416 -0.000037
2.065417 -0.000407
2.070418 -0.000246
2.075419 0.000383
2.080420 0.000286
2.085421 -0.000272
2.090422 -0.000123
2.095423 0.000228
2.100424 0.000524
2.105425 0.000026
2.110426 -0.000299
2.115427 0.000210
2.120428 0.000406
2.125429 0.000278
2.130430 -0.000165
2.135431 -0.000118
2.140432 0.000344
2.145434 0.000012
2.150435 -0.000371
2.155436 -0.000027
2.160437 0.000337
2.165438 0.000137
2.170439 -0.000089
2.175440 0.000130
2.180441 0.000395
2.185442 -0.000020
2.190443 -0.000353
2.195444 -0.000058
2.200445 0.000065
2.205446 0.000004
2.210447 -0.000302
2.215448 -0.000039
2.220449 0.000375
2.225450 0.000054
2.230451 -0.000240
2.235452 -0.000039
2.240453 0.000012
2.245454 -0.000329
2.250455 -0.000156
2.255456 0.000177
2.260457 0.000231
2.265458 -0.000003
2.270459 -0.000224
2.275460 0.000145
2.280461 0.000169
2.285462 -0.000060
2.290463 -0.000016
2.295464 0.000138
2.300465 0.000278
2.305466 -0.000209
2.310467 -0.000174
2.315468 0.000165
2.320469 0.000003
2.325470 -0.000093
2.330471 -0.000286
2.335472 -0.000066
2.340473 0.000328
2.345474 0.000094
2.350475 -0.000181
2.355476 -0.000099
2.360477 0.000196
2.365478 -0.000143
2.370479 -0.000336
2.375480 0.000148
2.380481 0.000049
2.385482 -0.000222
2.390483 -0.000108
2.395484 -0.000024
2.400485 0.000093
2.405486 -0.000189
2.410487 -0.000406
2.415488 0.000196
2.420489 0.000489
2.425490 0.000048
2.430491 -0.000298
2.435492 -0.000105
2.440493 0.000163
2.445494 -0.000029
2.450495 -0.000197
2.455496 0.000199
2.460497 0.000345
2.465498 -0.000160
2.470499 -0.000198
2.475500 0.000097
2.480501 0.000298
2.485502 0.000160
2.490503 -0.000477
2.495504 -0.000027
2.500505 0.000468
2.505506 -0.000012
2.510507 -0.000023
2.515508 0.000012
2.520509 0.000136
2.525510 0.000054
2.530511 -0.000333
2.535512 0.000081
2.540513 0.000256
2.545514 -0.000299
2.550515 -0.000399
2.555516 0.000176
2.560517 0.000377
2.565518 -0.000183
2.570519 -0.000312
2.575520 0.000254
2.580521 0.000265
2.585522 -0.000147
2.590523 -0.000358
2.595524 -0.000067
2.600525 0.000297
2.605526 -0.000136
2.610527 -0.000428
2.615528 0.000062
2.620530 0.000334
2.625531 -0.000137
2.630532 -0.000358
2.635533 0.000114
2.640534 0.000322
2.645535 -0.000146
2.650536 -0.000455
2.655537 0.000132
2.660538 0.000556
2.665539 0.000037
2.670540 -0.000365
2.675541 0.000039
2.680542 0.000046
2.685543 -0.000281
2.690544 -0.000204
2.695545 0.000158
2.700546 0.000298
2.705547 -0.000109
2.710548 0.000057
2.715549 0.000070
2.720550 -0.000072
2.725551 -0.000137
2.730552 -0.000326
2.735553 0.000390
2.740554 0.000498
2.745555 0.000042
2.750556 0.000066
2.755557 0.000148
2.760558 0.000281
2.765559 -0.000278
2.770560 -0.000316
2.775561 0.000094
2.780562 -0.000004
2.785563 0.000052
2.790564 -0.000062
2.795565 0.000246
2.800566 0.000438
2.805567 -0.000356
2.810568 -0.000357
2.815569 0.000176
2.820570 0.000235
2.825571 0.000119
2.830572 -0.000028
2.835573 0.000030
2.840574 0.000274
2.845575 -0.000008
2.850576 -0.000321
2.855577 0.000133
2.860578 0.000255
2.865579 0.000009
2.870580 -0.000204
2.875581 -0.000138
2.880582 0.000418
2.885583 0.000137
2.890584 -0.000061
2.895585 0.000215
2.900586 0.000160
2.905587 -0.000169
2.910588 -0.000254
2.915589 0.000158
2.920590 0.000208
2.925591 -0.000044
2.930592 -0.000161
2.935593 0.000074
2.940594 0.000270
2.945595 -0.000105
2.950596 -0.000118
2.955597 -0.000002
2.960598 0.000013
2.965599 -0.000183
2.970600 -0.000357
2.975601 0.000327
2.980602 0.000224
2.985603 -0.000367
2.990604 -0.000094
2.995605 0.000275
3.000606 0.000578
3.005607 0.000119
3.010608 -0.000396
3.015609 0.000389
3.020610 0.000352
3.025611 -0.000289
3.030612 -0.000055
3.035613 0.000134
3.040614 0.000478
3.045615 0.000328
3.050616 -0.000278
3.055617 0.000073
3.060618 0.000459
3.065619 0.000099
3.070620 -0.000214
3.075621 0.000012
3.080622 0.000401
3.085623 0.000036
3.090624 -0.000223
3.095626 0.000333
3.100627 0.000472
3.105628 0.000078
3.110629 -0.000100
3.115630 0.000072
3.120631 0.000385
3.125632 -0.000004
3.130633 -0.000424
3.135634 -0.000012
3.140635 0.000015
3.145636 -0.000304
3.150637 -0.000361
3.155638 0.000154
3.160639 0.000513
3.165640 -0.000007
3.170641 -0.000229
3.175642 -0.000039
3.180643 0.000252
3.185644 0.000140
3.190645 -0.000141
3.195646 0.000119
3.200647 0.000280
3.205648 -0.000010
3.210649 -0.000359
3.215650 -0.000227
3.220651 0.000333
3.225652 0.000184
3.230653 -0.000396
3.235654 0.000067
3.240655 0.000384
3.245656 0.000059
3.250657 -0.000133
3.255658 -0.000003
3.260659 0.000467
3.265660 0.000317
3.270661 -0.000173
3.275662 -0.000180
3.280663 0.000103
3.285664 -0.000020
3.290665 -0.000131
3.295666 0.000192
3.300667 0.000213
3.305668 0.000005
3.310669 -0.000170
3.315670 0.000012
3.320671 0.000222
3.325672 -0.000161
3.330673 -0.000316
3.335674 0.000047
3.340675 0.000322
3.345676 0.000032
3.350677 -0.000247
3.355678 0.000083
3.360679 0.000184
3.365680 -0.000114
3.370681 -0.000334
3.375682 0.000064
3.380683 0.000212
3.385684 -0.000176
3.390685 -0.000339
3.395686 -0.000083
3.400687 0.000279
3.405688 -0.000293
3.410689 -0.000333
3.415690 0.000165
3.420691 0.000190
3.425692 0.000138
3.430693 -0.000094
3.435694 0.000197
3.440695 0.000233
3.445696 -0.000151
3.450697 -0.000088
3.455698 0.000252
3.460699 0.000294
3.465700 -0.000082
3.470701 -0.000223
3.475702 0.000144
3.480703 0.000204
3.485704 -0.000191
3.490705 -0.000251
3.495706 -0.000118
3.500707 0.000145
3.505708 0.000114
3.510709 0.000042
3.515710 0.000396
3.520711 0.000400
3.525712 -0.000133
3.530713 -0.000182
3.535714 0.000045
3.540715 -0.000098
3.545716 -0.000161
3.550717 -0.000099
3.555718 0.000257
3.560719 0.000452
3.565720 0.000009
3.570722 -0.000172
3.575723 -0.000055
3.580724 0.000188
3.585725 0.000037
3.590726 -0.000321
3.595727 0.000288
3.600728 0.000373
3.605729 -0.000243
3.610730 0.000080
3.615731 0.000379
3.620732 0.000243
3.625733 0.000182
3.630734 0.000122
3.635735 0.000210
3.640736 0.000272
3.645737 -0.000108
3.650738 -0.000254
3.655739 0.000167
3.660740 0.000373
3.665741 0.000089
3.670742 -0.000111
3.675743 0.000120
3.680744 0.000317
3.685745 -0.000051
3.690746 -0.000217
3.695747 0.000120
3.700748 0.000088
3.705749 -0.000096
3.710750 -0.000037
3.715751 0.000153
3.720752 0.000214
3.725753 -0.000137
3.730754 -0.000297
3.735755 0.000005
3.740756 0.000094
3.745757 -0.000039
3.750758 -0.000227
3.755759 0.000170
3.760760 0.000437
3.765761 -0.000025
3.770762 -0.000093
3.775763 0.000186
3.780764 0.000428
3.785765 0.000075
3.790766 -0.000229
3.795767 0.000146
3.800768 0.000280
3.805769 -0.000078
3.810770 -0.000268
3.815771 0.000135
3.820772 0.000102
3.825773 -0.000363
3.830774 -0.000490
3.835775 0.000084
3.840776 0.000424
3.845777 -0.000206
3.850778 -0.000160
3.855779 0.000013
3.860780 -0.000000
3.865781 0.000032
3.870782 -0.000311
3.875783 -0.000047
3.880784 0.000214
3.885785 0.000061
3.890786 0.000115
3.895787 0.000241
3.900788 0.000295
3.905789 -0.000160
3.910790 -0.000473
3.915791 0.000193
3.920792 0.000153
3.925793 -0.000121
3.930794 -0.000109
3.935795 -0.000005
3.940796 0.000416
3.945797 -0.000062
3.950798 -0.000360
3.955799 0.000130
3.960800 0.000244
3.965801 -0.000125
3.970802 -0.000335
3.975803 -0.000043
3.980804 0.000112
3.985805 -0.000161
3.990806 -0.000453
3.995807 0.000064
4.000808 0.000378
4.005809 -0.000187
4.010810 -0.000308
4.015811 0.000137
4.020812 0.000232
4.025813 -0.000133
4.030814 -0.000296
4.035815 -0.000151
4.040816 0.000137
4.045818 0.000079
4.050819 -0.000160
4.055820 0.000088
4.060821 0.000330
4.065822 -0.000000
4.070823 -0.000265
4.075824 0.000071
4.080825 0.000154
4.085826 -0.000348
4.090827 -0.000278
4.095828 0.000083
4.100829 0.000300
4.105830 0.000125
4.110831 -0.000287
4.115832 -0.000014
4.120833 0.000179
4.125834 -0.000279
4.130835 -0.000330
4.135836 0.000119
4.140837 0.000361
4.145838 -0.000077
4.150839 -0.000421
4.155840 0.000045
4.160841 0.000318
4.165842 -0.000345
4.170843 -0.000405
4.175844 0.000292
4.180845 0.000292
4.185846 0.000033
4.190847 -0.000096
4.195848 0.000115
4.200849 0.000284
4.205850 -0.000316
4.210851 -0.000362
4.215852 0.000260
4.220853 0.000389
4.225854 0.000014
4.230855 -0.000094
4.235856 0.000280
4.240857 0.000296
4.245858 0.000042
4.250859 -0.000215
4.255860 -0.000172
4.260861 0.000158
4.265862 -0.000038
4.270863 -0.000115
4.275864 0.000083
4.280865 0.000107
4.285866 -0.000120
4.290867 -0.000363
4.295868 -0.000136
4.300869 0.000121
4.305870 -0.000180
4.310871 -0.000274
4.315872 0.000163
4.320873 0.000190
4.325874 -0.000112
4.330875 -0.000307
4.335876 0.000120
4.340877 0.000179
4.345878 -0.000254
4.350879 -0.000280
4.355880 -0.000098
4.360881 0.000251
4.365882 -0.000019
4.370883 -0.000238
4.375884 0.000013
4.380885 0.000261
4.385886 -0.000050
4.390887 -0.000333
4.395888 0.000079
4.400889 -0.000077
4.405890 -0.000130
4.410891 -0.000320
4.415892 -0.000196
4.420893 0.000351
4.425894 -0.000333
4.430895 -0.000475
4.435896 0.000101
4.440897 0.000152
4.445898 -0.000272
4.450899 -0.000393
4.455900 0.000095
4.460901 0.000127
4.465902 -0.000237
4.470903 -0.000162
4.475904 0.000179
4.480905 0.000146
4.485906 0.000109
4.490907 -0.000109
4.495908 -0.000010
4.500909 0.000469
4.505910 -0.000112
4.510911 -0.000527
4.515912 -0.000028
4.520914 0.000044
4.525915 -0.000147
4.530916 -0.000103
4.535917 -0.000048
4.540918 0.000252
4.545919 0.000007
4.550920 -0.000581
4.555921 0.000019
4.560922 0.000293
4.565923 -0.000233
4.570924 -0.000272
4.575925 -0.000007
4.580926 0.000328
4.585927 -0.000032
4.590928 -0.000484
4.595929 -0.000301
4.600930 0.000126
4.605931 0.000147
4.610932 -0.000123
4.615933 0.000275
4.620934 0.000124
4.625935 -0.000178
4.630936 -0.000060
4.635937 -0.000159
4.640938 -0.000077
4.645939 -0.000229
4.650940 -0.000363
4.655941 0.000165
4.660942 0.000083
4.665943 -0.000496
4.670944 -0.000366
4.675945 -0.000116
4.680946 0.000077
4.685947 -0.000162
4.690948 -0.000440
4.695949 -0.000101
4.700950 0.000060
4.705951 -0.000256
4.710952 -0.000299
4.715953 0.000171
4.720954 -0.000042
4.725955 -0.000364
4.730956 -0.000202
4.735957 0.000052
4.740958 0.000118
4.745959 -0.000060
4.750960 -0.000295
4.755961 -0.000328
4.760962 0.000102
4.765963 0.000036
4.770964 -0.000158
4.775965 -0.000057
4.780966 -0.000147
4.785967 -0.000119
4.790968 -0.000327
4.795969 -0.000040
4.800970 0.000276
4.805971 -0.000189
4.810972 -0.000281
4.815973 0.000075
4.820974 0.000177
4.825975 0.000001
4.830976 -0.000136
4.835977 0.000105
4.840978 0.000492
4.845979 0.000081
4.850980 -0.000181
4.855981 0.000010
4.860982 0.000258
4.865983 -0.000190
4.870984 -0.001254
4.875985 -0.000606
4.880986 0.000811
4.885987 0.001608
4.890988 0.000620
4.895989 0.001815
4.900990 0.002699
4.905991 0.000739
4.910992 -0.002858
4.915993 -0.005395
4.920994 -0.000631
4.925995 0.000397
4.930996 0.003965
4.935997 0.007640
4.940998 0.001152
4.945999 -0.002399
4.951000 -0.006548
4.956001 -0.004696
4.961002 0.000466
4.966003 0.001602
4.971004 0.002839
4.976005 0.002304
4.981006 0.007156
4.986007 0.005396
4.991008 0.001748
4.996009 0.005188
5.001011 0.006168
5.006012 0.007209
5.011013 0.006411
5.016014 0.004336
5.021015 -0.010111
5.026016 -0.028945
5.031017 -0.026391
5.036018 -0.012356
5.041019 0.003758
5.046020 0.010819
5.051021 -0.003731
5.056022 -0.008123
5.061023 -0.000892
5.066024 0.000473
5.071025 0.006800
5.076026 0.002941
5.081027 -0.002683
5.086028 0.006016
5.091029 0.005017
5.096030 -0.006215
5.101031 -0.002127
5.106032 0.009255
5.111033 0.017284
5.116034 0.015806
5.121035 0.010991
5.126036 0.011383
5.131037 -0.008034
5.136038 -0.027572
5.141039 -0.028729
5.146040 -0.010746
5.151041 0.019755
5.156042 0.034624
5.161043 0.031675
5.166044 0.016323
5.171045 0.000392
5.176046 -0.010829
5.181047 -0.030114
5.186048 -0.051512
5.191049 -0.045774
5.196050 -0.025065
5.201051 -0.007497
5.206052 0.012509
5.211053 0.025063
5.216054 0.027098
5.221055 0.026764
5.226056 0.022898
5.231057 0.012139
5.236058 0.005611
5.241059 -0.006260
5.246060 -0.006006
5.251061 0.011185
5.256062 0.008856
5.261063 -0.002757
5.266064 -0.017137
5.271065 -0.017827
5.276066 -0.012998
5.281067 -0.016577
5.286068 0.004657
5.291069 0.022789
5.296070 0.026683
5.301071 0.020133
5.306072 -0.017753
5.311073 -0.042105
5.316074 -0.033317
5.321075 -0.018677
5.326076 -0.002684
5.331077 0.023940
5.336078 0.041100
5.341079 0.026727
5.346080 -0.000442
5.351081 -0.020469
5.356082 -0.017537
5.361083 -0.006811
5.366084 -0.011501
5.371085 -0.018278
5.376086 0.004787
5.381087 0.027108
5.386088 0.006810
5.391089 -0.009890
5.396090 -0.000468
5.401091 0.022818
5.406092 0.027410
5.411093 0.003679
5.416094 -0.013968
5.421095 -0.020507
5.426096 -0.010019
5.431097 0.001010
5.436098 0.005584
5.441099 0.005487
5.446100 -0.014320
5.451101 -0.026829
5.456102 -0.014515
5.461103 0.009511
5.466104 0.029406
5.471105 0.041773
5.476107 0.048351
5.481108 0.039252
5.486109 0.004035
5.491110 -0.046027
5.496111 -0.072008
5.501112 -0.065515
5.506113 -0.032784
5.511114 0.022869
5.516115 0.059712
5.521116 0.049123
5.526117 0.003015
5.531118 -0.041992
5.536119 -0.038660
5.541120 -0.006282
5.546121 0.010650
5.551122 0.016696
5.556123 0.018786
5.561124 0.019452
5.566125 0.012902
5.571126 0.002280
5.576127 -0.005198
5.581128 -0.020758
5.586129 -0.018183
5.591130 0.014703
5.596131 0.037984
5.601132 0.030425
5.606133 0.011315
5.611134 0.003763
5.616135 -0.006398
5.621136 -0.028124
5.626137 -0.039918
5.631138 -0.028761
5.636139 -0.013915
5.641140 -0.016150
5.646141 -0.010453
5.651142 0.015156
5.656143 0.026760
5.661144 0.002182
5.666145 -0.026613
5.671146 -0.022020
5.676147 -0.009854
5.681148 0.003049
5.686149 0.023506
5.691150 0.030056
5.696151 0.033953
5.701152 0.017695
5.706153 -0.016913
5.711154 -0.022553
5.716155 -0.005761
5.721156 0.012315
5.726157 0.001459
5.731158 -0.019284
5.736159 -0.013408
5.741160 -0.003493
5.746161 0.006893
5.751162 0.017087
5.756163 0.021346
5.761164 0.017735
5.766165 0.004679
5.771166 -0.005175
5.776167 -0.009714
5.781168 -0.025784
5.786169 -0.042120
5.791170 -0.038722
5.796171 -0.013055
5.801172 0.021257
5.806173 0.048266
5.811174 0.060908
5.816175 0.038903
5.821176 0.016855
5.826177 0.017610
5.831178 0.013089
5.836179 -0.006234
5.841180 -0.024515
5.846181 -0.033092
5.851182 -0.038999
5.856183 -0.025877
5.861184 -0.007464
5.866185 0.011838
5.871186 0.020333
5.876187 0.001893
5.881188 -0.012480
5.886189 -0.012858
5.891190 0.007374
5.896191 0.023201
5.901192 0.002461
5.906193 -0.033387
5.911194 -0.046169
5.916195 -0.043960
5.921196 -0.034755
5.926197 -0.003160
5.931198 0.016647
5.936199 0.007863
5.941200 -0.002074
5.946201 0.020533
5.951203 0.039667
5.956204 0.030414
5.961205 0.037793
5.966206 0.041233
5.971207 0.023458
5.976208 0.006710
5.981209 -0.012605
5.986210 -0.037246
5.991211 -0.039810
5.996212 -0.026477
6.001213 -0.018807
6.006214 -0.006050
6.011215 0.008187
6.016216 0.020739
6.021217 0.016717
6.026218 -0.003893
6.031219 -0.014350
6.036220 -0.013671
6.041221 -0.003473
6.046222 0.007268
6.051223 0.015149
6.056224 0.021837
6.061225 0.010342
6.066226 0.002436
6.071227 0.004965
6.076228 -0.008040
6.081229 -0.036777
6.086230 -0.060878
6.091231 -0.049701
6.096232 -0.011201
6.101233 0.031458
6.106234 0.058821
6.111235 0.062452
6.116236 0.054734
6.121237 0.036886
6.126238 0.012437
6.131239 -0.016328
6.136240 -0.037396
6.141241 -0.041947
6.146242 -0.040723
6.151243 -0.026630
6.156244 -0.005688
6.161245 0.003103
6.166246 0.011729
6.171247 0.018413
6.176248 0.017885
6.181249 0.024632
6.186250 0.027139
6.191251 0.021352
6.196252 0.007698
6.201253 -0.021693
6.206254 -0.048150
6.211255 -0.053876
6.216256 -0.034396
6.221257 -0.004201
6.226258 0.013413
6.231259 0.016234
6.236260 0.009494
6.241261 -0.000015
6.246262 -0.000916
6.251263 0.006030
6.256264 0.009290
6.261265 -0.006031
6.266266 -0.034826
6.271267 -0.044601
6.276268 -0.024104
6.281269 0.006434
6.286270 0.025357
6.291271 0.031324
6.296272 0.033925
6.301273 0.039903
6.306274 0.038641
6.311275 0.016912
6.316276 0.000516
6.321277 0.003914
6.326278 0.016664
6.331279 0.023059
6.336280 0.009766
6.341281 -0.005722
6.346282 -0.011767
6.351283 -0.015444
6.356284 -0.022154
6.361285 -0.022271
6.366286 -0.009365
6.371287 0.003674
6.376288 0.005862
6.381289 0.000462
6.386290 -0.007925
6.391291 -0.022399
6.396292 -0.030909
6.401293 -0.024945
6.406294 -0.004665
6.411295 0.011922
6.416296 0.008459
6.421297 -0.000630
6.426299 -0.012421
6.431300 -0.026922
6.436301 -0.031424
6.441302 -0.017200
6.446303 0.004054
6.451304 0.023869
6.456305 0.038579
6.461306 0.033457
6.466307 0.010989
6.471308 -0.005316
6.476309 -0.003758
6.481310 0.000666
6.486311 0.000637
6.491312 -0.003205
6.496313 -0.002248
6.501314 0.008212
6.506315 0.009688
6.511316 0.000785
6.516317 -0.013669
6.521318 -0.028931
6.526319 -0.026964
6.531320 -0.008376
6.536321 0.012355
6.541322 0.026229
6.546323 0.031612
6.551324 0.026488
6.556325 0.011131
6.561326 -0.002598
6.566327 -0.016130
6.571328 -0.026988
6.576329 -0.021239
6.581330 -0.005546
6.586331 0.009451
6.591332 0.019025
6.596333 0.018094
6.601334 0.005031
6.606335 -0.007550
6.611336 -0.009375
6.616337 -0.009409
6.621338 -0.005491
6.626339 0.002311
6.631340 0.007351
6.636341 0.008519
6.641342 0.003723
6.646343 -0.002631
6.651344 -0.009753
6.656345 -0.005393
6.661346 0.014170
6.666347 0.029285
6.671348 0.026987
6.676349 0.010337
6.681350 -0.004665
6.686351 -0.013248
6.691352 -0.015453
6.696353 -0.010390
6.701354 -0.005602
6.706355 -0.006359
6.711356 -0.009518
6.716357 -0.007097
6.721358 -0.004956
6.726359 -0.010026
6.731360 -0.017648
6.736361 -0.029241
6.741362 -0.038179
6.746363 -0.043589
6.751364 -0.048425
6.756365 -0.037892
6.761366 -0.013353
6.766367 0.014571
6.771368 0.032893
6.776369 0.033090
6.781370 0.024392
6.786371 0.015673
6.791372 0.014134
6.796373 0.016807
6.801374 0.022813
6.806375 0.030369
6.811376 0.026835
6.816377 0.013482
6.821378 0.003579
6.826379 0.001896
6.831380 0.006156
6.836381 0.012780
6.841382 0.012748
6.846383 0.007195
6.851384 0.000936
6.856385 -0.003023
6.861386 -0.003861
6.866387 -0.004758
6.871388 -0.001888
6.876389 0.002635
6.881390 0.004139
6.886391 0.000222
6.891392 -0.005942
6.896393 -0.012931
6.901395 -0.021127
6.906396 -0.020249
6.911397 -0.006728
6.916398 0.010909
6.921399 0.021999
6.926400 0.027542
6.931401 0.026864
6.936402 0.009903
6.941403 -0.021713
6.946404 -0.052918
6.951405 -0.065545
6.956406 -0.052325
6.961407 -0.024013
6.966408 0.007711
6.971409 0.040290
6.976410 0.064725
6.981411 0.080213
6.986412 0.097156
6.991413 0.116706
6.996414 0.135062
7.001415 0.140084
7.006416 0.127010
7.011417 0.101596
7.016418 0.059650
7.021419 0.000285
7.026420 -0.068092
7.031421 -0.137858
7.036422 -0.200360
7.041423 -0.250305
7.046424 -0.289820
7.051425 -0.318898
7.056426 -0.335264
7.061427 -0.340000
7.066428 -0.332922
7.071429 -0.309699
7.076430 -0.263886
7.081431 -0.198101
7.086432 -0.118748
7.091433 -0.026042
7.096434 0.061436
7.101435 0.127218
7.106436 0.178208
7.111437 0.215272
7.116438 0.239435
7.121439 0.251032
7.126440 0.250677
7.131441 0.246022
7.136442 0.237462
7.141443 0.233787
7.146444 0.239300
7.151445 0.244608
7.156446 0.246142
7.161447 0.236541
7.166448 0.211137
7.171449 0.181642
7.176450 0.164278
7.181451 0.157424
7.186452 0.152937
7.191453 0.151232
7.196454 0.144089
7.201455 0.120482
7.206456 0.086242
7.211457 0.052638
7.216458 0.018085
7.221459 -0.019720
7.226460 -0.063089
7.231461 -0.113652
7.236462 -0.163888
7.241463 -0.208974
7.246464 -0.238400
7.251465 -0.246171
7.256466 -0.237403
7.261467 -0.219891
7.266468 -0.198568
7.271469 -0.163298
7.276470 -0.115504
7.281471 -0.071349
7.286472 -0.036211
7.291473 -0.002985
7.296474 0.035190
7.301475 0.080818
7.306476 0.128162
7.311477 0.166953
7.316478 0.191678
7.321479 0.194547
7.326480 0.181271
7.331481 0.162399
7.336482 0.140226
7.341483 0.114490
7.346484 0.083234
7.351485 0.052224
7.356486 0.025619
7.361487 0.003539
7.366488 -0.019429
7.371489 -0.050442
7.376491 -0.078212
7.381492 -0.086460
7.386493 -0.078047
7.391494 -0.065147
7.396495 -0.058751
7.401496 -0.064186
7.406497 -0.084131
7.411498 -0.121117
7.416499 -0.167968
7.421500 -0.221277
7.426501 -0.273401
7.431502 -0.307549
7.436503 -0.317524
7.441504 -0.301629
7.446505 -0.265526
7.451506 -0.216639
7.456507 -0.162777
7.461508 -0.118092
7.466509 -0.082155
7.471510 -0.052885
7.476511 -0.028419
7.481512 -0.000765
7.486513 0.026294
7.491514 0.048977
7.496515 0.061729
7.501516 0.061613
7.506517 0.050850
7.511518 0.034383
7.516519 0.018233
7.521520 -0.002472
7.526521 -0.024197
7.531522 -0.036132
7.536523 -0.035326
7.541524 -0.021398
7.546525 0.012863
7.551526 0.068256
7.556527 0.135741
7.561528 0.200832
7.566529 0.247882
7.571530 0.272910
7.576531 0.271316
7.581532 0.248420
7.586533 0.216156
7.591534 0.190748
7.596535 0.191383
7.601536 0.211003
7.606537 0.231587
7.611538 0.242506
7.616539 0.237122
7.621540 0.211082
7.626541 0.162945
7.631542 0.101266
7.636543 0.041120
7.641544 -0.008531
7.646545 -0.043821
7.651546 -0.062722
7.656547 -0.065701
7.661548 -0.057237
7.666549 -0.044019
7.671550 -0.027556
7.676551 -0.010735
7.681552 -0.000168
7.686553 0.007690
7.691554 0.021608
7.696555 0.038280
7.701556 0.045228
7.706557 0.030025
7.711558 -0.009045
7.716559 -0.063654
7.721560 -0.126722
7.726561 -0.191415
7.731562 -0.248232
7.736563 -0.292091
7.741564 -0.320591
7.746565 -0.333804
7.751566 -0.338023
7.756567 -0.332357
7.761568 -0.314019
7.766569 -0.285533
7.771570 -0.246955
7.776571 -0.200397
7.781572 -0.154014
7.786573 -0.115785
7.791574 -0.086779
7.796575 -0.061979
7.801576 -0.039654
7.806577 -0.022303
7.811578 -0.009268
7.816579 -0.002302
7.821580 -0.000532
7.826581 0.001989
7.831582 0.011665
7.836583 0.033857
7.841584 0.062809
7.846585 0.091184
7.851586 0.114380
7.856588 0.131115
7.861589 0.142570
7.866590 0.147512
7.871591 0.153673
7.876592 0.168839
7.881593 0.190491
7.886594 0.211989
7.891595 0.227762
7.896596 0.234606
7.901597 0.231167
7.906598 0.221231
7.911599 0.207474
7.916600 0.191474
7.921601 0.173204
7.926602 0.145585
7.931603 0.104337
7.936604 0.049747
7.941605 -0.010901
7.946606 -0.061303
7.951607 -0.087065
7.956608 -0.084201
7.961609 -0.062145
7.966610 -0.033656
7.971611 -0.007447
7.976612 0.010196
7.981613 0.015621
7.986614 0.007166
7.991615 -0.011163
7.996616 -0.034384
8.001617 -0.057075
8.006618 -0.072397
8.011619 -0.080314
8.016620 -0.086529
8.021621 -0.099720
8.026622 -0.121294
8.031623 -0.142727
8.036624 -0.153211
8.041625 -0.142592
8.046626 -0.106364
8.051627 -0.049732
8.056628 0.010065
8.061629 0.054686
8.066630 0.073438
8.071631 0.065129
8.076632 0.040156
8.081633 0.011061
8.086634 -0.011664
8.091635 -0.020137
8.096636 -0.016186
8.101637 -0.008156
8.106638 -0.003798
8.111639 -0.009319
8.116640 -0.023860
8.121641 -0.040033
8.126642 -0.050052
8.131643 -0.046389
8.136644 -0.030773
8.141645 -0.012030
8.146646 0.003101
8.151647 0.010347
8.156648 0.010459
8.161649 0.004933
8.166650 -0.002631
8.171651 -0.006872
8.176652 -0.006192
8.181653 -0.002167
8.186654 0.001303
8.191655 0.000133
8.196656 -0.004840
8.201657 -0.008882
8.206658 -0.013634
8.211659 -0.021056
8.216660 -0.027961
8.221661 -0.029115
8.226662 -0.021825
8.231663 -0.008396
8.236664 0.006803
8.241665 0.015521
8.246666 0.016156
8.251667 0.013553
8.256668 0.009889
8.261669 0.008551
8.266670 0.010823
8.271671 0.013314
8.276672 0.012212
8.281673 0.005002
8.286674 -0.009300
8.291675 -0.026834
8.296676 -0.040308
8.301677 -0.042860
8.306678 -0.031109
8.311679 -0.005845
8.316680 0.027347
8.321681 0.057605
8.326682 0.075911
8.331684 0.078165
8.336685 0.065772
8.341686 0.045413
8.346687 0.027021
8.351688 0.020645
8.356689 0.029624
8.361690 0.051065
8.366691 0.078567
8.371692 0.104084
8.376693 0.122941
8.381694 0.132451
8.386695 0.131712
8.391696 0.124430
8.396697 0.112886
8.401698 0.097041
8.406699 0.076953
8.411700 0.053241
8.416701 0.027786
8.421702 0.001016
8.426703 -0.026033
8.431704 -0.048392
8.436705 -0.060839
8.441706 -0.063840
8.446707 -0.061747
8.451708 -0.059538
8.456709 -0.060638
8.461710 -0.067577
8.466711 -0.081914
8.471712 -0.100241
8.476713 -0.118349
8.481714 -0.132502
8.486715 -0.139694
8.491716 -0.139373
8.496717 -0.130472
8.501718 -0.112214
8.506719 -0.085465
8.511720 -0.052244
8.516721 -0.018288
8.521722 0.008963
8.526723 0.025078
8.531724 0.028842
8.536725 0.023947
8.541726 0.015340
8.546727 0.007117
8.551728 0.003760
8.556729 0.005244
8.561730 0.006856
8.566731 0.006728
8.571732 0.004253
8.576733 -0.001804
8.581734 -0.011735
8.586735 -0.027850
8.591736 -0.048980
8.596737 -0.070781
8.601738 -0.089902
8.606739 -0.102296
8.611740 -0.104961
8.616741 -0.097674
8.621742 -0.082413
8.626743 -0.064095
8.631744 -0.047773
8.636745 -0.037731
8.641746 -0.036582
8.646747 -0.040713
8.651748 -0.043743
8.656749 -0.040993
8.661750 -0.029801
8.666751 -0.010985
8.671752 0.013995
8.676753 0.042568
8.681754 0.069392
8.686755 0.093098
8.691756 0.116390
8.696757 0.141980
8.701758 0.171446
8.706759 0.200749
8.711760 0.225917
8.716761 0.243445
8.721762 0.249197
8.726763 0.243712
8.731764 0.230116
8.736765 0.212231
8.741766 0.190516
8.746767 0.164553
8.751768 0.135306
8.756769 0.102756
8.761770 0.068568
8.766771 0.034331
8.771772 0.003701
8.776773 -0.020114
8.781774 -0.038324
8.786775 -0.051097
8.791776 -0.058576
8.796777 -0.061518
8.801778 -0.061637
8.806780 -0.061327
8.811781 -0.063792
8.816782 -0.071807
8.821783 -0.087011
8.826784 -0.110037
8.831785 -0.136405
8.836786 -0.163025
8.841787 -0.190060
8.846788 -0.213663
8.851789 -0.229104
8.856790 -0.235572
8.861791 -0.232222
8.866792 -0.217945
8.871793 -0.191870
8.876794 -0.155618
8.881795 -0.117430
8.886796 -0.082380
8.891797 -0.052785
8.896798 -0.032089
8.901799 -0.021197
8.906800 -0.018515
8.911801 -0.019034
8.916802 -0.016843
8.921803 -0.010258
8.926804 -0.002490
8.931805 0.004174
8.936806 0.007175
8.941807 0.005912
8.946808 0.003371
8.951809 0.003909
8.956810 0.013247
8.961811 0.032983
8.966812 0.062082
8.971813 0.096331
8.976814 0.128297
8.981815 0.149657
8.986816 0.157174
8.991817 0.153917
8.996818 0.141993
9.001819 0.124813
9.006820 0.106944
9.011821 0.092621
9.016822 0.083917
9.021823 0.078183
9.026824 0.073367
9.031825 0.070239
9.036826 0.069373
9.041827 0.071282
9.046828 0.075428
9.051829 0.078009
9.056830 0.074593
9.061831 0.061209
9.066832 0.037443
9.071833 0.010172
9.076834 -0.013535
9.081835 -0.029829
9.086836 -0.036773
9.091837 -0.034650
9.096838 -0.025325
9.101839 -0.013391
9.106840 -0.000652
9.111841 0.011730
9.116842 0.019413
9.121843 0.018280
9.126844 0.006252
9.131845 -0.014975
9.136846 -0.040270
9.141847 -0.063460
9.146848 -0.080065
9.151849 -0.085433
9.156850 -0.078254
9.161851 -0.062912
9.166852 -0.042554
9.171853 -0.018557
9.176854 0.005006
9.181855 0.022453
9.186856 0.029880
9.191857 0.025997
9.196858 0.012964
9.201859 -0.007205
9.206860 -0.030578
9.211861 -0.050969
9.216862 -0.066378
9.221863 -0.075900
9.226864 -0.079201
9.231865 -0.076530
9.236866 -0.068360
9.241867 -0.059239
9.246868 -0.052627
9.251869 -0.048317
9.256870 -0.045657
9.261871 -0.042969
9.266872 -0.038372
9.271873 -0.030340
9.276874 -0.018521
9.281876 -0.005006
9.286877 0.008841
9.291878 0.024144
9.296879 0.040545
9.301880 0.055541
9.306881 0.067523
9.311882 0.076103
9.316883 0.081673
9.321884 0.081898
9.326885 0.074771
9.331886 0.061046
9.336887 0.040714
9.341888 0.016365
9.346889 -0.008306
9.351890 -0.029451
9.356891 -0.042783
9.361892 -0.048233
9.366893 -0.045475
9.371894 -0.034357
9.376895 -0.017016
9.381896 0.004532
9.386897 0.027574
9.391898 0.051571
9.396899 0.074911
9.401900 0.094047
9.406901 0.107998
9.411902 0.115064
9.416903 0.114588
9.421904 0.108258
9.426905 0.097752
9.431906 0.085719
9.436907 0.073219
9.441908 0.059259
9.446909 0.044323
9.451910 0.030652
9.456911 0.019819
9.461912 0.011384
9.466913 0.003279
9.471914 -0.005960
9.476915 -0.017534
9.481916 -0.034323
9.486917 -0.053816
9.491918 -0.069708
9.496919 -0.078045
9.501920 -0.075793
9.506921 -0.063556
9.511922 -0.044349
9.516923 -0.022398
9.521924 -0.003754
9.526925 0.006460
9.531926 0.007130
9.536927 -0.000816
9.541928 -0.016459
9.546929 -0.036845
9.551930 -0.058465
9.556931 -0.078011
9.561932 -0.093370
9.566933 -0.102753
9.571934 -0.104282
9.576935 -0.097720
9.581936 -0.084550
9.586937 -0.067586
9.591938 -0.050390
9.596939 -0.035445
9.601940 -0.023679
9.606941 -0.016052
9.611942 -0.012100
9.616943 -0.012520
9.621944 -0.018569
9.626945 -0.028524
9.631946 -0.037403
9.636947 -0.040092
9.641948 -0.036329
9.646949 -0.026507
9.651950 -0.012022
9.656951 0.003160
9.661952 0.015061
9.666953 0.020528
9.671954 0.019806
9.676955 0.014410
9.681956 0.006312
9.686957 -0.000894
9.691958 -0.005088
9.696959 -0.005550
9.701960 -0.003543
9.706961 -0.001904
9.711962 -0.000743
9.716963 -0.000592
9.721964 -0.001323
9.726965 -0.000206
9.731966 0.005778
9.736967 0.019762
9.741968 0.040578
9.746969 0.063884
9.751970 0.086371
9.756972 0.104430
9.761973 0.115863
9.766974 0.120261
9.771975 0.118738
9.776976 0.113541
9.781977 0.104884
9.786978 0.093082
9.791979 0.079434
9.796980 0.063592
9.801981 0.045106
9.806982 0.025647
9.811983 0.007070
9.816984 -0.008647
9.821985 -0.020747
9.826986 -0.029198
9.831987 -0.032550
9.836988 -0.031220
9.841989 -0.026442
9.846990 -0.019578
9.851991 -0.011127
9.856992 0.000182
9.861993 0.013330
9.866994 0.026134
9.871995 0.037539
9.876996 0.044675
9.881997 0.044019
9.886998 0.033123
9.891999 0.011998
9.897000 -0.016055
9.902001 -0.046173
9.907002 -0.072592
9.912003 -0.091549
9.917004 -0.102413
9.922005 -0.108432
9.927006 -0.112054
9.932007 -0.113478
9.937008 -0.112024
9.942009 -0.106319
9.947010 -0.096872
9.952011 -0.083536
9.957012 -0.067727
9.962013 -0.053095
9.967014 -0.041020
9.972015 -0.032088
9.977016 -0.026116
9.982017 -0.021767
9.987018 -0.018651
9.992019 -0.014808
9.997020 -0.008651
10.002021 -0.002856
10.007022 0.001855
10.012023 0.006943
10.017024 0.012528
10.022025 0.019722
10.027026 0.029721
10.032027 0.042581
10.037028 0.057813
10.042029 0.072281
10.047030 0.082061
10.052031 0.085130
10.057032 0.080655
10.062033 0.067820
10.067034 0.047513
10.072035 0.023548
10.077036 0.001157
10.082037 -0.015245
10.087038 -0.024547
10.092039 -0.025861
10.097040 -0.020049
10.102041 -0.010537
10.107042 0.001900
10.112043 0.017119
10.117044 0.034193
10.122045 0.050611
10.127046 0.063262
10.132047 0.070065
10.137048 0.068610
10.142049 0.058305
10.147050 0.042098
10.152051 0.024716
10.157052 0.010318
10.162053 0.000331
10.167054 -0.006457
10.172055 -0.010495
10.177056 -0.012644
10.182057 -0.014762
10.187058 -0.016406
10.192059 -0.017218
10.197060 -0.017152
10.202061 -0.016649
10.207062 -0.017230
10.212063 -0.018783
10.217064 -0.022113
10.222065 -0.028061
10.227066 -0.034296
10.232068 -0.038671
10.237069 -0.039519
10.242070 -0.036637
10.247071 -0.031073
10.252072 -0.023587
10.257073 -0.015426
10.262074 -0.008366
10.267075 -0.004775
10.272076 -0.003103
10.277077 -0.002188
10.282078 -0.001753
10.287079 0.000824
10.292080 0.006690
10.297081 0.016760
10.302082 0.028974
10.307083 0.040556
10.312084 0.049472
10.317085 0.053120
10.322086 0.050447
10.327087 0.040808
10.332088 0.025878
10.337089 0.008194
10.342090 -0.009914
10.347091 -0.025939
10.352092 -0.039852
10.357093 -0.052023
10.362094 -0.063531
10.367095 -0.074445
10.372096 -0.083005
10.377097 -0.088135
10.382098 -0.089337
10.387099 -0.086223
10.392100 -0.077824
10.397101 -0.065352
10.402102 -0.051306
10.407103 -0.038909
10.412104 -0.029108
10.417105 -0.021370
10.422106 -0.018059
10.427107 -0.018644
10.432108 -0.022191
10.437109 -0.027894
10.442110 -0.034799
10.447111 -0.042069
10.452112 -0.047378
10.457113 -0.050066
10.462114 -0.050602
10.467115 -0.049077
10.472116 -0.044169
10.477117 -0.034919
10.482118 -0.021859
10.487119 -0.005351
10.492120 0.015029
10.497121 0.038222
10.502122 0.062417
10.507123 0.086643
10.512124 0.109311
10.517125 0.130594
10.522126 0.148887
10.527127 0.163175
10.532128 0.175418
10.537129 0.183752
10.542130 0.185065
10.547131 0.179561
10.552132 0.167191
10.557133 0.147712
10.562134 0.122279
10.567135 0.092973
10.572136 0.063976
10.577137 0.037060
10.582138 0.013407
10.587139 -0.004225
10.592140 -0.016231
10.597141 -0.023444
10.602142 -0.027404
10.607143 -0.030576
10.612144 -0.032904
10.617145 -0.035638
10.622146 -0.039558
10.627147 -0.042473
10.632148 -0.043795
10.637149 -0.041827
10.642150 -0.036687
10.647151 -0.031589
10.652152 -0.026246
10.657153 -0.020877
10.662154 -0.017307
10.667155 -0.014687
10.672156 -0.012487
10.677157 -0.011036
10.682158 -0.010802
10.687159 -0.012993
10.692160 -0.015866
10.697161 -0.018332
10.702162 -0.020504
10.707164 -0.021333
10.712165 -0.019817
10.717166 -0.015830
10.722167 -0.011633
10.727168 -0.008348
10.732169 -0.007018
10.737170 -0.008458
10.742171 -0.012915
10.747172 -0.020097
10.752173 -0.027732
10.757174 -0.035259
10.762175 -0.043625
10.767176 -0.052620
10.772177 -0.060222
10.777178 -0.064115
10.782179 -0.064337
10.787180 -0.062351
10.792181 -0.057983
10.797182 -0.052228
10.802183 -0.047392
10.807184 -0.043625
10.812185 -0.039369
10.817186 -0.033626
10.822187 -0.026558
10.827188 -0.018283
10.832189 -0.010019
10.837190 -0.003252
10.842191 0.000992
10.847192 0.002583
10.852193 0.004082
10.857194 0.006919
10.862195 0.009787
10.867196 0.013082
10.872197 0.017824
10.877198 0.022883
10.882199 0.026804
10.887200 0.029110
10.892201 0.030049
10.897202 0.029677
10.902203 0.027158
10.907204 0.021999
10.912205 0.015405
10.917206 0.007730
10.922207 -0.001865
10.927208 -0.013346
10.932209 -0.024943
10.937210 -0.034757
10.942211 -0.041863
10.947212 -0.044326
10.952213 -0.040705
10.957214 -0.032179
10.962215 -0.020213
10.967216 -0.006106
10.972217 0.008868
10.977218 0.023620
10.982219 0.035862
10.987220 0.044823
10.992221 0.050849
10.997222 0.054813
11.002223 0.057174
11.007224 0.058770
11.012225 0.061447
11.017226 0.064530
11.022227 0.067719
11.027228 0.070191
11.032229 0.071605
11.037230 0.072143
11.042231 0.070126
11.047232 0.064834
11.052233 0.056490
11.057234 0.045383
11.062235 0.030783
11.067236 0.013567
11.072237 -0.003753
11.077238 -0.019215
11.082239 -0.031813
11.087240 -0.040634
11.092241 -0.043888
11.097242 -0.042261
11.102243 -0.037575
11.107244 -0.032176
11.112245 -0.028528
11.117246 -0.027910
11.122247 -0.031135
11.127248 -0.037312
11.132249 -0.044480
11.137250 -0.051497
11.142251 -0.058279
11.147252 -0.064495
11.152253 -0.069669
11.157254 -0.072316
11.162255 -0.071517
11.167256 -0.067223
11.172257 -0.057793
11.177258 -0.043768
11.182259 -0.026988
11.187261 -0.009102
11.192262 0.007132
11.197263 0.020542
11.202264 0.029919
11.207265 0.035069
11.212266 0.037981
11.217267 0.039854
11.222268 0.041146
11.227269 0.042295
11.232270 0.043899
11.237271 0.045753
11.242272 0.046317
11.247273 0.045091
11.252274 0.043248
11.257275 0.040512
11.262276 0.036318
11.267277 0.030822
11.272278 0.024127
11.277279 0.017264
11.282280 0.009605
11.287281 0.001537
11.292282 -0.005458
11.297283 -0.010947
11.302284 -0.014444
11.307285 -0.016121
11.312286 -0.015666
11.317287 -0.013750
11.322288 -0.011607
11.327289 -0.010012
11.332290 -0.008618
11.337291 -0.006690
11.342292 -0.004865
11.347293 -0.003032
11.352294 -0.000446
11.357295 0.003178
11.362296 0.007222
11.367297 0.011333
11.372298 0.015213
11.377299 0.018453
11.382300 0.019756
11.387301 0.017681
11.392302 0.012877
11.397303 0.004970
11.402304 -0.004842
11.407305 -0.015047
11.412306 -0.024483
11.417307 -0.030692
11.422308 -0.033750
11.427309 -0.034689
11.432310 -0.034279
11.437311 -0.033816
11.442312 -0.035133
11.447313 -0.038953
11.452314 -0.044408
11.457315 -0.050367
11.462316 -0.056203
11.467317 -0.061152
11.472318 -0.063827
11.477319 -0.064101
11.482320 -0.062077
11.487321 -0.057779
11.492322 -0.050981
11.497323 -0.041406
11.502324 -0.029574
11.507325 -0.016115
11.512326 -0.001913
11.517327 0.012980
11.522328 0.026670
11.527329 0.036776
11.532330 0.044066
11.537331 0.048023
11.542332 0.048664
11.547333 0.047164
11.552334 0.044396
11.557335 0.041580
11.562336 0.038305
11.567337 0.034893
11.572338 0.032298
11.577339 0.030338
11.582340 0.028676
11.587341 0.026468
11.592342 0.023993
11.597343 0.021962
11.602344 0.019209
11.607345 0.015986
11.612346 0.013660
11.617347 0.012577
11.622348 0.012174
11.627349 0.012336
11.632350 0.014576
11.637351 0.019811
11.642352 0.027321
11.647353 0.036097
11.652354 0.046018
11.657355 0.055374
11.662357 0.062442
11.667358 0.066048
11.672359 0.065903
11.677360 0.063915
11.682361 0.059142
11.687362 0.051933
11.692363 0.043737
11.697364 0.033739
11.702365 0.021324
11.707366 0.005872
11.712367 -0.011576
11.717368 -0.029855
11.722369 -0.048223
11.727370 -0.065035
11.732371 -0.077525
11.737372 -0.084667
11.742373 -0.087945
11.747374 -0.087256
11.752375 -0.083359
11.757376 -0.076836
11.762377 -0.069085
11.767378 -0.061161
11.772379 -0.052006
11.777380 -0.042110
11.782381 -0.031383
11.787382 -0.020422
11.792383 -0.008763
11.797384 0.002982
11.802385 0.012148
11.807386 0.019233
11.812387 0.024219
11.817388 0.027129
11.822389 0.027988
11.827390 0.027320
11.832391 0.026507
11.837392 0.026319
11.842393 0.026961
11.847394 0.027798
11.852395 0.030252
11.857396 0.033905
11.862397 0.037081
11.867398 0.039842
11.872399 0.041147
11.877400 0.041236
11.882401 0.039393
11.887402 0.034506
11.892403 0.027812
11.897404 0.019326
11.902405 0.008572
11.907406 -0.003236
11.912407 -0.015509
11.917408 -0.027929
11.922409 -0.039666
11.927410 -0.049743
11.932411 -0.056760
11.937412 -0.060238
11.942413 -0.060658
11.947414 -0.058501
11.952415 -0.054042
11.957416 -0.047979
11.962417 -0.041157
11.967418 -0.034032
11.972419 -0.027283
11.977420 -0.021446
11.982421 -0.016762
11.987422 -0.013706
11.992423 -0.011282
11.997424 -0.008961
12.002425 -0.007275
12.007426 -0.006047
12.012427 -0.005448
12.017428 -0.006100
12.022429 -0.008323
12.027430 -0.011329
12.032431 -0.014295
12.037432 -0.016795
12.042433 -0.018236
12.047434 -0.018477
12.052435 -0.016921
12.057436 -0.012880
12.062437 -0.007356
12.067438 -0.001358
12.072439 0.005474
12.077440 0.012988
12.082441 0.020507
12.087442 0.027854
12.092443 0.035756
12.097444 0.043576
12.102445 0.049947
12.107446 0.054618
12.112447 0.058105
12.117448 0.060781
12.122449 0.061922
12.127450 0.061278
12.132451 0.059752
12.137453 0.056986
12.142454 0.052070
12.147455 0.045772
12.152456 0.038575
12.157457 0.031701
12.162458 0.024838
12.167459 0.017879
12.172460 0.013126
12.177461 0.009959
12.182462 0.008832
12.187463 0.008867
12.192464 0.010211
12.197465 0.013901
12.202466 0.017013
12.207467 0.018538
12.212468 0.017290
12.217469 0.013552
12.222470 0.007566
12.227471 -0.001598
12.232472 -0.011057
12.237473 -0.019509
12.242474 -0.027345
12.247475 -0.033099
12.252476 -0.035110
12.257477 -0.033047
12.262478 -0.027605
12.267479 -0.019525
12.272480 -0.009609
12.277481 0.001612
12.282482 0.012433
12.287483 0.021500
12.292484 0.029299
12.297485 0.034392
12.302486 0.036153
12.307487 0.034455
12.312488 0.029355
12.317489 0.022039
12.322490 0.012576
12.327491 0.002013
12.332492 -0.008337
12.337493 -0.016841
12.342494 -0.023860
12.347495 -0.030157
12.352496 -0.033838
12.357497 -0.034912
12.362498 -0.035015
12.367499 -0.034205
12.372500 -0.031836
12.377501 -0.029237
12.382502 -0.026983
12.387503 -0.025597
12.392504 -0.025303
12.397505 -0.024956
12.402506 -0.025836
12.407507 -0.027568
12.412508 -0.029065
12.417509 -0.030700
12.422510 -0.033081
12.427511 -0.035827
12.432512 -0.037549
12.437513 -0.037948
12.442514 -0.037273
12.447515 -0.036659
12.452516 -0.035328
12.457517 -0.033462
12.462518 -0.032292
12.467519 -0.031511
12.472520 -0.030974
12.477521 -0.029503
12.482522 -0.028005
12.487523 -0.026719
12.492524 -0.023883
12.497525 -0.020017
12.502526 -0.016417
12.507527 -0.013101
12.512528 -0.009805
12.517529 -0.005974
12.522530 -0.001708
12.527531 0.001975
12.532532 0.006176
12.537533 0.011010
12.542534 0.016026
12.547535 0.020345
12.552536 0.023893
12.557537 0.027318
12.562538 0.030026
12.567539 0.032545
12.572540 0.034836
12.577541 0.037018
12.582542 0.038170
12.587543 0.037464
12.592544 0.035222
12.597545 0.032038
12.602546 0.027836
12.607547 0.022726
12.612549 0.017562
12.617550 0.013002
12.622551 0.009703
12.627552 0.007436
12.632553 0.007179
12.637554 0.008041
12.642555 0.009159
12.647556 0.010036
12.652557 0.010516
12.657558 0.011957
12.662559 0.013485
12.667560 0.014475
12.672561 0.015667
12.677562 0.017962
12.682563 0.020685
12.687564 0.023443
12.692565 0.026972
12.697566 0.030743
12.702567 0.033954
12.707568 0.036347
12.712569 0.039163
12.717570 0.042613
12.722571 0.045814
12.727572 0.048773
12.732573 0.050573
12.737574 0.051227
12.742575 0.049750
12.747576 0.045051
12.752577 0.038753
12.757578 0.030472
12.762579 0.020248
12.767580 0.008638
12.772581 -0.002967
12.777582 -0.012019
12.782583 -0.019691
12.787584 -0.026153
12.792585 -0.029901
12.797586 -0.031429
12.802587 -0.032374
12.807588 -0.033602
12.812589 -0.035610
12.817590 -0.038679
12.822591 -0.042562
12.827592 -0.047761
12.832593 -0.052615
12.837594 -0.056360
12.842595 -0.059462
12.847596 -0.060571
12.852597 -0.059025
12.857598 -0.054556
12.862599 -0.048349
12.867600 -0.041902
12.872601 -0.034863
12.877602 -0.028330
12.882603 -0.023993
12.887604 -0.021491
12.892605 -0.020073
12.897606 -0.018958
12.902607 -0.019292
12.907608 -0.020793
12.912609 -0.020968
12.917610 -0.020494
12.922611 -0.019867
12.927612 -0.017812
12.932613 -0.013927
12.937614 -0.008480
12.942615 -0.002407
12.947616 0.003341
12.952617 0.009218
12.957618 0.015304
12.962619 0.020978
12.967620 0.025662
12.972621 0.029791
12.977622 0.034161
12.982623 0.036895
12.987624 0.037331
12.992625 0.036796
12.997626 0.033945
13.002627 0.028557
13.007628 0.021541
13.012629 0.013610
13.017630 0.006833
13.022631 0.001292
13.027632 -0.003035
13.032633 -0.004378
13.037634 -0.002574
13.042635 0.001574
13.047636 0.007647
13.052637 0.014912
13.057638 0.022774
13.062639 0.029783
13.067640 0.034766
13.072641 0.038594
13.077642 0.040710
13.082643 0.040528
13.087645 0.038569
13.092646 0.035580
13.097647 0.032274
13.102648 0.028082
13.107649 0.023151
13.112650 0.018093
13.117651 0.012372
13.122652 0.005572
13.127653 -0.002985
13.132654 -0.013384
13.137655 -0.024425
13.142656 -0.036043
13.147657 -0.047594
13.152658 -0.057807
13.157659 -0.066159
13.162660 -0.071837
13.167661 -0.075726
13.172662 -0.076756
13.177663 -0.074781
13.182664 -0.072108
13.187665 -0.068148
13.192666 -0.062938
13.197667 -0.056876
13.202668 -0.050510
13.207669 -0.044093
13.212670 -0.036616
13.217671 -0.028310
13.222672 -0.020189
13.227673 -0.012020
13.232674 -0.002815
13.237675 0.006627
13.242676 0.015889
13.247677 0.024490
13.252678 0.033045
13.257679 0.042010
13.262680 0.049943
13.267681 0.057898
13.272682 0.066115
13.277683 0.074786
13.282684 0.083742
13.287685 0.091546
13.292686 0.098840
13.297687 0.104144
13.302688 0.106660
13.307689 0.106461
13.312690 0.104032
13.317691 0.100037
13.322692 0.092843
13.327693 0.083036
13.332694 0.071786
13.337695 0.059157
13.342696 0.044651
13.347697 0.028729
13.352698 0.013517
13.357699 -0.000700
13.362700 -0.013574
13.367701 -0.024665
13.372702 -0.033406
13.377703 -0.038886
13.382704 -0.042725
13.387705 -0.045628
13.392706 -0.046169
13.397707 -0.044962
13.402708 -0.042780
13.407709 -0.039723
13.412710 -0.036270
13.417711 -0.031860
13.422712 -0.027813
13.427713 -0.025032
13.432714 -0.022372
13.437715 -0.020481
13.442716 -0.019374
13.447717 -0.018995
13.452718 -0.019192
13.457719 -0.019322
13.462720 -0.020357
13.467721 -0.022757
13.472722 -0.025310
13.477723 -0.027561
13.482724 -0.029920
13.487725 -0.031903
13.492726 -0.033298
13.497727 -0.033402
13.502728 -0.032604
13.507729 -0.032201
13.512730 -0.030208
13.517731 -0.026454
13.522732 -0.022765
13.527733 -0.019803
13.532734 -0.016620
13.537735 -0.013606
13.542736 -0.012168
13.547737 -0.011588
13.552738 -0.012013
13.557739 -0.012475
13.562741 -0.013444
13.567742 -0.015872
13.572743 -0.017555
13.577744 -0.018356
13.582745 -0.020030
13.587746 -0.022224
13.592747 -0.023467
13.597748 -0.024510
13.602749 -0.025800
13.607750 -0.026905
13.612751 -0.027429
13.617752 -0.026848
13.622753 -0.025997
13.627754 -0.025030
13.632755 -0.023572
13.637756 -0.021631
13.642757 -0.019095
13.647758 -0.017244
13.652759 -0.015389
13.657760 -0.012869
13.662761 -0.011099
13.667762 -0.009324
13.672763 -0.007185
13.677764 -0.003884
13.682765 0.000435
13.687766 0.005637
13.692767 0.013415
13.697768 0.023041
13.702769 0.033375
13.707770 0.044432
13.712771 0.055750
13.717772 0.067330
13.722773 0.078560
13.727774 0.088306
13.732775 0.096970
13.737776 0.104430
13.742777 0.109038
13.747778 0.110627
13.752779 0.110073
13.757780 0.107267
13.762781 0.101499
13.767782 0.092501
13.772783 0.081264
13.777784 0.068942
13.782785 0.054889
13.787786 0.039412
13.792787 0.023816
13.797788 0.009048
13.802789 -0.004637
13.807790 -0.017739
13.812791 -0.028599
13.817792 -0.037032
13.822793 -0.043783
13.827794 -0.048975
13.832795 -0.052637
13.837796 -0.054497
13.842797 -0.056111
13.847798 -0.057445
13.852799 -0.057937
13.857800 -0.057407
13.862801 -0.056642
13.867802 -0.055864
13.872803 -0.053588
13.877804 -0.049849
13.882805 -0.045280
13.887806 -0.040432
13.892807 -0.034598
13.897808 -0.027942
13.902809 -0.021786
13.907810 -0.016862
13.912811 -0.013621
13.917812 -0.011207
13.922813 -0.010494
13.927814 -0.012318
13.932815 -0.015785
13.937816 -0.020411
13.942817 -0.025711
13.947818 -0.031565
13.952819 -0.036941
13.957820 -0.040197
13.962821 -0.041471
13.967822 -0.040945
13.972823 -0.038159
13.977824 -0.033116
13.982825 -0.026943
13.987826 -0.020730
13.992827 -0.014575
13.997828 -0.007925
14.002829 -0.002076
14.007830 0.002433
14.012831 0.006527
14.017832 0.009716
14.022833 0.012162
14.027834 0.014014
14.032835 0.015720
14.037836 0.017622
14.042838 0.019307
14.047839 0.020699
14.052840 0.021416
14.057841 0.022175
14.062842 0.022084
14.067843 0.020890
14.072844 0.019294
14.077845 0.017706
14.082846 0.016457
14.087847 0.014613
14.092848 0.014124
14.097849 0.015155
14.102850 0.016643
14.107851 0.018529
14.112852 0.020561
14.117853 0.023286
14.122854 0.024800
14.127855 0.024588
14.132856 0.023661
14.137857 0.021457
14.142858 0.018528
14.147859 0.015000
14.152860 0.011433
14.157861 0.009139
14.162862 0.007492
14.167863 0.006745
14.172864 0.008010
14.177865 0.010419
14.182866 0.013221
14.187867 0.016415
14.192868 0.019456
14.197869 0.022401
14.202870 0.024158
14.207871 0.024337
14.212872 0.023636
14.217873 0.021626
14.222874 0.018755
14.227875 0.014657
14.232876 0.010110
14.237877 0.006077
14.242878 0.001563
14.247879 -0.003120
14.252880 -0.007006
14.257881 -0.009621
14.262882 -0.011592
14.267883 -0.013350
14.272884 -0.014032
14.277885 -0.013398
14.282886 -0.012345
14.287887 -0.011591
14.292888 -0.010172
14.297889 -0.007730
14.302890 -0.005140
14.307891 -0.002278
14.312892 0.000742
14.317893 0.004731
14.322894 0.008680
14.327895 0.011433
14.332896 0.014435
14.337897 0.016472
14.342898 0.016786
14.347899 0.015849
14.352900 0.013847
14.357901 0.011677
14.362902 0.008690
14.367903 0.004695
14.372904 0.001513
14.377905 -0.000526
14.382906 -0.002264
14.387907 -0.004128
14.392908 -0.005605
14.397909 -0.006413
14.402910 -0.008216
14.407911 -0.011913
14.412912 -0.016903
14.417913 -0.022672
14.422914 -0.029981
14.427915 -0.039119
14.432916 -0.048697
14.437917 -0.058349
14.442918 -0.067781
14.447919 -0.076509
14.452920 -0.082873
14.457921 -0.086240
14.462922 -0.086793
14.467923 -0.084170
14.472924 -0.078609
14.477925 -0.070196
14.482926 -0.060249
14.487927 -0.049934
14.492928 -0.039640
14.497929 -0.028973
14.502930 -0.018751
14.507931 -0.010071
14.512932 -0.001543
14.517934 0.006864
14.522935 0.013896
14.527936 0.019564
14.532937 0.024647
14.537938 0.029059
14.542939 0.032555
14.547940 0.035592
14.552941 0.038954
14.557942 0.043095
14.562943 0.047580
14.567944 0.052527
14.572945 0.058065
14.577946 0.064374
14.582947 0.070893
14.587948 0.076309
14.592949 0.080772
14.597950 0.084738
14.602951 0.086966
14.607952 0.087250
14.612953 0.086471
14.617954 0.084437
14.622955 0.080766
14.627956 0.074468
14.632957 0.066414
14.637958 0.057384
14.642959 0.046540
14.647960 0.034543
14.652961 0.022424
14.657962 0.010443
14.662963 -0.001567
14.667964 -0.013835
14.672965 -0.025995
14.677966 -0.036673
14.682967 -0.047095
14.687968 -0.057582
14.692969 -0.066281
14.697970 -0.073356
14.702971 -0.078405
14.707972 -0.082227
14.712973 -0.084128
14.717974 -0.083532
14.722975 -0.082736
14.727976 -0.080854
14.732977 -0.077533
14.737978 -0.073456
14.742979 -0.068252
14.747980 -0.062626
14.752981 -0.055875
14.757982 -0.047683
14.762983 -0.039508
14.767984 -0.030815
14.772985 -0.021358
14.777986 -0.011000
14.782987 -0.000001
14.787988 0.010516
14.792989 0.021711
14.797990 0.033038
14.802991 0.043099
14.807992 0.052142
14.812993 0.060194
14.817994 0.066241
14.822995 0.070274
14.827996 0.072097
14.832997 0.071530
14.837998 0.069782
14.842999 0.066041
14.848000 0.060619
14.853001 0.054611
14.858002 0.048037
14.863003 0.041175
14.868004 0.033995
14.873005 0.027126
14.878006 0.020548
14.883007 0.013739
14.888008 0.006672
14.893009 0.000485
14.898010 -0.004656
14.903011 -0.009040
14.908012 -0.012500
14.913013 -0.014831
14.918014 -0.015353
14.923015 -0.015548
14.928016 -0.016444
14.933017 -0.017279
14.938018 -0.018777
14.943019 -0.021957
14.948020 -0.026585
14.953021 -0.031896
14.958022 -0.036831
14.963023 -0.041409
14.968024 -0.046102
14.973025 -0.049219
14.978026 -0.049775
14.983027 -0.048893
14.988028 -0.046348
14.993030 -0.041207
14.998031 -0.033792
15.003032 -0.025053
15.008033 -0.016171
15.013034 -0.007202
15.018035 0.001703
15.023036 0.009477
15.028037 0.015507
15.033038 0.020431
15.038039 0.024864
15.043040 0.028157
15.048041 0.029913
15.053042 0.030667
15.058043 0.031644
15.063044 0.031804
15.068045 0.030264
15.073046 0.028532
15.078047 0.026638
15.083048 0.024016
15.088049 0.020823
15.093050 0.017739
15.098051 0.014659
15.103052 0.011516
15.108053 0.008334
15.113054 0.004950
15.118055 0.001924
15.123056 -0.001532
15.128057 -0.005172
15.133058 -0.008379
15.138059 -0.011432
15.143060 -0.014168
15.148061 -0.017662
15.153062 -0.020523
15.158063 -0.022645
15.163064 -0.024848
15.168065 -0.026502
15.173066 -0.027793
15.178067 -0.027129
15.183068 -0.025504
15.188069 -0.023376
15.193070 -0.019547
15.198071 -0.014459
15.203072 -0.009161
15.208073 -0.004600
15.213074 -0.000376
15.218075 0.003371
15.223076 0.005870
15.228077 0.006603
15.233078 0.006578
15.238079 0.006332
15.243080 0.005065
15.248081 0.003295
15.253082 0.001844
15.258083 0.001137
15.263084 0.000382
15.268085 -0.000460
15.273086 -0.000670
15.278087 -0.000791
15.283088 -0.001392
15.288089 -0.002470
15.293090 -0.004264
15.298091 -0.005708
15.303092 -0.007419
15.308093 -0.010427
15.313094 -0.012613
15.318095 -0.014115
15.323096 -0.015402
15.328097 -0.015731
15.333098 -0.014923
15.338099 -0.012696
15.343100 -0.009026
15.348101 -0.004611
15.353102 0.000374
15.358103 0.006455
15.363104 0.012162
15.368105 0.016946
15.373106 0.021504
15.378107 0.025913
15.383108 0.030194
15.388109 0.033245
15.393110 0.035963
15.398111 0.039130
15.403112 0.041183
15.408113 0.042534
15.413114 0.043564
15.418115 0.044858
15.423116 0.046340
15.428117 0.046717
15.433118 0.046720
15.438119 0.046204
15.443120 0.044513
15.448121 0.041241
15.453122 0.036514
15.458123 0.031096
15.463124 0.024510
15.468126 0.016419
15.473127 0.007771
15.478128 -0.000634
15.483129 -0.009305
15.488130 -0.018365
15.493131 -0.026669
15.498132 -0.033356
15.503133 -0.038921
15.508134 -0.044006
15.513135 -0.047633
15.518136 -0.049573
15.523137 -0.050662
15.528138 -0.051407
15.533139 -0.051309
15.538140 -0.049564
15.543141 -0.047821
15.548142 -0.045973
15.553143 -0.043226
15.558144 -0.040041
15.563145 -0.036189
15.568146 -0.033265
15.573147 -0.030108
15.578148 -0.026623
15.583149 -0.023954
15.588150 -0.021687
15.593151 -0.020065
15.598152 -0.018379
15.603153 -0.017123
15.608154 -0.016944
15.613155 -0.016950
15.618156 -0.016085
15.623157 -0.014897
15.628158 -0.013754
15.633159 -0.011832
15.638160 -0.009245
15.643161 -0.006459
15.648162 -0.003768
15.653163 -0.000993
15.658164 0.001853
15.663165 0.004349
15.668166 0.006411
15.673167 0.008163
15.678168 0.009627
15.683169 0.010829
15.688170 0.012227
15.693171 0.013530
15.698172 0.015112
15.703173 0.017630
15.708174 0.019373
15.713175 0.021624
15.718176 0.024641
15.723177 0.026947
15.728178 0.029161
15.733179 0.030835
15.738180 0.033118
15.743181 0.035239
15.748182 0.035968
15.753183 0.036857
15.758184 0.038252
15.763185 0.039315
15.768186 0.039855
15.773187 0.040540
15.778188 0.041049
15.783189 0.041088
15.788190 0.039601
15.793191 0.037231
15.798192 0.034680
15.803193 0.030516
15.808194 0.025351
15.813195 0.019599
15.818196 0.013503
15.823197 0.007218
15.828198 0.000490
15.833199 -0.005657
15.838200 -0.011238
15.843201 -0.016223
15.848202 -0.020355
15.853203 -0.023453
15.858204 -0.024978
15.863205 -0.026333
15.868206 -0.027271
15.873207 -0.027002
15.878208 -0.026506
15.883209 -0.025377
15.888210 -0.024093
15.893211 -0.022625
15.898212 -0.019840
15.903213 -0.016619
15.908214 -0.013427
15.913215 -0.009512
15.918216 -0.005450
15.923217 -0.001661
15.928218 0.001559
15.933219 0.004201
15.938220 0.006362
15.943222 0.007084
15.948223 0.006384
15.953224 0.005072
15.958225 0.003806
15.963226 0.001909
15.968227 -0.000755
15.973228 -0.003122
15.978229 -0.005110
15.983230 -0.006771
15.988231 -0.008427
15.993232 -0.009708
15.998233 -0.010266
16.003234 -0.011233
16.008235 -0.012727
16.013236 -0.013929
16.018237 -0.014657
16.023238 -0.015237
16.028239 -0.016114
16.033240 -0.017076
16.038241 -0.018105
16.043242 -0.019353
16.048243 -0.021336
16.053244 -0.023241
16.058245 -0.024482
16.063246 -0.025955
16.068247 -0.027212
16.073248 -0.027572
16.078249 -0.026585
16.083250 -0.025323
16.088251 -0.024033
16.093252 -0.021134
16.098253 -0.016909
16.103254 -0.012716
16.108255 -0.008497
16.113256 -0.003817
16.118257 0.001187
16.123258 0.006164
16.128259 0.010289
16.133260 0.014251
16.138261 0.018703
16.143262 0.022647
16.148263 0.026022
16.153264 0.029281
16.158265 0.032567
16.163266 0.035308
16.168267 0.036677
16.173268 0.037854
16.178269 0.039369
16.183270 0.039724
16.188271 0.039051
16.193272 0.037943
16.198273 0.036627
16.203274 0.034570
16.208275 0.031144
16.213276 0.027540
16.218277 0.023979
16.223278 0.020050
16.228279 0.016020
16.233280 0.012472
16.238281 0.009894
16.243282 0.008028
16.248283 0.006403
16.253284 0.005332
16.258285 0.005817
16.263286 0.006483
16.268287 0.006895
16.273288 0.007569
16.278289 0.007792
16.283290 0.008010
16.288291 0.006573
16.293292 0.003928
16.298293 0.001216
16.303294 -0.003100
16.308295 -0.008566
16.313296 -0.014758
16.318297 -0.020683
16.323298 -0.026363
16.328299 -0.032549
16.333300 -0.037813
16.338301 -0.042516
16.343302 -0.046785
16.348303 -0.050552
16.353304 -0.053611
16.358305 -0.054863
16.363306 -0.055496
16.368307 -0.055482
16.373308 -0.053545
16.378309 -0.050159
16.383310 -0.046281
16.388311 -0.042349
16.393312 -0.037981
16.398313 -0.033162
16.403314 -0.028892
16.408315 -0.025434
16.413316 -0.021732
16.418318 -0.017872
16.423319 -0.014418
16.428320 -0.011003
16.433321 -0.007166
16.438322 -0.002822
16.443323 0.001667
16.448324 0.005735
16.453325 0.009732
16.458326 0.013985
16.463327 0.017983
16.468328 0.021167
16.473329 0.024265
16.478330 0.028325
16.483331 0.032266
16.488332 0.035646
16.493333 0.039628
16.498334 0.043926
16.503335 0.048176
16.508336 0.051726
16.513337 0.054552
16.518338 0.057994
16.523339 0.060534
16.528340 0.061445
16.533341 0.062116
16.538342 0.062462
16.543343 0.061492
16.548344 0.059492
16.553345 0.057113
16.558346 0.054106
16.563347 0.050287
16.568348 0.045401
16.573349 0.040783
16.578350 0.036385
16.583351 0.030623
16.588352 0.024249
16.593353 0.017705
16.598354 0.011057
16.603355 0.004173
16.608356 -0.003216
16.613357 -0.010103
16.618358 -0.016137
16.623359 -0.022462
16.628360 -0.028918
16.633361 -0.034670
16.638362 -0.039812
16.643363 -0.044156
16.648364 -0.048650
16.653365 -0.052536
16.658366 -0.054653
16.663367 -0.056470
16.668368 -0.057918
16.673369 -0.058516
16.678370 -0.058205
16.683371 -0.057046
16.688372 -0.055881
16.693373 -0.053834
16.698374 -0.050593
16.703375 -0.047035
16.708376 -0.042755
16.713377 -0.038511
16.718378 -0.033816
16.723379 -0.028787
16.728380 -0.024583
16.733381 -0.020071
16.738382 -0.015500
16.743383 -0.011129
16.748384 -0.007171
16.753385 -0.003437
16.758386 0.000787
16.763387 0.003956
16.768388 0.006441
16.773389 0.009271
16.778390 0.012849
16.783391 0.016511
16.788392 0.019488
16.793393 0.023092
16.798394 0.027122
16.803395 0.031065
16.808396 0.034360
16.813397 0.036975
16.818398 0.039334
16.823399 0.040120
16.828400 0.039604
16.833401 0.037712
16.838402 0.034238
16.843403 0.029264
16.848404 0.022517
16.853405 0.015336
16.858406 0.008337
16.863407 0.000343
16.868408 -0.008067
16.873409 -0.015322
16.878410 -0.021850
16.883411 -0.027405
16.888412 -0.032029
16.893414 -0.035790
16.898415 -0.037836
16.903416 -0.038550
16.908417 -0.038537
16.913418 -0.038149
16.918419 -0.036274
16.923420 -0.033558
16.928421 -0.030930
16.933422 -0.027308
16.938423 -0.022660
16.943424 -0.017336
16.948425 -0.012263
16.953426 -0.006936
16.958427 -0.000622
16.963428 0.005642
16.968429 0.011745
16.973430 0.017551
16.978431 0.023416
16.983432 0.028864
16.988433 0.033242
16.993434 0.036947
16.998435 0.040143
17.003436 0.042508
17.008437 0.043572
17.013438 0.044380
17.018439 0.045052
17.023440 0.044370
17.028441 0.043008
17.033442 0.041553
17.038443 0.039610
17.043444 0.037183
17.048445 0.034105
17.053446 0.030776
17.058447 0.027683
17.063448 0.024339
17.068449 0.019808
17.073450 0.015471
17.078451 0.011947
17.083452 0.007910
17.088453 0.003805
17.093454 -0.000062
17.098455 -0.003223
17.103456 -0.006301
17.108457 -0.009558
17.113458 -0.012316
17.118459 -0.014483
17.123460 -0.016448
17.128461 -0.019151
17.133462 -0.021316
17.138463 -0.022617
17.143464 -0.024151
17.148465 -0.025814
17.153466 -0.026981
17.158467 -0.027076
17.163468 -0.026945
17.168469 -0.026404
17.173470 -0.024630
17.178471 -0.021906
17.183472 -0.018731
17.188473 -0.015478
17.193474 -0.012149
17.198475 -0.008461
17.203476 -0.004704
17.208477 -0.002057
17.213478 0.000186
17.218479 0.002519
17.223480 0.003950
17.228481 0.004197
17.233482 0.003609
17.238483 0.003129
17.243484 0.001734
17.248485 -0.001058
17.253486 -0.003622
17.258487 -0.006039
17.263488 -0.008426
17.268489 -0.011116
17.273490 -0.013625
17.278491 -0.014683
17.283492 -0.015607
17.288493 -0.017049
17.293494 -0.017457
17.298495 -0.016857
17.303496 -0.016364
17.308497 -0.015835
17.313498 -0.014879
17.318499 -0.013341
17.323500 -0.011797
17.328501 -0.010441
17.333502 -0.008701
17.338503 -0.006281
17.343504 -0.003572
17.348505 -0.001596
17.353506 0.000853
17.358507 0.004337
17.363508 0.007195
17.368509 0.009910
17.373511 0.013155
17.378512 0.016644
17.383513 0.020099
17.388514 0.022812
17.393515 0.025227
17.398516 0.028050
17.403517 0.029730
17.408518 0.029851
17.413519 0.029408
17.418520 0.028362
17.423521 0.026384
17.428522 0.023189
17.433523 0.019860
17.438524 0.016667
17.443525 0.013158
17.448526 0.009580
17.453527 0.006132
17.458528 0.003765
17.463529 0.001295
17.468530 -0.001964
17.473531 -0.004716
17.478532 -0.007204
17.483533 -0.010104
17.488534 -0.013755
17.493535 -0.017449
17.498536 -0.020290
17.503537 -0.023019
17.508538 -0.025818
17.513539 -0.027489
17.518540 -0.027615
17.523541 -0.027175
17.528542 -0.026106
17.533543 -0.023341
17.538544 -0.019407
17.543545 -0.014949
17.548546 -0.009864
17.553547 -0.003686
17.558548 0.003246
17.563549 0.009167
17.568550 0.014478
17.573551 0.019829
17.578552 0.024385
17.583553 0.027845
17.588554 0.029939
17.593555 0.030988
17.598556 0.031181
17.603557 0.029904
17.608558 0.027497
17.613559 0.024593
17.618560 0.021770
17.623561 0.018750
17.628562 0.014887
17.633563 0.010560
17.638564 0.006579
17.643565 0.002855
17.648566 -0.001929
17.653567 -0.007056
17.658568 -0.011511
17.663569 -0.015825
17.668570 -0.020184
17.673571 -0.023986
17.678572 -0.026037
17.683573 -0.027594
17.688574 -0.028964
17.693575 -0.028898
17.698576 -0.027927
17.703577 -0.026218
17.708578 -0.024342
17.713579 -0.022153
17.718580 -0.019096
17.723581 -0.016562
17.728582 -0.014848
17.733583 -0.013213
17.738584 -0.011452
17.743585 -0.009728
17.748586 -0.008720
17.753587 -0.007211
17.758588 -0.005109
17.763589 -0.003410
17.768590 -0.001707
17.773591 0.000173
17.778592 0.002756
17.783593 0.005481
17.788594 0.007989
17.793595 0.011014
17.798596 0.014723
17.803597 0.017820
17.808598 0.020034
17.813599 0.022208
17.818600 0.024160
17.823601 0.025500
17.828602 0.025565
17.833603 0.024295
17.838604 0.023342
17.843605 0.021766
17.848607 0.018537
17.853608 0.015198
17.858609 0.011448
17.863610 0.007332
17.868611 0.002816
17.873612 -0.001849
17.878613 -0.005465
17.883614 -0.008613
17.888615 -0.012336
17.893616 -0.015841
17.898617 -0.018039
17.903618 -0.020205
17.908619 -0.022559
17.913620 -0.024404
17.918621 -0.025018
17.923622 -0.025098
17.928623 -0.024840
17.933624 -0.023306
17.938625 -0.020862
17.943626 -0.017286
17.948627 -0.013256
17.953628 -0.008761
17.958629 -0.003401
17.963630 0.002147
17.968631 0.007152
17.973632 0.011846
17.978633 0.016849
17.983634 0.020902
17.988635 0.023587
17.993636 0.025476
17.998637 0.026679
18.003638 0.026683
18.008639 0.025191
18.013640 0.023135
18.018641 0.021220
18.023642 0.018702
18.028643 0.015620
18.033644 0.013012
18.038645 0.010595
18.043646 0.008260
18.048647 0.005803
18.053648 0.003264
18.058649 0.001753
18.063650 0.000398
18.068651 -0.001332
18.073652 -0.002466
18.078653 -0.003080
18.083654 -0.003467
18.088655 -0.004162
18.093656 -0.004978
18.098657 -0.005269
18.103658 -0.005361
18.108659 -0.005396
18.113660 -0.005043
18.118661 -0.003779
18.123662 -0.002360
18.128663 -0.001639
18.133664 -0.000494
18.138665 0.001180
18.143666 0.002810
18.148667 0.004330
18.153668 0.005489
18.158669 0.007531
18.163670 0.009570
18.168671 0.010109
18.173672 0.010520
18.178673 0.010554
18.183674 0.009960
18.188675 0.008487
18.193676 0.006397
18.198677 0.004817
18.203678 0.002699
18.208679 -0.000106
18.213680 -0.002984
18.218681 -0.005852
18.223682 -0.008481
18.228683 -0.011416
18.233684 -0.014185
18.238685 -0.016002
18.243686 -0.017650
18.248687 -0.018675
18.253688 -0.018851
18.258689 -0.018563
18.263690 -0.017648
18.268691 -0.016888
18.273692 -0.015354
18.278693 -0.012644
18.283694 -0.009774
18.288695 -0.006877
18.293696 -0.004190
18.298697 -0.001407
18.303698 0.001277
18.308699 0.003166
18.313700 0.004578
18.318701 0.005946
18.323703 0.006816
18.328704 0.006899
18.333705 0.006520
18.338706 0.005941
18.343707 0.005258
18.348708 0.003508
18.353709 0.001356
18.358710 -0.000331
18.363711 -0.002490
18.368712 -0.005035
18.373713 -0.007662
18.378714 -0.009983
18.383715 -0.011722
18.388716 -0.013636
18.393717 -0.015945
18.398718 -0.017457
18.403719 -0.018749
18.408720 -0.020181
18.413721 -0.020687
18.418722 -0.020435
18.423723 -0.019254
18.428724 -0.017837
18.433725 -0.016101
18.438726 -0.012918
18.443727 -0.009641
18.448728 -0.006505
18.453729 -0.003029
18.458730 0.000625
18.463731 0.004636
18.468732 0.007954
18.473733 0.010713
18.478734 0.014020
18.483735 0.016662
18.488736 0.018223
18.493737 0.019655
18.498738 0.020733
18.503739 0.021328
18.508740 0.021503
18.513741 0.021336
18.518742 0.022049
18.523743 0.022684
18.528744 0.022659
18.533745 0.023561
18.538746 0.024447
18.543747 0.025363
18.548748 0.026348
18.553749 0.027130
18.558750 0.028257
18.563751 0.028064
18.568752 0.026546
18.573753 0.024507
18.578754 0.021700
18.583755 0.017888
18.588756 0.012609
18.593757 0.007147
18.598758 0.002089
18.603759 -0.003252
18.608760 -0.008931
18.613761 -0.014318
18.618762 -0.018106
18.623763 -0.021028
18.628764 -0.023451
18.633765 -0.024537
18.638766 -0.024698
18.643767 -0.023808
18.648768 -0.022406
18.653769 -0.020979
18.658770 -0.019004
18.663771 -0.016990
18.668772 -0.015606
18.673773 -0.014422
18.678774 -0.013355
18.683775 -0.013136
18.688776 -0.013678
18.693777 -0.014293
18.698778 -0.015026
18.703779 -0.015973
18.708780 -0.017246
18.713781 -0.018047
18.718782 -0.017710
18.723783 -0.017055
18.728784 -0.015653
18.733785 -0.013142
18.738786 -0.009304
18.743787 -0.004720
18.748788 -0.000273
18.753789 0.004630
18.758790 0.010046
18.763791 0.015401
18.768792 0.019427
18.773793 0.022953
18.778794 0.026449
18.783795 0.028523
18.788796 0.029550
18.793797 0.029680
18.798799 0.029341
18.803800 0.028350
18.808801 0.026004
18.813802 0.023141
18.818803 0.020331
18.823804 0.016982
18.828805 0.012846
18.833806 0.008565
18.838807 0.004200
18.843808 0.000059
18.848809 -0.004289
18.853810 -0.008700
18.858811 -0.012132
18.863812 -0.015170
18.868813 -0.018280
18.873814 -0.021035
18.878815 -0.022614
18.883816 -0.023776
18.888817 -0.024977
18.893818 -0.025332
18.898819 -0.024686
18.903820 -0.023155
18.908821 -0.021997
18.913822 -0.020117
18.918823 -0.017138
18.923824 -0.014584
18.928825 -0.012236
18.933826 -0.010097
18.938827 -0.007383
18.943828 -0.004767
18.948829 -0.003568
18.953830 -0.002039
18.958831 0.000137
18.963832 0.001397
18.968833 0.002226
18.973834 0.003301
18.978835 0.004694
18.983836 0.006410
18.988837 0.007431
18.993838 0.008536
18.998839 0.010370
19.003840 0.012267
19.008841 0.014133
19.013842 0.015613
19.018843 0.017466
19.023844 0.019563
19.028845 0.020958
19.033846 0.022169
19.038847 0.024062
19.043848 0.025518
19.048849 0.025970
19.053850 0.026797
19.058851 0.027433
19.063852 0.027778
19.068853 0.027357
19.073854 0.026334
19.078855 0.025948
19.083856 0.024528
19.088857 0.022362
19.093858 0.020296
19.098859 0.017999
19.103860 0.015150
19.108861 0.011289
19.113862 0.007707
19.118863 0.004083
19.123864 0.000126
19.128865 -0.004149
19.133866 -0.008492
19.138867 -0.011942
19.143868 -0.015558
19.148869 -0.019309
19.153870 -0.022406
19.158871 -0.024909
19.163872 -0.026981
19.168873 -0.029290
19.173874 -0.030858
19.178875 -0.031393
19.183876 -0.031504
19.188877 -0.031653
19.193878 -0.031264
19.198879 -0.029430
19.203880 -0.027576
19.208881 -0.025888
19.213882 -0.023514
19.218883 -0.020774
19.223884 -0.018310
19.228885 -0.016209
19.233886 -0.014006
19.238887 -0.011404
19.243888 -0.008763
19.248889 -0.006618
19.253890 -0.004533
19.258891 -0.002451
19.263892 -0.000649
19.268893 0.000679
19.273895 0.001819
19.278896 0.003008
19.283897 0.003864
19.288898 0.004473
19.293899 0.004303
19.298900 0.004616
19.303901 0.005034
19.308902 0.004302
19.313903 0.004195
19.318904 0.004644
19.323905 0.004993
19.328906 0.004806
19.333907 0.004446
19.338908 0.004926
19.343909 0.005204
19.348910 0.004644
19.353911 0.004185
19.358912 0.004071
19.363913 0.004018
19.368914 0.003422
19.373915 0.002324
19.378916 0.002192
19.383917 0.001989
19.388918 0.000989
19.393919 0.000577
19.398920 0.000746
19.403921 0.000935
19.408922 0.000656
19.413923 0.000242
19.418924 0.000598
19.423925 0.001185
19.428926 0.001300
19.433927 0.001851
19.438928 0.002730
19.443929 0.003370
19.448930 0.003728
19.453931 0.003752
19.458932 0.004071
19.463933 0.003988
19.468934 0.003200
19.473935 0.002862
19.478936 0.003006
19.483937 0.003174
19.488938 0.002964
19.493939 0.003106
19.498940 0.004242
19.503941 0.005620
19.508942 0.006851
19.513943 0.008596
19.518944 0.011196
19.523945 0.013619
19.528946 0.016007
19.533947 0.018321
19.538948 0.020864
19.543949 0.023444
19.548950 0.024947
19.553951 0.026300
19.558952 0.027736
19.563953 0.028760
19.568954 0.028555
19.573955 0.027439
19.578956 0.026080
19.583957 0.024047
19.588958 0.020443
19.593959 0.016378
19.598960 0.012837
19.603961 0.008181
19.608962 0.002949
19.613963 -0.002191
19.618964 -0.007255
19.623965 -0.011827
19.628966 -0.016806
19.633967 -0.021221
19.638968 -0.024580
19.643969 -0.027663
19.648970 -0.030200
19.653971 -0.032632
19.658972 -0.034333
19.663973 -0.035495
19.668974 -0.036603
19.673975 -0.036833
19.678976 -0.036665
19.683977 -0.036427
19.688978 -0.035910
19.693979 -0.034675
19.698980 -0.032774
19.703981 -0.030810
19.708982 -0.029115
19.713983 -0.027227
19.718984 -0.024255
19.723985 -0.021401
19.728986 -0.019092
19.733987 -0.016253
19.738988 -0.013088
19.743989 -0.010199
19.748991 -0.007841
19.753992 -0.005693
19.758993 -0.003036
19.763994 -0.000576
19.768995 0.001593
19.773996 0.004395
19.778997 0.007654
19.783998 0.011091
19.788999 0.014157
19.794000 0.017676
19.799001 0.021617
19.804002 0.025545
19.809003 0.029226
19.814004 0.032004
19.819005 0.034874
19.824006 0.037073
19.829007 0.037773
19.834008 0.038008
19.839009 0.037774
19.844010 0.036185
19.849011 0.033808
19.854012 0.031296
19.859013 0.028042
19.864014 0.024434
19.869015 0.020167
19.874016 0.015150
19.879017 0.010801
19.884018 0.006882
19.889019 0.001762
19.894020 -0.002987
19.899021 -0.006124
19.904022 -0.009309
19.909023 -0.012290
19.914024 -0.014637
19.919025 -0.015865
19.924026 -0.016247
19.929027 -0.017069
19.934028 -0.016893
19.939029 -0.015575
19.944030 -0.014600
19.949031 -0.013725
19.954032 -0.012299
19.959033 -0.010655
19.964034 -0.009023
19.969035 -0.007833
19.974036 -0.006740
19.979037 -0.005175
19.984038 -0.003972
19.989039 -0.003417
19.994040 -0.002945
19.999041 -0.002215
20.004042 -0.001744
20.009043 -0.001876
20.014044 -0.002627
20.019045 -0.002767
20.024046 -0.002369
20.029047 -0.003112
20.034048 -0.004236
20.039049 -0.004759
20.044050 -0.005147
20.049051 -0.005826
20.054052 -0.006471
20.059053 -0.006373
20.064054 -0.005924
20.069055 -0.006149
20.074056 -0.006027
20.079057 -0.005153
20.084058 -0.004953
20.089059 -0.004917
20.094060 -0.004257
20.099061 -0.003119
20.104062 -0.002047
20.109063 -0.001629
20.114064 -0.001021
20.119065 0.000197
20.124066 0.001170
20.129067 0.001968
20.134068 0.002910
20.139069 0.004626
20.144070 0.006526
20.149071 0.007703
20.154072 0.009457
20.159073 0.011514
20.164074 0.012935
20.169075 0.013647
20.174076 0.013919
20.179077 0.014056
20.184078 0.013590
20.189079 0.012261
20.194080 0.010283
20.199081 0.008458
20.204082 0.006414
20.209083 0.003197
20.214084 -0.000308
20.219085 -0.002952
20.224086 -0.005632
20.229088 -0.009015
20.234089 -0.011564
20.239090 -0.013604
20.244091 -0.015285
20.249092 -0.016654
20.254093 -0.017999
20.259094 -0.018136
20.264095 -0.018054
20.269096 -0.017826
20.274097 -0.016859
20.279098 -0.015094
20.284099 -0.012796
20.289100 -0.010712
20.294101 -0.007885
20.299102 -0.004530
20.304103 -0.001437
20.309104 0.001419
20.314105 0.004418
20.319106 0.007938
20.324107 0.011119
20.329108 0.013559
20.334109 0.016019
20.339110 0.018434
20.344111 0.020341
20.349112 0.021318
20.354113 0.022081
20.359114 0.023336
20.364115 0.023429
20.369116 0.022547
20.374117 0.021683
20.379118 0.020995
20.384119 0.019687
20.389120 0.017303
20.394121 0.015062
20.399122 0.013173
20.404123 0.011210
20.409124 0.008242
20.414125 0.005379
20.419126 0.003171
20.424127 0.000154
20.429128 -0.002754
20.434129 -0.005875
20.439130 -0.008553
20.444131 -0.010912
20.449132 -0.014392
20.454133 -0.017100
20.459134 -0.019354
20.464135 -0.021540
20.469136 -0.023851
20.474137 -0.026128
20.479138 -0.027289
20.484139 -0.028234
20.489140 -0.029276
20.494141 -0.030038
20.499142 -0.029436
20.504143 -0.028519
20.509144 -0.027548
20.514145 -0.025176
20.519146 -0.022032
20.524147 -0.018352
20.529148 -0.014629
20.534149 -0.010479
20.539150 -0.005713
20.544151 -0.001809
20.549152 0.001419
20.554153 0.004761
20.559154 0.008408
20.564155 0.011698
20.569156 0.013938
20.574157 0.016158
20.579158 0.018863
20.584159 0.020899
20.589160 0.022449
20.594161 0.023787
20.599162 0.024964
20.604163 0.025992
20.609164 0.025660
20.614165 0.024931
20.619166 0.024615
20.624167 0.023904
20.629168 0.022259
20.634169 0.020052
20.639170 0.018133
20.644171 0.015908
20.649172 0.012978
20.654173 0.009932
20.659174 0.007331
20.664175 0.004616
20.669176 0.001332
20.674177 -0.001280
20.679178 -0.003410
20.684179 -0.005486
20.689180 -0.007225
20.694181 -0.009117
20.699182 -0.009901
20.704184 -0.009919
20.709185 -0.010599
20.714186 -0.010699
20.719187 -0.009898
20.724188 -0.008802
20.729189 -0.007849
20.734190 -0.006947
20.739191 -0.005881
20.744192 -0.004733
20.749193 -0.003956
20.754194 -0.003063
20.759195 -0.001896
20.764196 -0.001032
20.769197 -0.000332
20.774198 -0.000150
20.779199 0.000800
20.784200 0.001772
20.789201 0.001796
20.794202 0.002436
20.799203 0.002915
20.804204 0.003344
20.809205 0.003513
20.814206 0.003157
20.819207 0.003225
20.824208 0.003114
20.829209 0.002388
20.834210 0.001411
20.839211 0.000721
20.844212 -0.000227
20.849213 -0.001804
20.854214 -0.003334
20.859215 -0.004560
20.864216 -0.005774
20.869217 -0.007241
20.874218 -0.008531
20.879219 -0.009111
20.884220 -0.009137
20.889221 -0.009444
20.894222 -0.009858
20.899223 -0.009481
20.904224 -0.008739
20.909225 -0.008623
20.914226 -0.008586
20.919227 -0.007877
20.924228 -0.007122
20.929229 -0.006889
20.934230 -0.006832
20.939231 -0.006253
20.944232 -0.005586
20.949233 -0.005686
20.954234 -0.005717
20.959235 -0.005293
20.964236 -0.004776
20.969237 -0.004302
20.974238 -0.003841
20.979239 -0.002913
20.984240 -0.001632
20.989241 -0.000751
20.994242 -0.000052
20.999243 0.001593
21.004244 0.002760
21.009245 0.003446
21.014246 0.004623
21.019247 0.005720
21.024248 0.007085
21.029249 0.007911
21.034250 0.008513
21.039251 0.009177
21.044252 0.009890
21.049253 0.010433
21.054254 0.010772
21.059255 0.011926
21.064256 0.012931
21.069257 0.013151
21.074258 0.013347
21.079259 0.014171
21.084260 0.015040
21.089261 0.015146
21.094262 0.014956
21.099263 0.015041
21.104264 0.015052
21.109265 0.014252
21.114266 0.013025
21.119267 0.012172
21.124268 0.011138
21.129269 0.009271
21.134270 0.007479
21.139271 0.006232
21.144272 0.004951
21.149273 0.002984
21.154274 0.001375
21.159275 0.000603
21.164276 -0.000398
21.169277 -0.001769
21.174278 -0.003044
21.179280 -0.003432
21.184281 -0.003864
21.189282 -0.004651
21.194283 -0.005156
21.199284 -0.005407
21.204285 -0.005353
21.209286 -0.005777
21.214287 -0.006616
21.219288 -0.006982
21.224289 -0.007507
21.229290 -0.008970
21.234291 -0.010273
21.239292 -0.011183
21.244293 -0.012165
21.249294 -0.013405
21.254295 -0.014370
21.259296 -0.014644
21.264297 -0.014912
21.269298 -0.015020
21.274299 -0.015061
21.279300 -0.014651
21.284301 -0.013879
21.289302 -0.013682
21.294303 -0.013425
21.299304 -0.012815
21.304305 -0.012517
21.309306 -0.013019
21.314307 -0.013336
21.319308 -0.013204
21.324309 -0.013355
21.329310 -0.013884
21.334311 -0.014389
21.339312 -0.014014
21.344313 -0.014036
21.349314 -0.014213
21.354315 -0.013456
21.359316 -0.012786
21.364317 -0.012073
21.369318 -0.011362
21.374319 -0.010373
21.379320 -0.008664
21.384321 -0.006734
21.389322 -0.004760
21.394323 -0.002578
21.399324 0.000010
21.404325 0.002780
21.409326 0.005663
21.414327 0.008193
21.419328 0.010609
21.424329 0.013180
21.429330 0.014996
21.434331 0.016708
21.439332 0.018541
21.444333 0.020018
21.449334 0.020962
21.454335 0.021275
21.459336 0.021707
21.464337 0.021997
21.469338 0.021873
21.474339 0.021885
21.479340 0.021587
21.484341 0.020952
21.489342 0.020170
21.494343 0.019149
21.499344 0.018807
21.504345 0.018590
21.509346 0.017343
21.514347 0.016467
21.519348 0.016251
21.524349 0.015537
21.529350 0.014084
21.534351 0.012410
21.539352 0.011237
21.544353 0.010202
21.549354 0.008651
21.554355 0.007198
21.559356 0.006576
21.564357 0.006071
21.569358 0.005149
21.574359 0.004306
21.579360 0.004095
21.584361 0.003656
21.589362 0.002606
21.594363 0.002080
21.599364 0.001658
21.604365 0.001130
21.609366 -0.000041
21.614367 -0.001520
21.619368 -0.002415
21.624369 -0.003686
21.629370 -0.005308
21.634371 -0.006859
21.639372 -0.007446
21.644373 -0.007864
21.649374 -0.008725
21.654376 -0.008934
21.659377 -0.009137
21.664378 -0.009154
21.669379 -0.009893
21.674380 -0.010858
21.679381 -0.010719
21.684382 -0.011035
21.689383 -0.012069
21.694384 -0.012738
21.699385 -0.012865
21.704386 -0.013606
21.709387 -0.014587
21.714388 -0.015601
21.719389 -0.016236
21.724390 -0.016539
21.729391 -0.017595
21.734392 -0.017436
21.739393 -0.016501
21.744394 -0.015812
21.749395 -0.015087
21.754396 -0.014623
21.759397 -0.013230
21.764398 -0.011928
21.769399 -0.011550
21.774400 -0.011026
21.779401 -0.010266
21.784402 -0.009684
21.789403 -0.009737
21.794404 -0.009759
21.799405 -0.009553
21.804406 -0.009419
21.809407 -0.009359
21.814408 -0.009226
21.819409 -0.007841
21.824410 -0.006277
21.829411 -0.004875
21.834412 -0.002458
21.839413 0.000344
21.844414 0.003747
21.849415 0.006772
21.854416 0.009623
21.859417 0.013102
21.864418 0.015966
21.869419 0.018517
21.874420 0.020306
21.879421 0.021777
21.884422 0.023131
21.889423 0.022973
21.894424 0.021985
21.899425 0.021179
21.904426 0.020214
21.909427 0.018298
21.914428 0.016111
21.919429 0.014054
21.924430 0.012383
21.929431 0.010136
21.934432 0.007271
21.939433 0.005578
21.944434 0.003855
21.949435 0.001516
21.954436 -0.000277
21.959437 -0.001370
21.964438 -0.002152
21.969439 -0.003419
21.974440 -0.004455
21.979441 -0.004157
21.984442 -0.003815
21.989443 -0.004042
21.994444 -0.003682
21.999445 -0.002559
22.004446 -0.001512
22.009447 -0.001121
22.014448 -0.000515
22.019449 0.000434
22.024450 0.000922
22.029451 0.000384
22.034452 -0.000175
22.039453 -0.000152
22.044454 -0.000287
22.049455 -0.000517
22.054456 -0.001195
22.059457 -0.001019
22.064458 -0.000840
22.069459 -0.001255
22.074460 -0.000906
22.079461 -0.000406
22.084462 0.000709
22.089463 0.001824
22.094464 0.002528
22.099465 0.003764
22.104466 0.004970
22.109467 0.005269
22.114468 0.005153
22.119469 0.005457
22.124470 0.005850
22.129472 0.005643
22.134473 0.004973
22.139474 0.005038
22.144475 0.005056
22.149476 0.004151
22.154477 0.003097
22.159478 0.002708
22.164479 0.002244
22.169480 0.001145
22.174481 0.000140
22.179482 -0.000919
22.184483 -0.001867
22.189484 -0.002931
22.194485 -0.004493
22.199486 -0.005771
22.204487 -0.006652
22.209488 -0.008223
22.214489 -0.009826
22.219490 -0.011192
22.224491 -0.012482
22.229492 -0.013824
22.234493 -0.015277
22.239494 -0.015674
22.244495 -0.016310
22.249496 -0.016871
22.254497 -0.016781
22.259498 -0.016186
22.264499 -0.014960
22.269500 -0.014459
22.274501 -0.013716
22.279502 -0.012341
22.284503 -0.010918
22.289504 -0.010191
22.294505 -0.009573
22.299506 -0.008566
22.304507 -0.007980
22.309508 -0.007283
22.314509 -0.007255
22.319510 -0.006678
22.324511 -0.005904
22.329512 -0.006541
22.334513 -0.006489
22.339514 -0.006082
22.344515 -0.006114
22.349516 -0.006044
22.354517 -0.005980
22.359518 -0.005199
22.364519 -0.003618
22.369520 -0.002838
22.374521 -0.001676
22.379522 0.000817
22.384523 0.002504
22.389524 0.003995
22.394525 0.006045
22.399526 0.008292
22.404527 0.010583
22.409528 0.012128
22.414529 0.013470
22.419530 0.015275
22.424531 0.016959
22.429532 0.018066
22.434533 0.019244
22.439534 0.020400
22.444535 0.021321
22.449536 0.021695
22.454537 0.022031
22.459538 0.022519
22.464539 0.022382
22.469540 0.021946
22.474541 0.021298
22.479542 0.020820
22.484543 0.020164
22.489544 0.018589
22.494545 0.017012
22.499546 0.015833
22.504547 0.014274
22.509548 0.012250
22.514549 0.010219
22.519550 0.008357
22.524551 0.006666
22.529552 0.004683
22.534553 0.002625
22.539554 0.001200
22.544555 0.000070
22.549556 -0.001526
22.554557 -0.002753
22.559558 -0.003382
22.564559 -0.003997
22.569560 -0.004856
22.574561 -0.006007
22.579562 -0.006264
22.584563 -0.006415
22.589564 -0.007109
22.594565 -0.007792
22.599566 -0.008271
22.604568 -0.008106
22.609569 -0.008364
22.614570 -0.008844
22.619571 -0.008664
22.624572 -0.008547
22.629573 -0.008997
22.634574 -0.009946
22.639575 -0.010138
22.644576 -0.010044
22.649577 -0.010931
22.654578 -0.011496
22.659579 -0.011261
22.664580 -0.010791
22.669581 -0.011107
22.674582 -0.011113
22.679583 -0.009907
22.684584 -0.009207
22.689585 -0.008281
22.694586 -0.006557
22.699587 -0.004368
22.704588 -0.002172
22.709589 -0.000278
22.714590 0.001554
22.719591 0.003583
22.724592 0.005464
22.729593 0.006536
22.734594 0.007541
22.739595 0.008210
22.744596 0.008604
22.749597 0.008555
22.754598 0.008137
22.759599 0.007834
22.764600 0.007119
22.769601 0.006260
22.774602 0.004729
22.779603 0.003493
22.784604 0.002683
22.789605 0.000612
22.794606 -0.001270
22.799607 -0.002599
22.804608 -0.004367
22.809609 -0.006425
22.814610 -0.008319
22.819611 -0.009661
22.824612 -0.010968
22.829613 -0.012535
22.834614 -0.013340
22.839615 -0.013595
22.844616 -0.013798
22.849617 -0.013876
22.854618 -0.013789
22.859619 -0.012822
22.864620 -0.011710
22.869621 -0.011280
22.874622 -0.010496
22.879623 -0.009075
22.884624 -0.007724
22.889625 -0.006461
22.894626 -0.005020
22.899627 -0.003216
22.904628 -0.001298
22.909629 0.000250
22.914630 0.001468
22.919631 0.003076
22.924632 0.004666
22.929633 0.005002
22.934634 0.005514
22.939635 0.006348
22.944636 0.006326
22.949637 0.006192
22.954638 0.005856
22.959639 0.005718
22.964640 0.005893
22.969641 0.005612
22.974642 0.005547
22.979643 0.006041
22.984644 0.006712
22.989645 0.007177
22.994646 0.007448
22.999647 0.008452
23.004648 0.009423
23.009649 0.009530
23.014650 0.009772
23.019651 0.010491
23.024652 0.010855
23.029653 0.010621
23.034654 0.010407
23.039655 0.010581
23.044656 0.010482
23.049657 0.009379
23.054658 0.008495
23.059659 0.008206
23.064660 0.008032
23.069661 0.007567
23.074662 0.006659
23.079664 0.006404
23.084665 0.006484
23.089666 0.005760
23.094667 0.005082
23.099668 0.005402
23.104669 0.005117
23.109670 0.004328
23.114671 0.003677
23.119672 0.003319
23.124673 0.003526
23.129674 0.002855
23.134675 0.002360
23.139676 0.002361
23.144677 0.001830
23.149678 0.001268
23.154679 0.000345
23.159680 -0.000011
23.164681 -0.000280
23.169682 -0.001699
23.174683 -0.002831
23.179684 -0.003557
23.184685 -0.004370
23.189686 -0.005343
23.194687 -0.006158
23.199688 -0.006168
23.204689 -0.006085
23.209690 -0.006514
23.214691 -0.006404
23.219692 -0.005955
23.224693 -0.005804
23.229694 -0.005661
23.234695 -0.005921
23.239696 -0.005783
23.244697 -0.005357
23.249698 -0.006021
23.254699 -0.006739
23.259700 -0.006833
23.264701 -0.007111
23.269702 -0.007977
23.274703 -0.009126
23.279704 -0.009399
23.284705 -0.009537
23.289706 -0.010086
23.294707 -0.010168
23.299708 -0.009994
23.304709 -0.009277
23.309710 -0.008955
23.314711 -0.008629
23.319712 -0.007150
23.324713 -0.006063
23.329714 -0.005108
23.334715 -0.003941
23.339716 -0.002934
23.344717 -0.001788
23.349718 -0.001328
23.354719 -0.000761
23.359720 0.000101
23.364721 0.000308
23.369722 0.000037
23.374723 -0.000411
23.379724 -0.000135
23.384725 0.000104
23.389726 -0.000270
23.394727 -0.000727
23.399728 -0.000716
23.404729 -0.000190
23.409730 -0.000512
23.414731 -0.000851
23.419732 -0.000369
23.424733 0.000006
23.429734 0.000234
23.434735 0.000412
23.439736 0.001205
23.444737 0.002326
23.449738 0.002629
23.454739 0.002894
23.459740 0.003772
23.464741 0.004612
23.469742 0.004805
23.474743 0.004786
23.479744 0.005344
23.484745 0.006053
23.489746 0.006159
23.494747 0.006138
23.499748 0.006409
23.504749 0.006734
23.509750 0.006899
23.514751 0.006591
23.519752 0.006901
23.524753 0.007128
23.529754 0.006505
23.534755 0.005912
23.539756 0.005250
23.544757 0.004805
23.549758 0.003797
23.554759 0.002677
23.559761 0.002190
23.564762 0.001469
23.569763 0.000762
23.574764 0.000079
23.579765 -0.000407
23.584766 -0.000667
23.589767 -0.001593
23.594768 -0.002447
23.599769 -0.002280
23.604770 -0.002123
23.609771 -0.002333
23.614772 -0.002287
23.619773 -0.001877
23.624774 -0.000988
23.629775 -0.000483
23.634776 -0.000537
23.639777 0.000240
23.644778 0.001494
23.649779 0.001737
23.654780 0.001949
23.659781 0.002852
23.664782 0.003438
23.669783 0.003875
23.674784 0.004259
23.679785 0.004862
23.684786 0.005712
23.689787 0.005942
23.694788 0.006295
23.699789 0.006910
23.704790 0.007230
23.709791 0.007115
23.714792 0.006252
23.719793 0.005899
23.724794 0.005506
23.729795 0.004108
23.734796 0.002822
23.739797 0.001680
23.744798 0.000630
23.749799 -0.000670
23.754800 -0.002310
23.759801 -0.003185
23.764802 -0.004143
23.769803 -0.005524
23.774804 -0.006766
23.779805 -0.007533
23.784806 -0.007746
23.789807 -0.008294
23.794808 -0.008606
23.799809 -0.008071
23.804810 -0.007129
23.809811 -0.006482
23.814812 -0.005773
23.819813 -0.004427
23.824814 -0.003480
23.829815 -0.002631
23.834816 -0.001932
23.839817 -0.001185
23.844818 -0.000081
23.849819 0.000047
23.854820 -0.000181
23.859821 -0.000031
23.864822 -0.000110
23.869823 -0.000657
23.874824 -0.001811
23.879825 -0.002905
23.884826 -0.003908
23.889827 -0.005271
23.894828 -0.006573
23.899829 -0.007474
23.904830 -0.008328
23.909831 -0.009264
23.914832 -0.009939
23.919833 -0.010073
23.924834 -0.009966
23.929835 -0.010091
23.934836 -0.010083
23.939837 -0.009666
23.944838 -0.008832
23.949839 -0.008257
23.954840 -0.008097
23.959841 -0.007149
23.964842 -0.005845
23.969843 -0.004800
23.974844 -0.003506
23.979845 -0.002120
23.984846 0.000002
23.989847 0.001683
23.994848 0.002882
23.999849 0.004989
24.004850 0.007321
24.009851 0.009116
24.014852 0.010320
24.019853 0.012152
24.024854 0.014066
24.029855 0.015373
24.034857 0.016493
24.039858 0.017705
24.044859 0.018628
24.049860 0.018596
24.054861 0.018828
24.059862 0.018986
24.064863 0.018784
24.069864 0.018096
24.074865 0.016601
24.079866 0.015608
24.084867 0.014546
24.089868 0.012438
24.094869 0.010410
24.099870 0.008790
24.104871 0.006683
24.109872 0.004311
24.114873 0.001698
24.119874 -0.000476
24.124875 -0.002609
24.129876 -0.005045
24.134877 -0.007195
24.139878 -0.009114
24.144879 -0.010339
24.149880 -0.011854
24.154881 -0.013296
24.159882 -0.013810
24.164883 -0.014146
24.169884 -0.014704
24.174885 -0.015070
24.179886 -0.014580
24.184887 -0.013970
24.189888 -0.013465
24.194889 -0.012999
24.199890 -0.012285
24.204891 -0.011195
24.209892 -0.010879
24.214893 -0.010516
24.219894 -0.009504
24.224895 -0.008627
24.229896 -0.008052
24.234897 -0.008136
24.239898 -0.007632
24.244899 -0.007239
24.249900 -0.007749
24.254901 -0.007668
24.259902 -0.007427
24.264903 -0.007005
24.269904 -0.007037
24.274905 -0.006956
24.279906 -0.005696
24.284907 -0.004737
24.289908 -0.004135
24.294909 -0.002867
24.299910 -0.001393
24.304911 -0.000203
24.309912 0.000818
24.314913 0.001235
24.319914 0.002277
24.324915 0.003993
24.329916 0.004780
24.334917 0.005567
24.339918 0.006720
24.344919 0.007732
24.349920 0.008482
24.354921 0.009136
24.359922 0.010044
24.364923 0.010773
24.369924 0.011127
24.374925 0.011491
24.379926 0.012336
24.384927 0.013397
24.389928 0.013845
24.394929 0.014097
24.399930 0.015063
24.404931 0.016028
24.409932 0.016577
24.414933 0.016856
24.419934 0.017048
24.424935 0.017284
24.429936 0.016328
24.434937 0.014748
24.439938 0.013814
24.444939 0.012862
24.449940 0.011388
24.454941 0.009226
24.459942 0.007707
24.464943 0.006717
24.469944 0.004941
24.474945 0.003117
24.479946 0.001823
24.484947 0.000861
24.489948 -0.000439
24.494949 -0.001915
24.499950 -0.002793
24.504951 -0.003530
24.509953 -0.004581
24.514954 -0.005585
24.519955 -0.006033
24.524956 -0.006424
24.529957 -0.007533
24.534958 -0.008402
24.539959 -0.008794
24.544960 -0.009180
24.549961 -0.009726
24.554962 -0.010807
24.559963 -0.011080
24.564964 -0.010804
24.569965 -0.011161
24.574966 -0.011236
24.579967 -0.010817
24.584968 -0.010203
24.589969 -0.009912
24.594970 -0.009430
24.599971 -0.008193
24.604972 -0.007157
24.609973 -0.006398
24.614974 -0.005891
24.619975 -0.004664
24.624976 -0.003181
24.629977 -0.002380
24.634978 -0.001354
24.639979 -0.000280
24.644980 0.001026
24.649981 0.001952
24.654982 0.002443
24.659983 0.003217
24.664984 0.003826
24.669985 0.003649
24.674986 0.003136
24.679987 0.003415
24.684988 0.003248
24.689989 0.002678
24.694990 0.001939
24.699991 0.001297
24.704992 0.001540
24.709993 0.000907
24.714994 -0.000023
24.719995 0.000289
24.724996 0.000371
24.729997 -0.000060
24.734998 -0.000425
24.739999 -0.000580
24.745000 -0.000356
