0.000000 0.000000
0.005001 0.006778
0.010002 -0.007911
0.015003 -0.004012
0.020004 0.005081
0.025005 0.004980
0.030006 -0.004432
0.035007 -0.006449
0.040008 0.006930
0.045009 0.004072
0.050010 -0.005155
0.055011 -0.005340
0.060012 0.004862
0.065013 0.006492
0.070014 -0.006499
0.075015 -0.004886
0.080016 0.005131
0.085017 0.005921
0.090018 -0.005239
0.095019 -0.006852
0.100020 0.006694
0.105021 0.004408
0.110022 -0.006147
0.115023 -0.005105
0.120024 0.004643
0.125025 0.006475
0.130026 -0.006466
0.135027 -0.006483
0.140028 0.007501
0.145029 0.004862
0.150030 -0.006869
0.155031 -0.004231
0.160032 0.005265
0.165033 0.005904
0.170034 -0.005189
0.175035 -0.005659
0.180036 0.005853
0.185037 0.005080
0.190038 -0.005525
0.195039 -0.006601
0.200040 0.007853
0.205041 0.005517
0.210042 -0.007794
0.215043 -0.004433
0.220044 0.004761
0.225045 0.005517
0.230046 -0.005811
0.235047 -0.005323
0.240048 0.006391
0.245049 0.004156
0.250050 -0.005542
0.255051 -0.005038
0.260052 0.004525
0.265053 0.005635
0.270054 -0.006198
0.275055 -0.005105
0.280056 0.006307
0.285057 0.003819
0.290058 -0.005408
0.295059 -0.006164
0.300060 0.006525
0.305061 0.006592
0.310062 -0.006887
0.315063 -0.004836
0.320064 0.006323
0.325065 0.004996
0.330066 -0.006568
0.335067 -0.005223
0.340068 0.006004
0.345069 0.005651
0.350070 -0.006551
0.355071 -0.005727
0.360072 0.006945
0.365073 0.005281
0.370074 -0.005274
0.375075 -0.005879
0.380076 0.005567
0.385077 0.005953
0.390078 -0.007459
0.395079 -0.005072
0.400080 0.006794
0.405081 0.005264
0.410082 -0.005812
0.415083 -0.005912
0.420084 0.005886
0.425085 0.004558
0.430086 -0.005156
0.435087 -0.005879
0.440088 0.005987
0.445089 0.006104
0.450090 -0.007341
0.455091 -0.003341
0.460092 0.003667
0.465093 0.005987
0.470094 -0.004232
0.475095 -0.008316
0.480096 0.008121
0.485097 0.004793
0.490098 -0.006837
0.495099 -0.004871
0.500100 0.006457
0.505101 0.005835
0.510102 -0.006417
0.515103 -0.005005
0.520104 0.003684
0.525105 0.006608
0.530106 -0.005190
0.535107 -0.006014
0.540108 0.007398
0.545109 0.004188
0.550110 -0.006350
0.555111 -0.005207
0.560112 0.005953
0.565113 0.005785
0.570114 -0.006316
0.575115 -0.005745
0.580116 0.006507
0.585117 0.004776
0.590118 -0.006686
0.595119 -0.006064
0.600120 0.006457
0.605121 0.005936
0.610122 -0.008216
0.615123 -0.004132
0.620124 0.005734
0.625125 0.004675
0.630126 -0.004333
0.635127 -0.007241
0.640128 0.005566
0.645129 0.005919
0.650130 -0.006552
0.655131 -0.006283
0.660132 0.007213
0.665133 0.006288
0.670134 -0.008434
0.675135 -0.005023
0.680136 0.006843
0.685137 0.003969
0.690138 -0.007409
0.695139 -0.004451
0.700140 0.006944
0.705141 0.004389
0.710142 -0.005712
0.715143 -0.004956
0.720144 0.006103
0.725145 0.004675
0.730146 -0.005964
0.735147 -0.004452
0.740148 0.005767
0.745149 0.004641
0.750150 -0.006031
0.755151 -0.003947
0.760152 0.005347
0.765153 0.005112
0.770154 -0.005695
0.775155 -0.006351
0.780156 0.006943
0.785157 0.005128
0.790158 -0.005981
0.795159 -0.005225
0.800160 0.005918
0.805161 0.005565
0.810162 -0.006116
0.815163 -0.004788
0.820164 0.004742
0.825165 0.006153
0.830166 -0.005998
0.835167 -0.006519
0.840168 0.006994
0.845169 0.005313
0.850170 -0.006015
0.855171 -0.005023
0.860172 0.006590
0.865173 0.005178
0.870174 -0.006771
0.875175 -0.004839
0.880176 0.007027
0.885177 0.004640
0.890178 -0.006587
0.895179 -0.004805
0.900180 0.006573
0.905181 0.005783
0.910182 -0.008251
0.915183 -0.005494
0.920184 0.008607
0.925185 0.004371
0.930186 -0.006704
0.935187 -0.004301
0.940188 0.007161
0.945189 0.003733
0.950190 -0.006637
0.955191 -0.003562
0.960192 0.005464
0.965193 0.005632
0.970194 -0.007696
0.975195 -0.003948
0.980196 0.007615
0.985197 0.003195
0.990198 -0.005932
0.995199 -0.003814
1.000200 0.006220
1.005201 0.003699
1.010202 -0.004738
1.015203 -0.004621
1.020204 0.006421
1.025205 0.004909
1.030206 -0.007360
1.035207 -0.005293
1.040208 0.007363
1.045209 0.005346
1.050210 -0.008436
1.055211 -0.003512
1.060212 0.007043
1.065213 0.004136
1.070214 -0.005428
1.075215 -0.005512
1.080216 0.006135
1.085217 0.006623
1.090218 -0.007209
1.095219 -0.006184
1.100220 0.007127
1.105221 0.005228
1.110222 -0.006386
1.115223 -0.006016
1.120224 0.006488
1.125225 0.004438
1.130226 -0.006235
1.135228 -0.003613
1.140229 0.005396
1.145230 0.005211
1.150231 -0.006520
1.155232 -0.004773
1.160233 0.007244
1.165234 0.005110
1.170235 -0.007243
1.175236 -0.004756
1.180237 0.007866
1.185238 0.002875
1.190239 -0.006689
1.195240 -0.004806
1.200241 0.007059
1.205242 0.006169
1.210243 -0.007378
1.215244 -0.003865
1.220245 0.006622
1.225246 0.004958
1.230247 -0.006622
1.235248 -0.004437
1.240249 0.007681
1.245250 0.003647
1.250251 -0.005630
1.255252 -0.004790
1.260253 0.004925
1.265254 0.006488
1.270255 -0.006655
1.275256 -0.005899
1.280257 0.007916
1.285258 0.003698
1.290259 -0.006756
1.295260 -0.002891
1.300261 0.005664
1.305262 0.004269
1.310263 -0.006252
1.315264 -0.005143
1.320265 0.006538
1.325266 0.006656
1.330267 -0.006387
1.335268 -0.005832
1.340269 0.007311
1.345270 0.003865
1.350271 -0.005647
1.355272 -0.003832
1.360273 0.005815
1.365274 0.004857
1.370275 -0.006521
1.375276 -0.004656
1.380277 0.007563
1.385278 0.005412
1.390279 -0.007362
1.395280 -0.005143
1.400281 0.006269
1.405282 0.005596
1.410283 -0.006992
1.415284 -0.004320
1.420285 0.006974
1.425286 0.003764
1.430287 -0.005076
1.435288 -0.005261
1.440289 0.006722
1.445290 0.005025
1.450291 -0.007043
1.455292 -0.003362
1.460293 0.005983
1.465294 0.005075
1.470295 -0.005749
1.475296 -0.005581
1.480297 0.007647
1.485298 0.005394
1.490299 -0.008018
1.495300 -0.004723
1.500301 0.006806
1.505302 0.004386
1.510303 -0.006085
1.515304 -0.005161
1.520305 0.007562
1.525306 0.005209
1.530307 -0.007161
1.535308 -0.003648
1.540309 0.006403
1.545310 0.005192
1.550311 -0.006236
1.555312 -0.004808
1.560313 0.006352
1.565314 0.005041
1.570315 -0.005430
1.575316 -0.005430
1.580317 0.006621
1.585318 0.004654
1.590319 -0.006438
1.595320 -0.004186
1.600321 0.006654
1.605322 0.004722
1.610323 -0.006976
1.615324 -0.002993
1.620325 0.007276
1.625326 0.003394
1.630327 -0.006354
1.635328 -0.004623
1.640329 0.006772
1.645330 0.005679
1.650331 -0.007716
1.655332 -0.004926
1.660333 0.006570
1.665334 0.004234
1.670335 -0.004909
1.675336 -0.005632
1.680337 0.005965
1.685338 0.004721
1.690339 -0.006657
1.695340 -0.003329
1.700341 0.006402
1.705342 0.004099
1.710343 -0.006254
1.715344 -0.004153
1.720345 0.005242
1.725346 0.005881
1.730347 -0.006388
1.735348 -0.004523
1.740349 0.008368
1.745350 0.001175
1.750351 -0.004909
1.755352 -0.002808
1.760353 0.004956
1.765354 0.006671
1.770355 -0.007178
1.775356 -0.004876
1.780357 0.006368
1.785358 0.004603
1.790359 -0.004909
1.795360 -0.006254
1.800361 0.007544
1.805362 0.005561
1.810363 -0.008573
1.815364 -0.003565
1.820365 0.006368
1.825366 0.003796
1.830367 -0.006137
1.835368 -0.004506
1.840369 0.007107
1.845370 0.003880
1.850371 -0.006557
1.855372 -0.004859
1.860373 0.006015
1.865374 0.005763
1.870375 -0.007061
1.875376 -0.005380
1.880377 0.007057
1.885378 0.005779
1.890379 -0.007330
1.895380 -0.005918
1.900381 0.008351
1.905382 0.005141
1.910383 -0.006792
1.915384 -0.004776
1.920385 0.007225
1.925386 0.005124
1.930387 -0.008557
1.935388 -0.004053
1.940389 0.008451
1.945390 0.003645
1.950391 -0.006961
1.955392 -0.003969
1.960393 0.006687
1.965394 0.004838
1.970395 -0.007398
1.975396 -0.003448
1.980397 0.006300
1.985398 0.004787
1.990399 -0.005583
1.995400 -0.005885
2.000401 0.008367
2.005402 0.004770
2.010403 -0.006910
2.015404 -0.004726
2.020405 0.007275
2.025406 0.004972
2.030407 -0.006205
2.035408 -0.004373
2.040409 0.004333
2.045410 0.006384
2.050411 -0.006860
2.055412 -0.004087
2.060413 0.008283
2.065414 0.003510
2.070415 -0.006726
2.075416 -0.004339
2.080417 0.007224
2.085418 0.004316
2.090419 -0.005247
2.095420 -0.004726
2.100421 0.006518
2.105422 0.004955
2.110423 -0.007751
2.115424 -0.002944
2.120425 0.007022
2.125426 0.002484
2.130427 -0.005600
2.135428 -0.003701
2.140429 0.004988
2.145430 0.005862
2.150431 -0.007415
2.155432 -0.004844
2.160433 0.008232
2.165434 0.003072
2.170435 -0.006424
2.175436 -0.004793
2.180437 0.006971
2.185438 0.005106
2.190439 -0.007667
2.195440 -0.003550
2.200441 0.006198
2.205442 0.003862
2.210443 -0.006592
2.215444 -0.003819
2.220445 0.008686
2.225446 0.002753
2.230447 -0.007113
2.235448 -0.003886
2.240449 0.006534
2.245450 0.005240
2.250451 -0.008575
2.255452 -0.004088
2.260453 0.008164
2.265454 0.003492
2.270455 -0.007886
2.275456 -0.003012
2.280457 0.007677
2.285458 0.001794
2.290459 -0.006643
2.295460 -0.002626
2.300461 0.007240
2.305462 0.003425
2.310463 -0.007517
2.315464 -0.003483
2.320465 0.007156
2.325466 0.005492
2.330467 -0.007416
2.335468 -0.004744
2.340469 0.006551
2.345470 0.003626
2.350471 -0.005887
2.355472 -0.004643
2.360473 0.008147
2.365474 0.004265
2.370475 -0.007382
2.375476 -0.004811
2.380477 0.006870
2.385478 0.004920
2.390479 -0.008609
2.395480 -0.002559
2.400481 0.006214
2.405482 0.003525
2.410483 -0.006257
2.415484 -0.005719
2.420485 0.008450
2.425486 0.003844
2.430487 -0.007030
2.435488 -0.003786
2.440489 0.006903
2.445490 0.004735
2.450491 -0.008559
2.455492 -0.003063
2.460493 0.007592
2.465494 0.002483
2.470495 -0.007467
2.475496 -0.003097
2.480497 0.007575
2.485498 0.002869
2.490499 -0.006055
2.495500 -0.004173
2.500501 0.007121
2.505502 0.004802
2.510503 -0.008257
2.515504 -0.003164
2.520505 0.006214
2.525506 0.003575
2.530507 -0.006257
2.535508 -0.004106
2.540509 0.007441
2.545510 0.003508
2.550511 -0.006795
2.555512 -0.004476
2.560513 0.007693
2.565514 0.004567
2.570515 -0.007803
2.575516 -0.004442
2.580517 0.007693
2.585518 0.004718
2.590519 -0.009299
2.595520 -0.003602
2.600521 0.008566
2.605522 0.003423
2.610523 -0.007215
2.615524 -0.004022
2.620525 0.006818
2.625526 0.004146
2.630527 -0.006543
2.635528 -0.004476
2.640529 0.007474
2.645530 0.004566
2.650531 -0.007837
2.655532 -0.003535
2.660533 0.007104
2.665534 0.002986
2.670535 -0.007737
2.675536 -0.002543
2.680537 0.008768
2.685538 0.002348
2.690539 -0.007216
2.695540 -0.003636
2.700541 0.007944
2.705542 0.004095
2.710543 -0.007703
2.715544 -0.003535
2.720545 0.005978
2.725546 0.005759
2.730547 -0.007283
2.735548 -0.006023
2.740549 0.008163
2.745550 0.004230
2.750551 -0.008712
2.755552 -0.003602
2.760553 0.008599
2.765554 0.002868
2.770555 -0.007434
2.775556 -0.004157
2.780557 0.008263
2.785558 0.004162
2.790559 -0.008829
2.795560 -0.002813
2.800561 0.007524
2.805562 0.003372
2.810563 -0.007586
2.815564 -0.004393
2.820565 0.007742
2.825566 0.005540
2.830567 -0.007905
2.835568 -0.005132
2.840569 0.008162
2.845570 0.003540
2.850571 -0.007754
2.855572 -0.004174
2.860573 0.008633
2.865574 0.004112
2.870575 -0.008494
2.875576 -0.003485
2.880577 0.007893
2.885578 0.003406
2.890579 -0.007754
2.895580 -0.002426
2.900581 0.005439
2.905582 0.004532
2.910583 -0.005721
2.915584 -0.005385
2.920585 0.008061
2.925586 0.002750
2.930587 -0.006746
2.935588 -0.002746
2.940589 0.006347
2.945590 0.003775
2.950591 -0.006998
2.955592 -0.003603
2.960593 0.007590
2.965594 0.004548
2.970595 -0.007586
2.975596 -0.003234
2.980597 0.006380
2.985598 0.003876
2.990599 -0.004881
2.995600 -0.005486
3.000601 0.007859
3.005602 0.004027
3.010603 -0.007318
3.015604 -0.002057
3.020605 0.005724
3.025606 0.004296
3.030607 -0.007049
3.035608 -0.003889
3.040609 0.007472
3.045610 0.003590
3.050611 -0.007906
3.055612 -0.002545
3.060613 0.008682
3.065614 0.001254
3.070615 -0.006595
3.075616 -0.003973
3.080617 0.007086
3.085618 0.005035
3.090619 -0.007856
3.095620 -0.003772
3.100621 0.006480
3.105622 0.003808
3.110623 -0.006747
3.115624 -0.004041
3.120625 0.007069
3.125626 0.004346
3.130627 -0.007654
3.135628 -0.003789
3.140629 0.007842
3.145630 0.003136
3.150631 -0.007352
3.155632 -0.004545
3.160633 0.007791
3.165634 0.004312
3.170635 -0.007755
3.175636 -0.003083
3.180637 0.007388
3.185638 0.003757
3.190639 -0.006512
3.195640 -0.004209
3.200641 0.006093
3.205642 0.004598
3.210643 -0.007487
3.215644 -0.002915
3.220645 0.007135
3.225646 0.002698
3.230647 -0.005487
3.235648 -0.004697
3.240649 0.008211
3.245650 0.003774
3.250651 -0.007957
3.255652 -0.003033
3.260653 0.007001
3.265654 0.004211
3.270655 -0.007789
3.275656 -0.002613
3.280657 0.006513
3.285658 0.004127
3.290659 -0.007285
3.295660 -0.004495
3.300661 0.007908
3.305662 0.002631
3.310663 -0.005336
3.315664 -0.004311
3.320665 0.006849
3.325666 0.005286
3.330667 -0.007823
3.335668 -0.004126
3.340669 0.007169
3.345670 0.004664
3.350671 -0.007706
3.355672 -0.003302
3.360673 0.007017
3.365674 0.002530
3.370675 -0.007403
3.375676 -0.003706
3.380677 0.008580
3.385678 0.001874
3.390679 -0.007571
3.395680 -0.002294
3.400681 0.005941
3.405683 0.003454
3.410684 -0.005723
3.415685 -0.003202
3.420686 0.005353
3.425687 0.003235
3.430688 -0.006025
3.435689 -0.003874
3.440690 0.006966
3.445691 0.004059
3.450692 -0.009151
3.455693 -0.003034
3.460694 0.009286
3.465695 0.001605
3.470696 -0.007673
3.475697 -0.002210
3.480698 0.007319
3.485699 0.003319
3.490700 -0.007236
3.495701 -0.003874
3.500702 0.007638
3.505703 0.004109
3.510704 -0.008631
3.515705 -0.003219
3.520706 0.007638
3.525707 0.002344
3.530708 -0.006950
3.535709 -0.004412
3.540710 0.008176
3.545711 0.004075
3.550712 -0.008648
3.555713 -0.002849
3.560714 0.007705
3.565715 0.004025
3.570716 -0.008396
3.575717 -0.002698
3.580718 0.007554
3.585719 0.002058
3.590720 -0.005370
3.595721 -0.004581
3.600722 0.007957
3.605723 0.003688
3.610724 -0.008429
3.615725 -0.000648
3.620726 0.004865
3.625727 0.002982
3.630728 -0.006026
3.635729 -0.003656
3.640730 0.008831
3.645731 0.002276
3.650732 -0.008060
3.655733 -0.004144
3.660734 0.009083
3.665735 0.003856
3.670736 -0.009085
3.675737 -0.003102
3.680738 0.007839
3.685739 0.004663
3.690740 -0.008951
3.695741 -0.002547
3.700742 0.008007
3.705743 0.001906
3.710744 -0.005909
3.715745 -0.003993
3.720746 0.007470
3.725747 0.003738
3.730748 -0.007942
3.735749 -0.003741
3.740750 0.007621
3.745751 0.004511
3.750752 -0.008615
3.755753 -0.002985
3.760754 0.007402
3.765755 0.002595
3.770756 -0.006480
3.775757 -0.003304
3.780758 0.007486
3.785759 0.002763
3.790760 -0.007002
3.795761 -0.003943
3.800762 0.007755
3.805763 0.003906
3.810764 -0.009136
3.815765 -0.000934
3.820766 0.006965
3.825767 0.001940
3.830768 -0.006161
3.835769 -0.003926
3.840770 0.007133
3.845771 0.002511
3.850772 -0.006615
3.855773 -0.003170
3.860774 0.006864
3.865775 0.003284
3.870776 -0.008128
3.875777 -0.003472
3.880778 0.008629
3.885779 0.001889
3.890780 -0.009002
3.895781 0.000158
3.900782 0.006645
3.905783 0.002023
3.910784 -0.006800
3.915785 -0.002783
3.920786 0.006511
3.925787 0.002612
3.930788 -0.006817
3.935789 -0.004229
3.940790 0.009334
3.945791 0.000645
3.950792 -0.006548
3.955793 -0.000800
3.960794 0.004813
3.965795 0.004863
3.970796 -0.008330
3.975797 -0.003406
3.980798 0.008578
3.985799 0.002292
3.990800 -0.008313
3.995801 -0.002011
4.000802 0.008998
4.005803 0.001435
4.010804 -0.007271
4.015805 -0.003070
4.020806 0.007351
4.025807 0.003603
4.030808 -0.007893
4.035809 -0.003137
4.040810 0.006846
4.045811 0.003905
4.050812 -0.007675
4.055813 -0.004162
4.060814 0.007703
4.065815 0.002661
4.070816 -0.006230
4.075817 -0.003372
4.080818 0.006897
4.085819 0.003720
4.090820 -0.008683
4.095821 -0.001456
4.100822 0.007165
4.105823 0.002123
4.110824 -0.006045
4.115825 -0.004751
4.120826 0.007132
4.125827 0.005468
4.130828 -0.008532
4.135829 -0.005406
4.140830 0.010628
4.145831 0.002543
4.150832 -0.009457
4.155833 -0.000650
4.160834 0.006543
4.165835 0.003132
4.170836 -0.007843
4.175837 -0.002768
4.180838 0.008863
4.185839 0.001703
4.190840 -0.006331
4.195841 -0.003272
4.200842 0.007098
4.205843 0.004476
4.210844 -0.009541
4.215845 -0.002936
4.220846 0.009669
4.225847 0.001669
4.230848 -0.008449
4.235849 -0.002028
4.240850 0.008022
4.245851 0.002493
4.250852 -0.008281
4.255853 -0.003474
4.260854 0.007770
4.265855 0.003014
4.270856 -0.008079
4.275857 -0.001995
4.280858 0.007703
4.285859 0.001316
4.290860 -0.007004
4.295861 -0.003272
4.300862 0.007955
4.305863 0.003450
4.310864 -0.008802
4.315865 -0.001693
4.320866 0.006442
4.325867 0.002996
4.330868 -0.007911
4.335869 -0.003256
4.340870 0.008912
4.345871 0.000778
4.350872 -0.007138
4.355873 -0.002584
4.360874 0.007114
4.365875 0.003585
4.370876 -0.008113
4.375877 -0.003088
4.380878 0.008761
4.385879 0.001635
4.390880 -0.008769
4.395881 -0.001743
4.400882 0.006559
4.405883 0.003484
4.410884 -0.008365
4.415885 -0.003273
4.420886 0.009131
4.425887 0.000525
4.430888 -0.007592
4.435889 -0.002886
4.440890 0.007668
4.445891 0.002895
4.450892 -0.009324
4.455893 -0.001828
4.460894 0.007904
4.465895 0.003651
4.470896 -0.009441
4.475897 -0.002164
4.480898 0.008475
4.485899 0.000744
4.490900 -0.006231
4.495901 -0.004114
4.500902 0.009130
4.505903 0.001971
4.510904 -0.008046
4.515905 -0.001895
4.520906 0.005147
4.525907 0.004676
4.530908 -0.008282
4.535909 -0.003173
4.540910 0.006844
4.545911 0.002206
4.550912 -0.006349
4.555913 -0.003862
4.560914 0.007533
4.565915 0.003668
4.570916 -0.007542
4.575917 -0.005458
4.580918 0.008038
4.585919 0.003987
4.590920 -0.008416
4.595921 -0.003610
4.600922 0.006777
4.605923 0.001903
4.610924 -0.010786
4.615925 -0.005408
4.620926 0.002390
4.625927 -0.003963
4.630928 -0.012333
4.635929 -0.005257
4.640930 0.008289
4.645931 0.006878
4.650932 -0.001223
4.655933 0.003768
4.660934 0.014525
4.665935 0.005819
4.670936 -0.006215
4.675937 -0.001963
4.680938 0.006693
4.685939 0.000709
4.690940 -0.013224
4.695941 -0.006551
4.700942 0.002877
4.705943 -0.000182
4.710944 -0.003156
4.715945 0.004508
4.720946 0.017600
4.725947 0.010037
4.730948 -0.002249
4.735949 0.000121
4.740950 0.009751
4.745951 0.005886
4.750952 -0.010871
4.755953 -0.007056
4.760954 0.003533
4.765955 -0.002686
4.770956 -0.011123
4.775957 -0.006905
4.780958 0.005247
4.785959 0.003314
4.790960 -0.008132
4.795961 -0.001644
4.800962 0.010171
4.805963 0.005667
4.810964 -0.004602
4.815965 -0.000014
4.820966 0.010608
4.825967 0.000810
4.830968 -0.014048
4.835969 -0.011880
4.840970 -0.010972
4.845971 -0.021880
4.850972 -0.030720
4.855973 -0.025930
4.860974 -0.027897
4.865975 -0.052385
4.870976 -0.058838
4.875977 -0.039326
4.880978 -0.011443
4.885979 0.010104
4.890980 0.011818
4.895981 0.021146
4.900982 0.034272
4.905983 0.038944
4.910984 0.045045
4.915985 0.058154
4.920986 0.064272
4.925987 0.032373
4.930988 -0.019174
4.935989 -0.058284
4.940990 -0.073746
4.945991 -0.076335
4.950992 -0.078486
4.955993 -0.061209
4.960994 -0.036771
4.965995 -0.029729
4.970996 -0.013426
4.975997 0.031230
4.980998 0.084592
4.985999 0.120105
4.991000 0.131079
4.996001 0.132071
5.001002 0.118306
5.006003 0.075163
5.011004 0.017885
5.016005 -0.017343
5.021006 -0.033208
5.026007 -0.052620
5.031008 -0.057209
5.036009 -0.027259
5.041010 0.009380
5.046011 0.005313
5.051012 -0.029175
5.056013 -0.050604
5.061014 -0.042133
5.066015 -0.022486
5.071016 0.003346
5.076017 0.045515
5.081018 0.067297
5.086019 0.045532
5.091020 0.001750
5.096021 -0.017427
5.101022 -0.025141
5.106023 -0.068318
5.111024 -0.109109
5.116025 -0.092857
5.121026 -0.030637
5.126027 0.011716
5.131028 0.018893
5.136029 0.004119
5.141030 -0.033932
5.146031 -0.067461
5.151032 -0.068957
5.156033 -0.018049
5.161034 0.070675
5.166035 0.154424
5.171036 0.176340
5.176037 0.120221
5.181038 0.034288
5.186039 -0.026906
5.191040 0.023279
5.196041 0.133633
5.201042 0.149012
5.206043 0.045430
5.211044 -0.122572
5.216045 -0.244288
5.221046 -0.242019
5.226047 -0.126925
5.231048 0.030388
5.236049 0.130238
5.241050 0.123767
5.246051 0.030741
5.251052 -0.034856
5.256053 0.015010
5.261054 0.122507
5.266055 0.164356
5.271056 0.085464
5.276057 -0.056874
5.281058 -0.151026
5.286059 -0.134286
5.291060 -0.042352
5.296061 0.039968
5.301062 0.052590
5.306063 0.004522
5.311064 -0.033596
5.316065 -0.008016
5.321066 0.043850
5.326067 0.073363
5.331068 0.048338
5.336069 -0.017260
5.341070 -0.096370
5.346071 -0.172859
5.351072 -0.169514
5.356073 -0.096034
5.361074 -0.050907
5.366075 -0.076925
5.371076 -0.095631
5.376077 -0.034958
5.381078 0.076338
5.386079 0.179230
5.391080 0.202642
5.396081 0.182675
5.401082 0.180574
5.406083 0.168272
5.411084 0.092674
5.416085 -0.019916
5.421086 -0.107715
5.426087 -0.183246
5.431088 -0.186506
5.436089 -0.100908
5.441090 -0.034706
5.446091 -0.041143
5.451092 -0.080152
5.456093 -0.079749
5.461094 -0.035277
5.466095 0.041681
5.471096 0.108355
5.476097 0.117834
5.481098 0.087632
5.486099 0.026908
5.491100 -0.030841
5.496101 -0.068219
5.501102 -0.073345
5.506103 -0.033227
5.511104 -0.011546
5.516105 -0.000588
5.521106 0.021126
5.526107 -0.009664
5.531108 -0.063581
5.536109 -0.083581
5.541110 -0.057093
5.546111 0.007681
5.551112 0.048404
5.556113 0.046538
5.561114 0.016000
5.566115 -0.034219
5.571116 -0.051261
5.576117 -0.024690
5.581118 0.011210
5.586119 0.057832
5.591120 0.090740
5.596121 0.078471
5.601122 0.037479
5.606123 0.018134
5.611124 0.059143
5.616125 0.128724
5.621126 0.152018
5.626127 0.095564
5.631128 0.014050
5.636129 -0.046757
5.641130 -0.086959
5.646131 -0.102271
5.651132 -0.086607
5.656133 -0.072623
5.661134 -0.104540
5.666135 -0.139649
5.671137 -0.141666
5.676138 -0.112170
5.681139 -0.044186
5.686140 0.018319
5.691141 0.054840
5.696142 0.084908
5.701143 0.113530
5.706144 0.126808
5.711145 0.115513
5.716146 0.099177
5.721147 0.067378
5.726148 0.008470
5.731149 -0.057396
5.736150 -0.084708
5.741151 -0.083901
5.746152 -0.092960
5.751153 -0.090304
5.756154 -0.089296
5.761155 -0.081397
5.766156 -0.072271
5.771157 -0.061834
5.776158 0.013966
5.781159 0.107261
5.786160 0.124925
5.791161 0.067210
5.796162 0.002570
5.801163 -0.017665
5.806164 -0.019699
5.811165 -0.034338
5.816166 -0.013884
5.821167 0.062974
5.826168 0.145866
5.831169 0.218707
5.836170 0.271817
5.841171 0.274473
5.846172 0.216270
5.851173 0.099479
5.856174 -0.079784
5.861175 -0.270307
5.866176 -0.373317
5.871177 -0.349586
5.876178 -0.240055
5.881179 -0.146507
5.886180 -0.114692
5.891181 -0.101801
5.896182 -0.076322
5.901183 -0.002119
5.906184 0.133731
5.911185 0.272657
5.916186 0.348457
5.921187 0.318523
5.926188 0.201648
5.931189 0.102874
5.936190 0.056671
5.941191 0.042822
5.946192 0.051344
5.951193 0.026873
5.956194 -0.026557
5.961195 -0.113566
5.966196 -0.225097
5.971197 -0.263652
5.976198 -0.206962
5.981199 -0.105112
5.986200 -0.042591
5.991201 -0.056389
5.996202 -0.084339
6.001203 -0.070625
6.006204 -0.022574
6.011205 0.052453
6.016206 0.152084
6.021207 0.204992
6.026208 0.175311
6.031209 0.100285
6.036210 0.045175
6.041211 0.028704
6.046212 0.003023
6.051213 -0.039145
6.056214 -0.048877
6.061215 -0.021397
6.066216 -0.001111
6.071217 0.030990
6.076218 0.038049
6.081219 -0.026490
6.086220 -0.127214
6.091221 -0.217921
6.096222 -0.226560
6.101223 -0.150172
6.106224 -0.052961
6.111225 0.018435
6.116226 0.051578
6.121227 0.048822
6.126228 0.032519
6.131229 0.064368
6.136230 0.181092
6.141231 0.295631
6.146232 0.301211
6.151233 0.213546
6.156234 0.083965
6.161235 -0.027852
6.166236 -0.091936
6.171237 -0.112424
6.176238 -0.103533
6.181239 -0.128626
6.186240 -0.201484
6.191241 -0.244157
6.196242 -0.191114
6.201243 -0.074810
6.206244 0.024418
6.211245 0.051746
6.216246 0.028351
6.221247 -0.021095
6.226248 -0.087231
6.231249 -0.092441
6.236250 -0.039600
6.241251 0.020754
6.246252 0.057746
6.251253 0.082973
6.256254 0.148100
6.261255 0.193512
6.266256 0.177243
6.271257 0.113007
6.276258 0.028602
6.281259 -0.040491
6.286260 -0.102542
6.291261 -0.123921
6.296262 -0.094172
6.301263 -0.066105
6.306264 -0.054693
6.311265 -0.063869
6.316266 -0.081113
6.321267 -0.078643
6.326268 -0.069668
6.331269 -0.059046
6.336270 -0.045500
6.341271 -0.026541
6.346272 0.000467
6.351273 0.038552
6.356274 0.105006
6.361275 0.166856
6.366276 0.194839
6.371277 0.190907
6.376278 0.146133
6.381279 0.081779
6.386280 0.031342
6.391281 0.025510
6.396282 0.059812
6.401283 0.050535
6.406284 -0.053281
6.411285 -0.174947
6.416286 -0.223166
6.421287 -0.198174
6.426288 -0.137686
6.431289 -0.075820
6.436290 -0.030340
6.441291 -0.002995
6.446292 0.015677
6.451293 0.043409
6.456294 0.084855
6.461295 0.127410
6.466296 0.145427
6.471297 0.134233
6.476298 0.114519
6.481299 0.076686
6.486300 0.007408
6.491301 -0.057971
6.496302 -0.086240
6.501303 -0.083265
6.506304 -0.070290
6.511305 -0.044542
6.516306 -0.021231
6.521307 -0.026828
6.526308 -0.046727
6.531309 -0.057685
6.536310 -0.032761
6.541311 0.000971
6.546312 -0.014424
6.551313 -0.063618
6.556314 -0.092795
6.561315 -0.069282
6.566316 -0.005802
6.571317 0.068988
6.576318 0.114989
6.581319 0.082602
6.586320 0.015391
6.591321 -0.000256
6.596322 0.055324
6.601323 0.123073
6.606324 0.117611
6.611325 0.045643
6.616326 -0.019366
6.621327 -0.051333
6.626328 -0.057316
6.631329 -0.033702
6.636330 0.000517
6.641331 0.028853
6.646332 0.029593
6.651333 0.008281
6.656334 0.005777
6.661335 -0.000509
6.666336 -0.021938
6.671337 -0.034728
6.676338 -0.033064
6.681339 -0.038408
6.686340 -0.065165
6.691341 -0.089770
6.696342 -0.091888
6.701343 -0.074123
6.706344 -0.048056
6.711345 -0.003198
6.716346 0.047408
6.721347 0.069425
6.726348 0.058853
6.731349 0.049660
6.736350 0.072921
6.741351 0.088719
6.746352 0.066332
6.751353 0.027273
6.756354 -0.000257
6.761355 -0.006660
6.766356 -0.009366
6.771357 -0.008392
6.776358 -0.007047
6.781359 -0.011013
6.786360 -0.007484
6.791361 0.012667
6.796362 0.042802
6.801363 0.040248
6.806364 -0.019266
6.811365 -0.079737
6.816366 -0.076241
6.821367 -0.029770
6.826368 0.001037
6.831369 0.005692
6.836370 -0.000543
6.841371 -0.021737
6.846372 -0.046493
6.851373 -0.043081
6.856374 0.013961
6.861375 0.089895
6.866376 0.108282
6.871377 0.085929
6.876378 0.051827
6.881379 0.003692
6.886380 -0.051888
6.891381 -0.110847
6.896382 -0.124746
6.901383 -0.101855
6.906384 -0.071351
6.911385 -0.019670
6.916386 0.026012
6.921387 0.040415
6.926388 0.009474
6.931389 -0.040846
6.936390 -0.043166
6.941391 0.014785
6.946392 0.083458
6.951393 0.120668
6.956394 0.130315
6.961395 0.098752
6.966396 0.038297
6.971397 0.026600
6.976398 0.065709
6.981399 0.089374
6.986400 0.047255
6.991401 -0.042527
6.996402 -0.105217
7.001403 -0.115839
7.006404 -0.092931
7.011405 -0.052813
7.016406 -0.027233
7.021407 -0.045922
7.026408 -0.083940
7.031409 -0.087755
7.036410 -0.024578
7.041411 0.061642
7.046412 0.094163
7.051413 0.081356
7.056414 0.069289
7.061415 0.071306
7.066416 0.073692
7.071417 0.066818
7.076418 0.045557
7.081419 0.000464
7.086420 -0.067570
7.091421 -0.119856
7.096422 -0.110243
7.101423 -0.060931
7.106424 -0.025519
7.111425 -0.006830
7.116426 0.005355
7.121427 -0.013738
7.126428 -0.039469
7.131429 -0.022628
7.136430 0.047574
7.141431 0.120617
7.146432 0.135037
7.151433 0.094096
7.156434 0.036599
7.161435 0.013490
7.166436 -0.001250
7.171437 -0.021671
7.176438 -0.025015
7.181439 -0.055553
7.186440 -0.122092
7.191441 -0.161824
7.196442 -0.126580
7.201443 -0.029167
7.206444 0.069154
7.211445 0.118213
7.216446 0.145793
7.221447 0.143911
7.226448 0.101289
7.231449 0.071238
7.236450 0.052817
7.241451 0.033153
7.246452 -0.006814
7.251453 -0.048495
7.256454 -0.058260
7.261455 -0.070361
7.266456 -0.094832
7.271457 -0.094748
7.276458 -0.052125
7.281459 0.001926
7.286460 0.039758
7.291461 0.057456
7.296462 0.062985
7.301463 0.043842
7.306464 0.008363
7.311465 -0.011520
7.316466 -0.015957
7.321467 -0.012175
7.326468 -0.032327
7.331469 -0.068378
7.336470 -0.087353
7.341471 -0.081807
7.346472 -0.064445
7.351473 -0.053806
7.356474 -0.026176
7.361475 -0.003066
7.366476 -0.007604
7.371477 -0.028714
7.376478 -0.050176
7.381479 -0.049487
7.386480 -0.052697
7.391481 -0.042663
7.396482 -0.012226
7.401483 0.006043
7.406484 0.004631
7.411485 -0.013235
7.416486 -0.011268
7.421487 0.003186
7.426488 0.006211
7.431489 0.008614
7.436490 0.024144
7.441491 0.039791
7.446492 0.031287
7.451493 0.020110
7.456494 0.028480
7.461495 0.051186
7.466496 0.066598
7.471497 0.084346
7.476498 0.107876
7.481499 0.099960
7.486500 0.057522
7.491501 0.004849
7.496502 -0.026143
7.501503 -0.051185
7.506504 -0.078900
7.511505 -0.091572
7.516506 -0.088664
7.521507 -0.067874
7.526508 -0.053908
7.531509 -0.029420
7.536510 0.018194
7.541511 0.061152
7.546512 0.085371
7.551513 0.101976
7.556514 0.135221
7.561515 0.169944
7.566516 0.173960
7.571517 0.149069
7.576518 0.127926
7.581519 0.089388
7.586520 0.013656
7.591521 -0.050076
7.596522 -0.070984
7.601523 -0.075135
7.606524 -0.097304
7.611525 -0.120094
7.616526 -0.123640
7.621527 -0.107388
7.626528 -0.081858
7.631529 -0.055707
7.636530 -0.019622
7.641531 0.004630
7.646532 0.010496
7.651533 0.013319
7.656534 0.024362
7.661535 0.041017
7.666536 0.036328
7.671537 0.019504
7.676538 0.005151
7.681539 -0.005353
7.686540 -0.022547
7.691541 -0.037707
7.696542 -0.024715
7.701543 -0.009925
7.706544 -0.006479
7.711545 -0.012631
7.716546 -0.014933
7.721547 -0.015152
7.726548 -0.035186
7.731549 -0.048648
7.736550 -0.046312
7.741551 -0.041925
7.746552 -0.041623
7.751553 -0.033505
7.756554 -0.010496
7.761555 0.007857
7.766556 0.009790
7.771557 0.014277
7.776558 0.041655
7.781559 0.070311
7.786560 0.072177
7.791561 0.047185
7.796562 0.027201
7.801563 0.011823
7.806564 -0.015085
7.811565 -0.036547
7.816566 -0.042161
7.821567 -0.033136
7.826568 -0.031371
7.831569 -0.031438
7.836570 -0.007303
7.841571 0.020327
7.846572 0.019285
7.851573 0.007235
7.856574 0.008428
7.861575 0.009554
7.866576 0.007319
7.871577 0.013840
7.876578 0.039000
7.881579 0.058395
7.886580 0.049050
7.891581 0.032226
7.896582 0.017554
7.901583 0.004478
7.906584 -0.009774
7.911585 -0.024682
7.916586 -0.019203
7.921587 -0.012430
7.926588 -0.031523
7.931589 -0.050699
7.936590 -0.050649
7.941592 -0.029086
7.946593 -0.000648
7.951594 0.031218
7.956595 0.069739
7.961596 0.090479
7.966597 0.081571
7.971598 0.057873
7.976599 0.055369
7.981600 0.060226
7.986601 0.039823
7.991602 0.011890
7.996603 -0.008598
8.001604 -0.029977
8.006605 -0.064246
8.011606 -0.086431
8.016607 -0.073691
8.021608 -0.050061
8.026609 -0.034548
8.031610 -0.024968
8.036611 -0.018716
8.041612 -0.024565
8.046613 -0.053019
8.051614 -0.078902
8.056615 -0.071692
8.061616 -0.049086
8.066617 -0.033859
8.071618 -0.020918
8.076619 0.004192
8.081620 0.031318
8.086621 0.034982
8.091622 0.033385
8.096623 0.043940
8.101624 0.051285
8.106625 0.051049
8.111626 0.054478
8.116627 0.072965
8.121628 0.089503
8.126629 0.086461
8.131630 0.075789
8.136631 0.076075
8.141632 0.075907
8.146633 0.044814
8.151634 -0.000985
8.156635 -0.037960
8.161636 -0.060751
8.166637 -0.080482
8.171638 -0.096062
8.176639 -0.083440
8.181640 -0.076936
8.186641 -0.088802
8.191642 -0.092650
8.196643 -0.076869
8.201644 -0.054902
8.206645 -0.051658
8.211646 -0.046062
8.216647 -0.022734
8.221648 0.011065
8.226649 0.033385
8.231650 0.045939
8.236651 0.066040
8.241652 0.081268
8.246653 0.071318
8.251654 0.049418
8.256655 0.046158
8.261656 0.040326
8.266657 0.029132
8.271658 0.022023
8.276659 0.031637
8.281660 0.049805
8.286661 0.034897
8.291662 0.019687
8.296663 0.013855
8.301664 -0.003171
8.306665 -0.029608
8.311666 -0.057289
8.316667 -0.063390
8.321668 -0.066718
8.326669 -0.083525
8.331670 -0.096869
8.336671 -0.083979
8.341672 -0.051188
8.346673 -0.027810
8.351674 -0.001406
8.356675 0.030527
8.361676 0.048477
8.366677 0.047351
8.371678 0.041216
8.376679 0.058662
8.381680 0.073116
8.386681 0.062695
8.391682 0.046544
8.396683 0.031972
8.401684 0.017485
8.406685 -0.011457
8.411686 -0.035541
8.416687 -0.037289
8.421688 -0.034180
8.426689 -0.041709
8.431690 -0.050684
8.436691 -0.037474
8.441692 -0.023071
8.446693 -0.026987
8.451694 -0.033978
8.456695 -0.026247
8.461696 -0.022718
8.466697 -0.044819
8.471698 -0.053273
8.476699 -0.032298
8.481700 0.000862
8.486701 0.028241
8.491702 0.046745
8.496703 0.074325
8.501704 0.092947
8.506705 0.086577
8.511706 0.069602
8.516707 0.057636
8.521708 0.039636
8.526709 0.003887
8.531710 -0.024180
8.536711 -0.021626
8.541712 -0.005306
8.546713 -0.002062
8.551714 -0.002130
8.556715 0.003753
8.561716 0.004862
8.566717 -0.015138
8.571718 -0.037609
8.576719 -0.027038
8.581720 -0.010584
8.586721 -0.001794
8.591722 0.011719
8.596723 0.031770
8.601724 0.051904
8.606725 0.047568
8.611726 0.041400
8.616727 0.041148
8.621728 0.028156
8.626729 0.001752
8.631730 -0.030584
8.636731 -0.031946
8.641732 -0.025643
8.646733 -0.040013
8.651734 -0.050971
8.656735 -0.046921
8.661736 -0.034836
8.666737 -0.036332
8.671738 -0.028904
8.676739 -0.001307
8.681740 0.017853
8.686741 0.016273
8.691742 0.002240
8.696743 0.003433
8.701744 0.010761
8.706745 0.005013
8.711746 0.001013
8.716747 0.011836
8.721748 0.017500
8.726749 0.002038
8.731750 -0.007290
8.736751 0.003769
8.741752 0.018794
8.746753 0.010861
8.751754 -0.008752
8.756755 -0.018232
8.761756 -0.033711
8.766757 -0.053711
8.771758 -0.066215
8.776759 -0.053308
8.781760 -0.027660
8.786761 -0.015509
8.791762 -0.002988
8.796763 0.016744
8.801764 0.031450
8.806765 0.027903
8.811766 0.020273
8.816767 0.026811
8.821768 0.038643
8.826769 0.038408
8.831770 0.034021
8.836771 0.042408
8.841772 0.047433
8.846773 0.036458
8.851774 0.030811
8.856775 0.036542
8.861776 0.039214
8.866777 0.027668
8.871778 0.004239
8.876779 -0.005156
8.881780 -0.015745
8.886781 -0.041543
8.891782 -0.062770
8.896783 -0.060502
8.901784 -0.041711
8.906785 -0.036316
8.911786 -0.019123
8.916787 0.008575
8.921788 0.020659
8.926789 0.015936
8.931790 0.002945
8.936791 0.014642
8.941792 0.025533
8.946793 0.018272
8.951794 0.012642
8.956795 0.010121
8.961796 0.006810
8.966797 -0.013560
8.971798 -0.026989
8.976799 -0.015005
8.981800 -0.000199
8.986801 -0.008518
8.991802 -0.029392
8.996803 -0.040855
9.001804 -0.057846
9.006805 -0.079259
9.011806 -0.097360
9.016807 -0.091864
9.021808 -0.075729
9.026809 -0.073662
9.031810 -0.058939
9.036811 -0.026972
9.041812 0.008810
9.046813 0.028507
9.051814 0.032944
9.056815 0.039129
9.061816 0.042592
9.066817 0.030255
9.071818 0.021566
9.076819 0.036003
9.081820 0.041180
9.086821 0.028658
9.091822 0.004910
9.096823 -0.008367
9.101824 -0.013157
9.106825 -0.031897
9.111826 -0.037863
9.116827 -0.029931
9.121828 -0.018519
9.126829 -0.020636
9.131830 -0.027847
9.136831 -0.010149
9.141832 0.011330
9.146833 0.016524
9.151834 0.023700
9.156835 0.048524
9.161836 0.063297
9.166837 0.056507
9.171838 0.048121
9.176839 0.050978
9.181840 0.054827
9.186841 0.039246
9.191842 0.024927
9.196843 0.029482
9.201844 0.029801
9.206845 0.015179
9.211846 0.002893
9.216847 0.012070
9.221848 0.026053
9.226849 0.023465
9.231850 0.019162
9.236851 0.028322
9.241852 0.035532
9.246853 0.017683
9.251854 0.005817
9.256855 0.012036
9.261856 0.011800
9.266857 0.001599
9.271858 -0.017713
9.276859 -0.021830
9.281860 -0.018419
9.286861 -0.028469
9.291862 -0.030738
9.296863 -0.017561
9.301864 -0.009545
9.306865 -0.023914
9.311866 -0.046637
9.316867 -0.049965
9.321868 -0.043764
9.326869 -0.047024
9.331870 -0.043041
9.336871 -0.020637
9.341872 -0.000755
9.346873 -0.002469
9.351874 -0.007830
9.356875 0.006539
9.361876 0.021817
9.366877 0.020119
9.371878 0.019481
9.376879 0.026439
9.381880 0.031128
9.386881 0.013985
9.391882 -0.008116
9.396883 -0.005360
9.401884 -0.006587
9.406885 -0.018822
9.411886 -0.023091
9.416887 -0.012621
9.421888 0.005850
9.426889 0.007279
9.431890 -0.000738
9.436891 0.009043
9.441892 0.016052
9.446893 0.008909
9.451894 0.006186
9.456895 0.014489
9.461896 0.027128
9.466897 0.017043
9.471898 0.003615
9.476899 0.011463
9.481900 0.014237
9.486901 0.003245
9.491902 0.000068
9.496903 0.013077
9.501904 0.022774
9.506905 0.014724
9.511906 0.001665
9.516907 0.002421
9.521908 0.000707
9.526909 -0.017142
9.531910 -0.037058
9.536911 -0.042773
9.541912 -0.044991
9.546913 -0.063412
9.551914 -0.071177
9.556915 -0.054958
9.561916 -0.033311
9.566917 -0.022285
9.571918 -0.014672
9.576919 0.004875
9.581920 0.014018
9.586921 0.003698
9.591922 -0.002285
9.596923 0.006841
9.601924 0.012186
9.606925 0.003143
9.611926 -0.002067
9.616927 0.005530
9.621928 0.016135
9.626929 0.015345
9.631930 0.010118
9.636931 0.015295
9.641932 0.015866
9.646933 0.001395
9.651934 -0.004386
9.656935 0.011648
9.661936 0.026387
9.666937 0.024740
9.671938 0.016858
9.676939 0.020875
9.681940 0.026118
9.686941 0.011849
9.691942 0.001143
9.696943 0.001261
9.701944 -0.002252
9.706945 -0.017193
9.711946 -0.029177
9.716947 -0.011160
9.721948 0.008101
9.726949 0.012420
9.731950 0.016807
9.736951 0.026253
9.741952 0.036622
9.746953 0.029429
9.751954 0.020219
9.756955 0.022622
9.761956 0.023967
9.766957 0.009294
9.771958 -0.006235
9.776959 0.004101
9.781960 0.011059
9.786961 0.004050
9.791962 -0.001311
9.796963 0.002504
9.801964 0.012302
9.806965 0.002655
9.811966 -0.009042
9.816967 0.001546
9.821968 0.008151
9.826969 0.001966
9.831970 -0.004706
9.836971 -0.004740
9.841972 -0.004454
9.846973 -0.024757
9.851974 -0.043581
9.856975 -0.045077
9.861976 -0.042892
9.866977 -0.053278
9.871978 -0.061648
9.876979 -0.039379
9.881980 -0.020169
9.886981 -0.013564
9.891982 0.001747
9.896983 0.027109
9.901984 0.047765
9.906985 0.044538
9.911986 0.036134
9.916987 0.041260
9.921988 0.041681
9.926989 0.023361
9.931990 0.004705
9.936991 0.002033
9.941992 -0.005261
9.946993 -0.027228
9.951994 -0.036152
9.956995 -0.025598
9.961996 -0.013161
9.966997 -0.013446
9.971998 -0.022035
9.976999 -0.011312
9.982000 0.005747
9.987001 0.004083
9.992002 0.005445
9.997003 0.024050
10.002004 0.038806
10.007005 0.031747
10.012006 0.022436
10.017007 0.024924
10.022008 0.030335
10.027009 0.017797
10.032010 0.001797
10.037011 0.012453
10.042012 0.016486
10.047013 0.004066
10.052014 -0.008472
10.057015 -0.007279
10.062016 -0.003430
10.067017 -0.018203
10.072018 -0.028892
10.077019 -0.026388
10.082020 -0.023010
10.087021 -0.036876
10.092022 -0.046472
10.097023 -0.031245
10.102024 -0.017850
10.107025 -0.016271
10.112026 -0.013397
10.117027 0.002318
10.122028 0.017965
10.127029 0.017091
10.132030 0.016503
10.137031 0.029226
10.142032 0.035612
10.147033 0.026436
10.152034 0.011646
10.157035 0.009780
10.162036 0.011024
10.167037 -0.009346
10.172038 -0.022019
10.177039 -0.016002
10.182040 -0.008405
10.187041 -0.010187
10.192042 -0.018926
10.197043 -0.007044
10.202044 0.000704
10.207046 -0.009162
10.212047 -0.012674
10.217048 -0.006825
10.222049 -0.000321
10.227050 -0.017884
10.232051 -0.035582
10.237052 -0.029633
10.242053 -0.023649
10.247054 -0.027280
10.252055 -0.028607
10.257056 -0.010321
10.262057 0.006637
10.267058 0.002435
10.272059 0.004132
10.277060 0.021931
10.282061 0.035629
10.287062 0.036519
10.292063 0.033343
10.297064 0.037477
10.302065 0.041259
10.307066 0.025460
10.312067 0.011880
10.317068 0.020166
10.322069 0.022637
10.327070 0.012905
10.332071 0.003561
10.337072 0.004889
10.342073 0.009847
10.347074 -0.001801
10.352075 -0.014877
10.357076 -0.009498
10.362077 -0.002339
10.367078 -0.013364
10.372079 -0.018776
10.377080 -0.007683
10.382081 -0.000977
10.387082 -0.005986
10.392083 -0.010843
10.397084 0.003325
10.402085 0.016771
10.407086 0.011140
10.412087 0.004233
10.417088 0.010250
10.422089 0.015628
10.427090 0.005292
10.432091 -0.001784
10.437092 0.007712
10.442093 0.017275
10.447094 0.009174
10.452095 -0.000288
10.457096 0.003291
10.462097 0.003661
10.467098 -0.010826
10.472099 -0.027869
10.477100 -0.021516
10.482101 -0.012306
10.487102 -0.024407
10.492103 -0.027785
10.497104 -0.016843
10.502105 -0.010843
10.507106 -0.017583
10.512107 -0.025768
10.517108 -0.012961
10.522109 0.000299
10.527110 -0.002675
10.532111 -0.003297
10.537112 0.003157
10.542113 0.010686
10.547114 -0.000138
10.552115 -0.014339
10.557116 -0.002558
10.562117 0.005409
10.567118 -0.001953
10.572119 -0.006726
10.577120 0.002182
10.582121 0.010434
10.587122 0.002165
10.592123 -0.002776
10.597124 0.004887
10.602125 0.009308
10.607126 -0.003650
10.612127 -0.008894
10.617128 0.001862
10.622129 0.014518
10.627130 0.016955
10.632131 0.011492
10.637132 0.021207
10.642133 0.023980
10.647134 0.009324
10.652135 -0.002995
10.657136 0.002232
10.662137 0.007963
10.667138 -0.005617
10.672139 -0.015046
10.677140 -0.012491
10.682141 -0.006189
10.687142 -0.016256
10.692143 -0.027399
10.697144 -0.017197
10.702145 -0.015399
10.707146 -0.024676
10.712147 -0.025449
10.717148 -0.009315
10.722149 0.005324
10.727150 0.004887
10.732151 0.004467
10.737152 0.014685
10.742153 0.025240
10.747154 0.015963
10.752155 0.008988
10.757156 0.017038
10.762157 0.020753
10.767158 0.009122
10.772159 -0.001483
10.777160 0.007862
10.782161 0.012618
10.787162 0.001256
10.792163 -0.010105
10.797164 -0.002996
10.802165 0.005996
10.807166 -0.001718
10.812167 -0.001231
10.817168 0.009593
10.822169 0.017979
10.827170 0.009240
10.832171 -0.002559
10.837172 0.005693
10.842173 0.011340
10.847174 0.003945
10.852175 -0.001450
10.857176 0.013475
10.862177 0.028366
10.867178 0.023912
10.872179 0.018920
10.877180 0.029391
10.882181 0.033946
10.887182 0.012096
10.892183 0.002012
10.897184 0.003071
10.902185 -0.000005
10.907186 -0.012963
10.912187 -0.029249
10.917188 -0.026543
10.922189 -0.027047
10.927190 -0.032257
10.932191 -0.038190
10.937192 -0.026593
10.942193 -0.007064
10.947194 -0.011971
10.952195 -0.010240
10.957196 0.000214
10.962197 0.009323
10.967198 0.006399
10.972199 -0.003316
10.977200 0.010029
10.982201 0.020718
10.987202 0.012953
10.992203 0.008869
10.997204 0.017609
11.002205 0.019575
11.007206 0.004466
11.012207 -0.004745
11.017208 0.000734
11.022209 0.001608
11.027210 -0.011114
11.032211 -0.021215
11.037212 -0.018173
11.042213 -0.014308
11.047214 -0.024005
11.052215 -0.031501
11.057216 -0.021266
11.062217 -0.009383
11.067218 -0.013837
11.072219 -0.016039
11.077220 -0.000005
11.082221 0.013054
11.087222 0.013440
11.092223 0.013911
11.097224 0.027760
11.102225 0.038802
11.107226 0.032869
11.112227 0.024314
11.117228 0.027339
11.122229 0.028919
11.127230 0.014533
11.132231 0.001121
11.137232 0.003121
11.142233 0.006869
11.147234 -0.008762
11.152235 -0.020577
11.157236 -0.013485
11.162237 -0.003922
11.167238 -0.008426
11.172239 -0.015081
11.177240 -0.000157
11.182241 0.007070
11.187242 -0.002728
11.192243 -0.009216
11.197244 -0.003065
11.202245 0.005944
11.207246 -0.000930
11.212247 -0.009569
11.217248 -0.003182
11.222249 0.002330
11.227250 -0.011401
11.232251 -0.022947
11.237252 -0.015468
11.242253 -0.008661
11.247254 -0.015351
11.252255 -0.023418
11.257256 -0.014443
11.262257 -0.001384
11.267258 -0.003351
11.272259 0.000128
11.277260 0.018616
11.282261 0.033709
11.287262 0.033574
11.292263 0.028683
11.297264 0.040415
11.302265 0.049793
11.307266 0.035675
11.312267 0.024700
11.317268 0.022784
11.322269 0.014414
11.327270 -0.002679
11.332271 -0.021805
11.337272 -0.019754
11.342273 -0.012914
11.347274 -0.027502
11.352275 -0.033335
11.357276 -0.020662
11.362277 -0.015469
11.367278 -0.019671
11.372279 -0.022713
11.377280 -0.012276
11.382281 -0.001385
11.387282 -0.005217
11.392283 -0.004662
11.397284 0.006111
11.402285 0.020700
11.407286 0.014447
11.412287 0.006548
11.417288 0.021691
11.422289 0.026868
11.427290 0.019019
11.432291 0.009876
11.437292 0.012514
11.442293 0.010346
11.447294 -0.010494
11.452295 -0.026679
11.457296 -0.026242
11.462297 -0.020831
11.467298 -0.033469
11.472299 -0.040696
11.477300 -0.028831
11.482301 -0.021436
11.487302 -0.026747
11.492303 -0.029671
11.497304 -0.013251
11.502305 -0.000293
11.507306 -0.007772
11.512307 -0.012612
11.517308 -0.005536
11.522309 -0.001738
11.527310 -0.006713
11.532311 -0.012108
11.537312 -0.001974
11.542313 0.007556
11.547314 -0.000881
11.552315 -0.004209
11.557316 0.002447
11.562317 0.013993
11.567318 0.011774
11.572319 0.005337
11.577320 0.020447
11.582321 0.028749
11.587322 0.025758
11.592323 0.022245
11.597324 0.030329
11.602325 0.039270
11.607326 0.022917
11.612327 0.013018
11.617328 0.016900
11.622329 0.016363
11.627330 0.006514
11.632331 -0.007470
11.637332 0.001320
11.642333 0.007640
11.647334 -0.004209
11.652335 -0.005974
11.657336 0.001892
11.662337 0.010816
11.667338 0.002194
11.672339 -0.004546
11.677340 0.003774
11.682341 0.003908
11.687342 -0.007050
11.692343 -0.018949
11.697344 -0.012680
11.702345 -0.007924
11.707346 -0.015890
11.712347 -0.017117
11.717348 -0.004041
11.722349 0.008816
11.727350 0.006244
11.732351 0.006278
11.737352 0.020244
11.742353 0.029287
11.747354 0.015102
11.752355 0.000009
11.757356 0.004009
11.762357 0.003757
11.767358 -0.010764
11.772359 -0.018597
11.777360 -0.012311
11.782361 -0.006008
11.787362 -0.012244
11.792363 -0.020832
11.797364 -0.010798
11.802365 0.001706
11.807366 -0.005622
11.812367 -0.010865
11.817368 -0.002176
11.822369 0.002513
11.827370 -0.008311
11.832371 -0.015571
11.837372 -0.006429
11.842373 -0.001538
11.847374 -0.005521
11.852375 -0.009151
11.857376 0.001824
11.862377 0.014849
11.867378 0.008832
11.872379 0.004193
11.877380 0.018362
11.882381 0.026765
11.887382 0.016126
11.892383 0.011034
11.897384 0.015588
11.902385 0.017622
11.907386 0.005538
11.912387 -0.005370
11.917388 0.000059
11.922389 0.001201
11.927390 -0.011757
11.932391 -0.022227
11.937392 -0.016463
11.942393 -0.010967
11.947394 -0.018664
11.952395 -0.025135
11.957396 -0.013303
11.962397 -0.001975
11.967398 -0.009740
11.972399 -0.015471
11.977400 -0.001874
11.982401 0.009067
11.987402 0.000394
11.992403 -0.003051
11.997404 0.006479
12.002405 0.011084
12.007406 -0.000379
12.012407 -0.005572
12.017408 0.002394
12.022409 0.002932
12.027410 -0.007807
12.032411 -0.016564
12.037412 -0.006497
12.042413 -0.000581
12.047414 -0.002648
12.052415 0.001167
12.057416 0.015184
12.062417 0.029000
12.067418 0.022411
12.072419 0.017705
12.077420 0.028764
12.082421 0.034378
12.087422 0.021655
12.092423 0.009840
12.097424 0.014176
12.102425 0.018562
12.107426 0.004982
12.112427 -0.006463
12.117428 0.000310
12.122429 0.005083
12.127430 -0.009052
12.132431 -0.023405
12.137432 -0.013237
12.142433 -0.008783
12.147434 -0.022817
12.152435 -0.029976
12.157436 -0.019976
12.162437 -0.015909
12.167438 -0.029791
12.172439 -0.030413
12.177440 -0.018766
12.182441 -0.010195
12.187442 -0.010279
12.192443 -0.011842
12.197444 0.003889
12.202445 0.017066
12.207446 0.011604
12.212447 0.012612
12.217448 0.027772
12.222449 0.032461
12.227450 0.020276
12.232451 0.017284
12.237452 0.027117
12.242453 0.026158
12.247454 0.014629
12.252455 0.002326
12.257456 0.003385
12.262457 0.003267
12.267458 -0.016229
12.272459 -0.025120
12.277460 -0.020111
12.282461 -0.019103
12.287462 -0.029389
12.292463 -0.039237
12.297464 -0.028884
12.302465 -0.019405
12.307466 -0.028800
12.312467 -0.035238
12.317468 -0.024414
12.322469 -0.015321
12.327470 -0.022246
12.332471 -0.025506
12.337472 -0.012027
12.342473 0.000376
12.347474 -0.001893
12.352475 -0.003590
12.357476 0.011536
12.362477 0.023536
12.367478 0.014780
12.372479 0.008107
12.377480 0.018057
12.382481 0.022208
12.387482 0.011418
12.392483 0.002729
12.397484 0.011250
12.402485 0.018091
12.407486 0.006477
12.412487 0.000830
12.417488 0.011603
12.422489 0.019704
12.427490 0.008847
12.432491 0.002174
12.437492 0.012258
12.442493 0.018107
12.447494 0.008561
12.452495 0.000342
12.457496 0.010040
12.462497 0.013687
12.467498 0.003451
12.472499 -0.002868
12.477501 0.005031
12.482502 0.012998
12.487503 0.005233
12.492504 0.000107
12.497505 0.011636
12.502506 0.019905
12.507507 0.012678
12.512508 0.009115
12.517509 0.022846
12.522510 0.031334
12.527511 0.021132
12.532512 0.015418
12.537513 0.022006
12.542514 0.025115
12.547515 0.008863
12.552516 -0.003457
12.557517 -0.000263
12.562518 -0.000717
12.567519 -0.012700
12.572520 -0.026835
12.577521 -0.020432
12.582522 -0.017507
12.587523 -0.029104
12.592524 -0.029205
12.597525 -0.016885
12.602526 -0.004079
12.607527 -0.007289
12.612528 -0.011289
12.617529 0.002728
12.622530 0.009132
12.627531 0.001098
12.632532 -0.004835
12.637533 0.001031
12.642534 0.007283
12.647535 -0.006348
12.652536 -0.015020
12.657537 -0.007323
12.662538 -0.004264
12.667539 -0.013894
12.672540 -0.024130
12.677541 -0.013827
12.682542 -0.006751
12.687543 -0.015474
12.692544 -0.018466
12.697545 -0.008113
12.702546 0.005383
12.707547 -0.000684
12.712548 -0.005961
12.717549 0.006274
12.722550 0.013921
12.727551 0.006055
12.732552 -0.001911
12.737553 0.007400
12.742554 0.013635
12.747555 0.004190
12.752556 -0.003945
12.757557 0.003165
12.762558 0.006375
12.767559 -0.006936
12.772560 -0.011357
12.777561 -0.002701
12.782562 0.003080
12.787563 -0.005693
12.792564 -0.011659
12.797565 -0.001357
12.802566 0.006022
12.807567 -0.003105
12.812568 -0.011374
12.817569 0.003736
12.822570 0.009013
12.827571 -0.001542
12.832572 -0.003239
12.837573 0.004677
12.842574 0.015837
12.847575 0.004979
12.852576 -0.003811
12.857577 0.005551
12.862578 0.004962
12.867579 -0.005676
12.872580 -0.017559
12.877581 -0.014836
12.882582 -0.008013
12.887583 -0.020114
12.892584 -0.028265
12.897585 -0.015340
12.902586 -0.005592
12.907587 -0.011273
12.912588 -0.011156
12.917589 0.004492
12.922590 0.016307
12.927591 0.010761
12.932592 0.006441
12.937593 0.020139
12.942594 0.028038
12.947595 0.016576
12.952596 0.010273
12.957597 0.017971
12.962598 0.025483
12.967599 0.019315
12.972600 0.010542
12.977601 0.020290
12.982602 0.029366
12.987603 0.019029
12.992604 0.010962
12.997605 0.017651
13.002606 0.017130
13.007607 0.000105
13.012608 -0.010282
13.017609 -0.005862
13.022610 -0.001862
13.027611 -0.008938
13.032612 -0.012954
13.037613 -0.001257
13.042614 0.005735
13.047615 -0.000601
13.052616 -0.002954
13.057617 0.004592
13.062618 0.010962
13.067619 0.002541
13.072620 -0.009039
13.077621 -0.004282
13.082622 -0.000585
13.087623 -0.013913
13.092624 -0.023324
13.097625 -0.014534
13.102626 -0.009324
13.107627 -0.018098
13.112628 -0.021980
13.117629 -0.011862
13.122630 -0.003392
13.127631 -0.010585
13.132632 -0.013341
13.137633 -0.002383
13.142634 0.005180
13.147635 -0.002551
13.152636 -0.010720
13.157637 0.000222
13.162638 0.003398
13.167639 -0.007879
13.172640 -0.016501
13.177641 -0.009207
13.182642 -0.002131
13.187643 -0.015879
13.192644 -0.017661
13.197645 -0.009577
13.202646 -0.001661
13.207647 -0.008770
13.212648 -0.018417
13.217649 -0.004770
13.222650 -0.004148
13.227651 -0.012787
13.232652 -0.019913
13.237653 -0.015325
13.242654 -0.005022
13.247655 -0.013930
13.252656 -0.015997
13.257657 -0.001073
13.262658 0.009196
13.267659 0.003650
13.272660 0.002289
13.277661 0.016709
13.282662 0.026205
13.287663 0.017079
13.292664 0.009936
13.297665 0.021549
13.302666 0.027297
13.307667 0.016053
13.312668 0.007801
13.317669 0.016894
13.322670 0.020793
13.327671 0.004524
13.332672 -0.003308
13.337673 0.004624
13.342674 0.010171
13.347675 0.003078
13.352676 -0.005006
13.357677 0.005364
13.362678 0.014624
13.367679 0.000910
13.372680 -0.004048
13.377681 0.010456
13.382682 0.014389
13.387683 0.010776
13.392684 0.006944
13.397685 0.016221
13.402686 0.028843
13.407687 0.015902
13.412688 0.009801
13.417689 0.017532
13.422690 0.019044
13.427691 0.004355
13.432692 -0.011090
13.437693 -0.003611
13.442694 -0.002855
13.447695 -0.017007
13.452696 -0.025393
13.457697 -0.015931
13.462698 -0.011191
13.467699 -0.020486
13.472700 -0.024166
13.477701 -0.016435
13.482702 -0.004401
13.487703 -0.013763
13.492704 -0.018906
13.497705 -0.005696
13.502706 0.002170
13.507707 -0.005847
13.512708 -0.013175
13.517709 0.002758
13.522710 0.009464
13.527711 0.002456
13.532712 -0.001040
13.537713 0.007044
13.542714 0.015582
13.547715 0.002119
13.552716 -0.003679
13.557717 0.006674
13.562718 0.009313
13.567719 -0.000183
13.572720 -0.006822
13.577721 0.003884
13.582722 0.011077
13.587723 0.002186
13.592724 -0.000536
13.597725 0.007548
13.602726 0.013531
13.607727 0.004607
13.612728 -0.006570
13.617729 0.001077
13.622730 0.008052
13.627731 -0.002083
13.632732 -0.010318
13.637733 -0.000032
13.642734 0.005867
13.647735 -0.005612
13.652736 -0.011259
13.657737 -0.001259
13.662738 0.005195
13.667739 -0.005680
13.672740 -0.012621
13.677741 -0.003948
13.682742 0.001144
13.687743 -0.008856
13.692744 -0.015613
13.697745 -0.001999
13.702746 0.006186
13.707747 -0.003293
13.712748 -0.004772
13.717749 0.006220
13.722750 0.017867
13.727751 0.012825
13.732752 0.003883
13.737753 0.018421
13.742754 0.023144
13.747755 0.007749
13.752756 -0.000419
13.757757 0.003345
13.762758 0.008018
13.767759 -0.004907
13.772760 -0.013394
13.777761 -0.003529
13.782762 -0.000403
13.787763 -0.009814
13.792764 -0.015445
13.797765 -0.004134
13.802766 0.003866
13.807767 -0.004403
13.812768 -0.007613
13.817769 0.002992
13.822770 0.009060
13.827771 -0.001378
13.832772 -0.007899
13.837773 0.000639
13.842774 0.007799
13.847775 -0.002638
13.852776 -0.013327
13.857777 -0.001260
13.862778 0.002017
13.867779 -0.009529
13.872780 -0.013143
13.877781 -0.002638
13.882782 0.009496
13.887783 -0.001697
13.892784 -0.005143
13.897785 0.013530
13.902786 0.018169
13.907787 0.007731
13.912788 0.003278
13.917789 0.010488
13.922790 0.013311
13.927791 -0.001781
13.932792 -0.012588
13.937793 -0.004319
13.942794 0.000437
13.947795 -0.012202
13.952796 -0.018034
13.957797 -0.008437
13.962798 -0.002639
13.967799 -0.009832
13.972800 -0.018706
13.977801 -0.006840
13.982802 -0.002050
13.987803 -0.012790
13.992804 -0.015799
13.997805 -0.006857
14.002806 0.004807
14.007807 -0.003395
14.012808 -0.007950
14.017809 0.005697
14.022810 0.012857
14.027811 0.004117
14.032812 0.000790
14.037813 0.011563
14.042814 0.016353
14.047815 0.008924
14.052816 -0.000807
14.057817 0.007361
14.062818 0.013714
14.067819 0.000521
14.072820 -0.003900
14.077821 0.005983
14.082822 0.015025
14.087823 0.006571
14.092824 -0.000135
14.097825 0.012201
14.102826 0.018672
14.107827 0.007949
14.112828 0.000285
14.117829 0.010302
14.122830 0.011395
14.127831 -0.000690
14.132832 -0.007614
14.137833 -0.000454
14.142834 0.005495
14.147835 -0.005614
14.152836 -0.009463
14.157837 -0.000690
14.162838 0.005243
14.167839 -0.003866
14.172840 -0.010892
14.177841 0.000268
14.182842 0.005411
14.187843 -0.005816
14.192844 -0.010774
14.197845 -0.001850
14.202846 0.000369
14.207847 -0.008102
14.212848 -0.014673
14.217849 -0.007547
14.222850 -0.001934
14.227851 -0.011245
14.232852 -0.017161
14.237853 -0.007816
14.242854 0.002335
14.247855 -0.006942
14.252856 -0.009077
14.257857 0.006503
14.262858 0.013730
14.267859 0.010638
14.272860 0.006419
14.277861 0.015007
14.282862 0.022486
14.287863 0.007646
14.292864 -0.004304
14.297865 0.004234
14.302866 0.004469
14.307867 -0.011262
14.312868 -0.018422
14.317869 -0.013228
14.322870 -0.007161
14.327871 -0.016102
14.332872 -0.023010
14.337873 -0.007346
14.342874 -0.000422
14.347875 -0.008170
14.352876 -0.012035
14.357877 -0.001665
14.362878 0.011041
14.367879 0.000082
14.372880 -0.005850
14.377881 0.007528
14.382882 0.011730
14.387883 0.002082
14.392884 -0.003262
14.397885 0.003343
14.402886 0.006099
14.407887 -0.004002
14.412888 -0.013212
14.417889 -0.005951
14.422890 0.000990
14.427891 -0.012355
14.432892 -0.018540
14.437893 -0.006657
14.442894 0.000687
14.447895 -0.006271
14.452896 -0.009683
14.457897 0.008015
14.462898 0.013276
14.467899 0.006553
14.472900 0.005326
14.477901 0.011612
14.482902 0.019561
14.487903 0.006401
14.492904 0.000687
14.497905 0.010200
14.502906 0.014519
14.507907 0.003443
14.512908 -0.003666
14.517909 0.010082
14.522910 0.015090
14.527911 0.006368
14.532912 0.001292
14.537913 0.015326
14.542914 0.022704
14.547915 0.013460
14.552916 0.014200
14.557917 0.023796
14.562918 0.033292
14.567919 0.024889
14.572920 0.018115
14.577921 0.029527
14.582922 0.032183
14.587923 0.020250
14.592924 0.010367
14.597925 0.017645
14.602926 0.018418
14.607927 0.001594
14.612928 -0.006272
14.617929 -0.003683
14.622930 -0.000036
14.627931 -0.010994
14.632932 -0.022289
14.637933 -0.009667
14.642934 -0.005364
14.647935 -0.014642
14.652936 -0.015566
14.657937 -0.006625
14.662938 0.001628
14.667939 -0.006272
14.672940 -0.010978
14.677941 0.000031
14.682942 0.006014
14.687943 -0.003818
14.692944 -0.012642
14.697945 -0.003095
14.702946 -0.002574
14.707947 -0.017112
14.712948 -0.022675
14.717949 -0.021600
14.722950 -0.016743
14.727951 -0.029768
14.732952 -0.041264
14.737953 -0.027062
14.742954 -0.022676
14.747956 -0.032054
14.752957 -0.034407
14.757958 -0.019297
14.762959 -0.010894
14.767960 -0.019163
14.772961 -0.018692
14.777962 -0.006239
14.782963 0.000081
14.787964 -0.007987
14.792965 -0.013466
14.797966 -0.003902
14.802967 0.003711
14.807968 -0.008676
14.812969 -0.015264
14.817970 -0.001079
14.822971 0.005123
14.827972 -0.003819
14.832973 -0.005550
14.837974 0.007425
14.842975 0.015963
14.847976 0.009476
14.852977 0.004871
14.857978 0.015173
14.862979 0.022518
14.867980 0.012030
14.872981 0.005307
14.877982 0.013627
14.882983 0.018971
14.887984 0.009728
14.892985 0.001223
14.897986 0.010114
14.902987 0.016736
14.907988 0.006837
14.912989 -0.000508
14.917990 0.009408
14.922991 0.017207
14.927992 0.007072
14.932993 0.002904
14.937994 0.013778
14.942995 0.018215
14.947996 0.011274
14.952997 0.007879
14.957998 0.019307
14.962999 0.029089
14.968000 0.020585
14.973001 0.016954
14.978002 0.026450
14.983003 0.029727
14.988004 0.019694
14.993005 0.012416
14.998006 0.020568
15.003007 0.025341
15.008008 0.010904
15.013009 0.000954
15.018010 0.012836
15.023011 0.014551
15.028012 0.003643
15.033013 -0.002441
15.038014 0.003273
15.043015 0.010265
15.048016 -0.005735
15.053017 -0.014912
15.058018 -0.007013
15.063019 -0.004727
15.068020 -0.016240
15.073021 -0.026190
15.078022 -0.018122
15.083023 -0.014139
15.088024 -0.024559
15.093025 -0.030912
15.098026 -0.019803
15.103027 -0.015669
15.108028 -0.025080
15.113029 -0.024643
15.118030 -0.018610
15.123031 -0.011753
15.128032 -0.017702
15.133033 -0.026913
15.138034 -0.014543
15.143035 -0.010929
15.148036 -0.022291
15.153037 -0.027787
15.158038 -0.020324
15.163039 -0.011585
15.168040 -0.023618
15.173041 -0.030997
15.178042 -0.015434
15.183043 -0.005870
15.188044 -0.014022
15.193045 -0.015820
15.198046 -0.000139
15.203047 0.012264
15.208048 0.001743
15.213049 0.001525
15.218050 0.016281
15.223051 0.020684
15.228052 0.018768
15.233053 0.008365
15.238054 0.019659
15.243055 0.028298
15.248056 0.012735
15.253057 0.009003
15.258058 0.015911
15.263059 0.021407
15.268060 0.008903
15.273061 0.002062
15.278062 0.011709
15.283063 0.014751
15.288064 0.006465
15.293065 -0.001585
15.298066 0.009507
15.303067 0.016919
15.308068 0.006381
15.313069 0.002129
15.318070 0.012465
15.323071 0.016718
15.328072 0.007054
15.333073 0.001927
15.338074 0.009154
15.343075 0.012869
15.348076 0.003003
15.353077 -0.005064
15.358078 0.001457
15.363079 0.009558
15.368080 -0.002443
15.373081 -0.011905
15.378082 -0.001216
15.383083 0.002381
15.388084 -0.006796
15.393085 -0.012913
15.398086 -0.005350
15.403087 0.002095
15.408088 -0.008258
15.413089 -0.014863
15.418090 -0.000880
15.423091 0.005524
15.428092 -0.001804
15.433093 -0.003670
15.438094 0.005389
15.443095 0.015255
15.448096 0.004095
15.453097 0.000582
15.458098 0.013910
15.463099 0.017171
15.468100 0.009574
15.473101 0.002683
15.478102 0.013910
15.483103 0.018280
15.488104 0.009187
15.493105 0.001170
15.498106 0.005809
15.503107 0.013087
15.508108 -0.004426
15.513109 -0.010494
15.518110 -0.002040
15.523111 -0.001636
15.528112 -0.010208
15.533113 -0.020612
15.538114 -0.011653
15.543115 -0.004679
15.548116 -0.016813
15.553117 -0.023334
15.558118 -0.012208
15.563119 -0.009553
15.568120 -0.020023
15.573121 -0.022679
15.578122 -0.015670
15.583123 -0.010914
15.588124 -0.017469
15.593125 -0.020578
15.598126 -0.010528
15.603127 -0.000443
15.608128 -0.008124
15.613129 -0.012477
15.618130 0.001204
15.623131 0.005876
15.628132 -0.003973
15.633133 -0.009351
15.638134 -0.000326
15.643135 0.004514
15.648136 -0.005334
15.653137 -0.014225
15.658138 -0.004377
15.663139 0.001506
15.668140 -0.010713
15.673141 -0.016242
15.678142 -0.008343
15.683143 -0.001150
15.688144 -0.012696
15.693145 -0.017469
15.698146 -0.003738
15.703147 0.004430
15.708148 -0.001872
15.713149 -0.004578
15.718150 0.010749
15.723151 0.017674
15.728152 0.012144
15.733153 0.009069
15.738154 0.020044
15.743155 0.027842
15.748156 0.015506
15.753157 0.010564
15.758158 0.019489
15.763159 0.026060
15.768160 0.016279
15.773161 0.006228
15.778162 0.017943
15.783163 0.022480
15.788164 0.008413
15.793165 0.003388
15.798166 0.010800
15.803167 0.017758
15.808168 0.008732
15.813169 -0.001251
15.818170 0.008396
15.823171 0.015018
15.828172 0.004934
15.833173 -0.003033
15.838174 0.006883
15.843175 0.012026
15.848176 -0.000108
15.853177 -0.005755
15.858178 0.004631
15.863179 0.006463
15.868180 -0.005016
15.873181 -0.008714
15.878182 -0.001386
15.883183 0.004581
15.888184 -0.005487
15.893185 -0.011151
15.898186 -0.002714
15.903187 0.003841
15.908188 -0.003520
15.913189 -0.013873
15.918190 -0.002344
15.923191 0.003488
15.928192 -0.011000
15.933193 -0.016109
15.938194 -0.008630
15.943195 -0.005386
15.948196 -0.016949
15.953197 -0.026294
15.958198 -0.013622
15.963199 -0.011100
15.968200 -0.020445
15.973201 -0.020680
15.978202 -0.012529
15.983203 -0.001705
15.988204 -0.011403
15.993205 -0.014328
15.998206 -0.001084
16.003207 0.005135
16.008208 0.000378
16.013209 -0.007521
16.018210 0.005891
16.023211 0.011084
16.028212 -0.003117
16.033213 -0.006143
16.038214 0.000815
16.043215 0.003370
16.048216 -0.007101
16.053217 -0.013891
16.058218 -0.005000
16.063219 0.000614
16.068220 -0.008361
16.073221 -0.012815
16.078222 -0.000076
16.083223 0.007286
16.088224 -0.001286
16.093225 -0.005992
16.098226 0.004697
16.103227 0.014042
16.108228 0.001723
16.113229 -0.002025
16.118230 0.009588
16.123231 0.013000
16.128232 0.007504
16.133233 -0.002614
16.138234 0.009907
16.143235 0.015857
16.148236 0.001403
16.153237 -0.001101
16.158238 0.004227
16.163239 0.012126
16.168240 0.004395
16.173241 -0.004597
16.178242 0.005739
16.183243 0.013487
16.188244 0.000411
16.193245 -0.005017
16.198246 0.007756
16.203247 0.009420
16.208248 0.001873
16.213249 -0.004648
16.218250 0.005504
16.223251 0.011638
16.228252 0.001571
16.233253 -0.001942
16.238254 0.006983
16.243255 0.016395
16.248256 0.005823
16.253257 0.003268
16.258258 0.016294
16.263259 0.021016
16.268260 0.013470
16.273261 0.008361
16.278262 0.017100
16.283263 0.019487
16.288264 0.008814
16.293265 0.001974
16.298266 0.007352
16.303267 0.009873
16.308268 -0.000850
16.313269 -0.012295
16.318270 -0.005018
16.323271 0.003100
16.328272 -0.011875
16.333273 -0.018816
16.338274 -0.005220
16.343275 -0.001858
16.348276 -0.009757
16.353277 -0.012262
16.358278 -0.003320
16.363279 0.003890
16.368280 -0.008447
16.373281 -0.009421
16.378282 0.002562
16.383283 0.003032
16.388284 -0.003237
16.393285 -0.010732
16.398286 -0.000783
16.403287 0.004310
16.408288 -0.009304
16.413289 -0.013069
16.418290 -0.006346
16.423291 -0.001203
16.428292 -0.011170
16.433293 -0.019523
16.438294 -0.007640
16.443295 -0.002985
16.448296 -0.013993
16.453297 -0.015523
16.458298 -0.005405
16.463299 -0.000615
16.468300 -0.008783
16.473301 -0.015792
16.478302 -0.005439
16.483303 0.002965
16.488304 -0.009590
16.493305 -0.017556
16.498306 -0.003523
16.503307 -0.001069
16.508308 -0.012128
16.513309 -0.011775
16.518310 -0.002985
16.523311 0.002948
16.528312 -0.005254
16.533313 -0.006733
16.538314 0.002897
16.543315 0.006444
16.548316 0.002158
16.553317 -0.005388
16.558318 0.005318
16.563319 0.013822
16.568320 0.000813
16.573321 -0.003674
16.578322 0.005519
16.583323 0.011082
16.588324 0.002309
16.593325 -0.005691
16.598326 0.004729
16.603327 0.010964
16.608328 0.001368
16.613329 -0.002363
16.618330 0.010695
16.623331 0.017015
16.628332 0.006242
16.633333 0.002964
16.638334 0.012662
16.643335 0.017838
16.648336 0.008326
16.653337 0.002561
16.658338 0.012174
16.663339 0.018174
16.668340 0.007267
16.673341 0.001502
16.678342 0.012763
16.683343 0.016073
16.688344 0.005687
16.693345 -0.001221
16.698346 0.007233
16.703347 0.013115
16.708348 0.001720
16.713349 -0.004683
16.718350 0.005250
16.723351 0.009687
16.728352 -0.000851
16.733353 -0.005860
16.738354 0.003855
16.743355 0.010073
16.748356 -0.001860
16.753357 -0.007305
16.758358 0.003266
16.763359 0.007065
16.768360 -0.004734
16.773361 -0.013389
16.778362 -0.001255
16.783363 0.000308
16.788364 -0.012415
16.793365 -0.015793
16.798366 -0.007894
16.803367 -0.000885
16.808368 -0.011070
16.813369 -0.015877
16.818370 -0.003675
16.823371 0.003602
16.828372 -0.006936
16.833373 -0.010364
16.838374 0.001451
16.843375 0.005501
16.848376 -0.003558
16.853377 -0.012499
16.858378 -0.001659
16.863379 0.002358
16.868380 -0.010079
16.873381 -0.014634
16.878382 -0.006516
16.883383 0.000056
16.888384 -0.011087
16.893385 -0.016600
16.898386 -0.005222
16.903387 0.000593
16.908388 -0.009087
16.913389 -0.012583
16.918390 -0.000886
16.923391 0.005047
16.928392 -0.004197
16.933393 -0.008331
16.938394 0.007635
16.943395 0.013467
16.948396 0.004459
16.953397 0.000291
16.958398 0.008795
16.963399 0.015568
16.968400 0.002694
16.973401 -0.003373
16.978402 0.002996
16.983403 0.005887
16.988404 -0.003138
16.993405 -0.012348
16.998406 -0.002920
17.003407 0.001517
17.008408 -0.009340
17.013410 -0.012079
17.018411 -0.002130
17.023412 0.003181
17.028413 -0.004365
17.033414 -0.008601
17.038415 0.004845
17.043416 0.011853
17.048417 -0.000416
17.053418 -0.002567
17.058419 0.008963
17.063420 0.013685
17.068421 0.004878
17.073422 -0.001575
17.078423 0.008408
17.083424 0.012358
17.088425 0.000710
17.093426 -0.005391
17.098427 0.001063
17.103428 0.008425
17.108429 -0.000365
17.113430 -0.009693
17.118431 0.004895
17.123432 0.011181
17.128433 -0.000366
17.133434 -0.003206
17.138435 0.008122
17.143436 0.016811
17.148437 0.003500
17.153438 -0.000954
17.158439 0.010374
17.163440 0.014542
17.168441 0.006492
17.173442 -0.001878
17.178443 0.010307
17.183444 0.015248
17.188445 0.002979
17.193446 -0.000416
17.198447 0.009046
17.203448 0.014979
17.208449 0.002878
17.213450 -0.003357
17.218451 0.008222
17.223452 0.011752
17.228453 0.001685
17.233454 -0.003274
17.238455 0.006626
17.243456 0.010895
17.248457 0.001785
17.253458 -0.003240
17.258459 0.004491
17.263460 0.012290
17.268461 -0.000837
17.273462 -0.007022
17.278463 0.004273
17.283464 0.006189
17.288465 -0.002904
17.293466 -0.010064
17.298467 -0.000601
17.303468 0.005920
17.308469 -0.007022
17.313470 -0.013022
17.318471 -0.001845
17.323472 0.002625
17.328473 -0.010282
17.333474 -0.014854
17.338475 -0.003929
17.343476 -0.001291
17.348477 -0.009930
17.353478 -0.017358
17.358479 -0.007291
17.363480 -0.001728
17.368481 -0.016501
17.373482 -0.019157
17.378483 -0.011005
17.383484 -0.007946
17.388485 -0.017190
17.393486 -0.023711
17.398487 -0.012047
17.403488 -0.007526
17.408489 -0.018148
17.413490 -0.020115
17.418491 -0.008148
17.423492 -0.004148
17.428493 -0.011241
17.433494 -0.016518
17.438495 -0.005644
17.443496 0.002541
17.448497 -0.009056
17.453498 -0.011560
17.458499 -0.001005
17.463500 0.008003
17.468501 -0.002569
17.473502 -0.004300
17.478503 0.011650
17.483504 0.012726
17.488505 0.010322
17.493506 0.003902
17.498507 0.014911
17.503508 0.024978
17.508509 0.011650
17.513510 0.009734
17.518511 0.016440
17.523512 0.022642
17.528513 0.011381
17.533514 0.001902
17.538515 0.013566
17.543516 0.015818
17.548517 0.004608
17.553518 -0.001695
17.558519 0.009347
17.563520 0.011414
17.568521 0.001364
17.573522 -0.002031
17.578523 0.004843
17.583524 0.012910
17.588525 -0.000905
17.593526 -0.004956
17.598527 0.005213
17.603528 0.008255
17.608529 -0.000334
17.613530 -0.009326
17.618531 0.005162
17.623532 0.006406
17.628533 -0.003510
17.633534 -0.003594
17.638535 0.002137
17.643536 0.012288
17.648537 0.000288
17.653538 -0.005023
17.658539 0.007868
17.663540 0.008187
17.668541 -0.000536
17.673542 -0.006485
17.678543 0.002389
17.683544 0.007481
17.688545 -0.004183
17.693546 -0.010654
17.698547 0.000069
17.703548 0.004943
17.708549 -0.008317
17.713550 -0.012351
17.718551 -0.002351
17.723552 0.001632
17.728553 -0.009091
17.733554 -0.013444
17.738555 -0.002183
17.743556 0.001750
17.748557 -0.005914
17.753558 -0.009847
17.758559 0.002103
17.763560 0.008640
17.768561 -0.000704
17.773562 -0.003998
17.778563 0.005666
17.783564 0.012859
17.788565 0.003010
17.793566 -0.003629
17.798567 0.006792
17.803568 0.012573
17.808569 0.000136
17.813570 -0.005041
17.818571 0.004909
17.823572 0.007346
17.828573 -0.001343
17.833574 -0.009713
17.838575 -0.000284
17.843576 0.008842
17.848577 -0.004486
17.853578 -0.009898
17.858579 0.003077
17.863580 0.007312
17.868581 -0.003209
17.873582 -0.008503
17.878583 0.002724
17.883584 0.006791
17.888585 -0.005209
17.893586 -0.011965
17.898587 -0.002537
17.903588 0.002724
17.908589 -0.011142
17.913590 -0.015764
17.918591 -0.005780
17.923592 -0.002772
17.928593 -0.011545
17.933594 -0.017092
17.938595 -0.006066
17.943596 0.001497
17.948597 -0.008453
17.953598 -0.012907
17.958599 -0.001243
17.963600 0.005077
17.968601 -0.003545
17.973602 -0.008520
17.978603 0.001984
17.983604 0.009043
17.988605 0.000740
17.993606 -0.004823
17.998607 0.004976
18.003608 0.013497
18.008609 0.001665
18.013610 -0.004621
18.018611 0.009026
18.023612 0.010925
18.028613 -0.000268
18.033614 -0.004268
18.038615 0.004875
18.043616 0.008488
18.048617 -0.002705
18.053618 -0.007949
18.058619 0.003648
18.063620 0.010488
18.068621 -0.003042
18.073622 -0.004823
18.078623 0.006959
18.083624 0.012253
18.088625 0.005664
18.093626 -0.002991
18.098627 0.008908
18.103628 0.017026
18.108629 0.003984
18.113630 -0.001529
18.118631 0.011446
18.123632 0.013866
18.128633 0.000286
18.133634 -0.001412
18.138635 0.006689
18.143636 0.009883
18.148637 -0.000033
18.153638 -0.007983
18.158639 0.003967
18.163640 0.007462
18.168641 -0.003748
18.173642 -0.006874
18.178643 0.002824
18.183644 0.008689
18.188645 -0.004824
18.193646 -0.009109
18.198647 0.001966
18.203648 0.003697
18.208649 -0.005546
18.213650 -0.012891
18.218651 -0.003698
18.223652 0.001563
18.228653 -0.010219
18.233654 -0.015731
18.238655 -0.005799
18.243656 -0.000151
18.248657 -0.011093
18.253658 -0.013597
18.258659 -0.003177
18.263660 0.000790
18.268661 -0.007143
18.273662 -0.012387
18.278663 -0.001513
18.283664 0.003327
18.288665 -0.006992
18.293666 -0.012774
18.298667 -0.002202
18.303668 0.005428
18.308669 -0.005311
18.313670 -0.012253
18.318671 0.000050
18.323672 0.007042
18.328673 -0.005009
18.333674 -0.010017
18.338675 -0.001900
18.343676 0.002974
18.348677 -0.006438
18.353678 -0.012723
18.358679 -0.000841
18.363680 0.004857
18.368681 -0.006253
18.373682 -0.009429
18.378683 0.003260
18.383684 0.007915
18.388685 -0.000303
18.393686 -0.006119
18.398687 0.005008
18.403688 0.012722
18.408689 0.000991
18.413690 -0.002774
18.418691 0.006134
18.423692 0.011848
18.428693 0.001915
18.433694 -0.004942
18.438695 0.007579
18.443696 0.010940
18.448697 0.001142
18.453698 -0.002673
18.458699 0.005898
18.463700 0.011965
18.468701 0.000402
18.473702 -0.002841
18.478703 0.008503
18.483704 0.011243
18.488705 0.003394
18.493706 -0.000673
18.498707 0.009293
18.503708 0.014587
18.508709 0.005007
18.513710 -0.000690
18.518711 0.007562
18.523712 0.014621
18.528713 0.003948
18.533714 -0.005178
18.538715 0.006335
18.543716 0.013074
18.548717 -0.002186
18.553718 -0.006842
18.558719 0.006856
18.563720 0.008940
18.568721 -0.000523
18.573722 -0.006909
18.578723 0.002049
18.583724 0.010402
18.588725 -0.004170
18.593726 -0.009447
18.598727 0.002452
18.603728 0.005763
18.608729 -0.003901
18.613730 -0.009985
18.618731 0.001343
18.623732 0.005780
18.628733 -0.003414
18.633734 -0.006204
18.638735 0.002250
18.643736 0.008435
18.648737 -0.001313
18.653738 -0.006943
18.658739 0.003057
18.663740 0.006301
18.668741 -0.004456
18.673742 -0.011548
18.678743 -0.000086
18.683744 0.004485
18.688745 -0.009918
18.693746 -0.012036
18.698747 -0.003263
18.703748 0.000687
18.708749 -0.008237
18.713750 -0.014338
18.718751 -0.001027
18.723752 0.002435
18.728753 -0.008590
18.733754 -0.011162
18.738755 -0.003263
18.743756 0.002704
18.748757 -0.006775
18.753758 -0.011784
18.758759 0.000216
18.763760 0.005057
18.768761 0.000384
18.773762 -0.005431
18.778763 0.005174
18.783764 0.015796
18.788765 0.001510
18.793766 -0.003448
18.798767 0.008216
18.803768 0.013258
18.808769 0.001140
18.813770 -0.004389
18.818771 0.008317
18.823772 0.010855
18.828773 0.000771
18.833774 -0.004658
18.838775 0.005762
18.843776 0.010317
18.848777 -0.001179
18.853778 -0.005868
18.858779 0.001796
18.863780 0.005460
18.868781 -0.006809
18.873782 -0.011902
18.878783 -0.004288
18.883784 -0.001515
18.888785 -0.009600
18.893786 -0.017734
18.898787 -0.006171
18.903788 0.002132
18.908789 -0.010894
18.913790 -0.014137
18.918791 0.000098
18.923792 0.003728
18.928793 -0.007045
18.933794 -0.010205
18.938795 0.002014
18.943796 0.007527
18.948797 -0.004474
18.953798 -0.007432
18.958799 0.003241
18.963800 0.005661
18.968801 -0.004877
18.973802 -0.009348
18.978803 0.002871
18.983804 0.005745
18.988805 -0.005768
18.993806 -0.008978
18.998807 0.000333
19.003808 0.004568
19.008809 -0.006541
19.013810 -0.011987
19.018811 -0.000961
19.023812 0.003509
19.028813 -0.007617
19.033814 -0.009045
19.038815 0.001039
19.043816 0.005694
19.048817 -0.001180
19.053818 -0.007398
19.058819 0.004921
19.063820 0.010299
19.068821 -0.000188
19.073822 -0.003130
19.078823 0.006820
19.083824 0.014131
19.088825 0.003139
19.093826 -0.001348
19.098827 0.010702
19.103828 0.014434
19.108829 0.006215
19.113830 0.000366
19.118831 0.009526
19.123832 0.016786
19.128833 0.005509
19.133834 -0.000054
19.138835 0.010854
19.143836 0.016585
19.148837 0.006047
19.153838 -0.000575
19.158839 0.010013
19.163840 0.014383
19.168841 0.003223
19.173842 -0.001584
19.178843 0.007374
19.183844 0.011189
19.188845 0.004685
19.193846 -0.002206
19.198847 0.004467
19.203848 0.013391
19.208849 0.000013
19.213850 -0.005718
19.218851 0.003004
19.223852 0.005727
19.228853 -0.003113
19.233854 -0.010408
19.238855 0.001710
19.243856 0.003878
19.248857 -0.005735
19.253858 -0.008845
19.258859 -0.001130
19.263860 0.006332
19.268861 -0.005920
19.273862 -0.010559
19.278863 0.000416
19.283865 0.002466
19.288866 -0.008072
19.293867 -0.014105
19.298868 -0.002156
19.303869 0.001592
19.308870 -0.009366
19.313871 -0.013870
19.318872 -0.006744
19.323873 0.001928
19.328874 -0.010811
19.333875 -0.015517
19.338876 -0.000895
19.343877 -0.001433
19.348878 -0.009551
19.353879 -0.013383
19.358880 -0.003366
19.363881 0.002500
19.368882 -0.008879
19.373883 -0.011786
19.378884 -0.002778
19.383885 0.003979
19.388886 -0.007030
19.393887 -0.013534
19.398888 0.001357
19.403889 0.004869
19.408890 -0.005064
19.413891 -0.007921
19.418892 0.000886
19.423893 0.006987
19.428894 -0.002526
19.433895 -0.008459
19.438896 0.001508
19.443897 0.006886
19.448898 -0.003434
19.453899 -0.007770
19.458900 0.001776
19.463901 0.007222
19.468902 -0.001837
19.473903 -0.008224
19.478904 0.003457
19.483905 0.011474
19.488906 -0.000997
19.493907 -0.003585
19.498908 0.011642
19.503909 0.012903
19.508910 0.005020
19.513911 0.002163
19.518912 0.011860
19.523913 0.017339
19.528914 0.005743
19.533915 0.001575
19.538916 0.010129
19.543917 0.015760
19.548918 0.004885
19.553919 -0.001568
19.558920 0.008751
19.563921 0.012045
19.568922 0.000633
19.573923 -0.005333
19.578924 0.004684
19.583925 0.006616
19.588926 -0.005468
19.593927 -0.008443
19.598928 0.000515
19.603929 0.004062
19.608930 -0.005300
19.613931 -0.012392
19.618932 -0.002157
19.623933 0.003524
19.628934 -0.009199
19.633935 -0.014460
19.638936 -0.003552
19.643937 0.003238
19.648938 -0.010241
19.653939 -0.013519
19.658940 -0.000594
19.663941 0.001574
19.668942 -0.004460
19.673943 -0.012292
19.678944 -0.000073
19.683945 0.008330
19.688946 -0.004023
19.693947 -0.007099
19.698948 0.002297
19.703949 0.008263
19.708950 -0.000880
19.713951 -0.004947
19.718952 0.004532
19.723953 0.010683
19.728954 0.000918
19.733955 -0.005149
19.738956 0.005843
19.743957 0.011036
19.748958 0.000212
19.753959 -0.007015
19.758960 0.004061
19.763961 0.007742
19.768962 -0.002494
19.773963 -0.007872
19.778964 0.001254
19.783965 0.008078
19.788966 -0.004174
19.793967 -0.006259
19.798968 0.004632
19.803969 0.006078
19.808970 -0.000864
19.813971 -0.007099
19.818972 0.001943
19.823973 0.010111
19.828974 -0.002410
19.833975 -0.008276
19.838976 0.003304
19.843977 0.007439
19.848978 -0.003318
19.853979 -0.007671
19.858980 0.002750
19.863981 0.005590
19.868982 -0.002612
19.873983 -0.006763
19.878984 -0.000057
19.883985 0.008800
19.888986 -0.000225
19.893987 -0.006713
19.898988 0.004934
19.903989 0.008800
19.908990 -0.001116
19.913991 -0.005688
19.918992 0.004531
19.923993 0.009758
19.928994 -0.000141
19.933995 -0.005503
19.938996 0.004632
19.943997 0.011220
19.948998 -0.000763
19.953999 -0.008226
19.959000 0.003943
19.964001 0.008598
19.969002 -0.003570
19.974003 -0.006696
19.979004 0.003976
19.984005 0.008111
19.989006 -0.001133
19.994007 -0.006579
19.999008 0.004195
20.004009 0.009304
20.009010 -0.003318
20.014011 -0.004478
20.019012 0.005119
20.024013 0.009690
20.029014 0.003119
20.034015 -0.006461
20.039016 0.008110
20.044017 0.014010
20.049018 -0.000411
20.054019 -0.000310
20.059020 0.006799
20.064021 0.011455
20.069022 0.001892
20.074023 -0.007083
20.079024 0.004614
20.084025 0.007825
20.089026 -0.003873
20.094027 -0.008646
20.099028 0.000429
20.104029 0.006631
20.109030 -0.006125
20.114031 -0.011016
20.119032 0.000799
20.124033 0.001102
20.129034 -0.005386
20.134035 -0.010949
20.139036 -0.002058
20.144037 0.004900
20.149038 -0.009184
20.154039 -0.011470
20.159040 -0.002058
20.164041 0.002211
20.169042 -0.006395
20.174043 -0.012042
20.179044 -0.004025
20.184045 0.001152
20.189046 -0.005890
20.194047 -0.013857
20.199048 -0.004092
20.204049 0.001555
20.209050 -0.009000
20.214051 -0.013756
20.219052 -0.004193
20.224053 0.002647
20.229054 -0.007454
20.234055 -0.011622
20.239056 0.000362
20.244057 0.008076
20.249058 0.001538
20.254059 -0.002361
20.259060 0.010815
20.264061 0.015320
20.269062 0.006630
20.274063 0.002513
20.279064 0.011975
20.284065 0.019404
20.289066 0.006193
20.294067 0.001672
20.299068 0.009857
20.304069 0.015084
20.309070 0.005773
20.314071 -0.004681
20.319072 0.008546
20.324073 0.012731
20.329074 -0.000294
20.334075 -0.003084
20.339076 0.007101
20.344077 0.010664
20.349078 0.001454
20.354079 -0.001757
20.359080 0.006949
20.364081 0.013487
20.369082 0.001000
20.374083 -0.005034
20.379084 0.006815
20.384085 0.008344
20.389086 -0.000160
20.394087 -0.006211
20.399088 0.003201
20.404089 0.007185
20.409090 -0.004496
20.414091 -0.004984
20.419092 0.000882
20.424093 0.005050
20.429094 -0.002211
20.434095 -0.008950
20.439096 0.000041
20.444097 0.005689
20.449098 -0.002664
20.454099 -0.010883
20.459100 0.001823
20.464101 0.008411
20.469102 -0.003471
20.474103 -0.007925
20.479104 0.002008
20.484105 0.007336
20.489106 -0.004413
20.494107 -0.010917
20.499108 -0.001673
20.504109 0.003621
20.509110 -0.008866
20.514111 -0.012850
20.519112 -0.004648
20.524113 -0.000345
20.529114 -0.006648
20.534115 -0.013455
20.539116 -0.002581
20.544117 0.002209
20.549118 -0.006379
20.554119 -0.012514
20.559120 -0.001959
20.564121 0.005570
20.569122 -0.006934
20.574123 -0.011690
20.579124 -0.001320
20.584125 0.004478
20.589126 -0.005791
20.594127 -0.011556
20.599128 -0.001186
20.604129 0.004377
20.609130 -0.007136
20.614131 -0.012833
20.619132 -0.001169
20.624133 0.004142
20.629134 -0.007371
20.634135 -0.013775
20.639136 -0.001808
20.644137 0.002242
20.649138 -0.008968
20.654139 -0.010665
20.659140 0.001133
20.664141 0.004797
20.669142 -0.004649
20.674143 -0.008195
20.679144 0.003083
20.684145 0.009251
20.689146 -0.001119
20.694147 -0.004934
20.699148 0.004209
20.704149 0.012629
20.709150 0.004309
20.714151 -0.003808
20.719152 0.010091
20.724153 0.015452
20.729154 0.006124
20.734155 0.001082
20.739156 0.008830
20.744157 0.015839
20.749158 0.006040
20.754159 0.000410
20.759160 0.009671
20.764161 0.016007
20.769162 0.005486
20.774163 -0.000363
20.779164 0.009166
20.784165 0.013385
20.789166 0.004612
20.794167 -0.002968
20.799168 0.007200
20.804169 0.012292
20.809170 0.000275
20.814171 -0.004263
20.819172 0.002897
20.824173 0.009435
20.829174 -0.000632
20.834175 -0.008061
20.839176 0.004595
20.844177 0.007721
20.849178 -0.002212
20.854179 -0.007137
20.859180 0.003099
20.864181 0.007401
20.869182 -0.004246
20.874183 -0.005792
20.879184 0.000914
20.884185 0.005922
20.889186 -0.001389
20.894187 -0.011137
20.899188 0.000225
20.904189 0.008443
20.909190 -0.005994
20.914191 -0.011322
20.919192 0.001266
20.924193 0.002998
20.929194 -0.007877
20.934195 -0.010835
20.939196 -0.002750
20.944197 0.002208
20.949198 -0.005356
20.954199 -0.014398
20.959200 -0.002549
20.964201 0.004342
20.969202 -0.008129
20.974203 -0.010162
20.979204 -0.001625
20.984205 0.004947
20.989206 -0.004852
20.994207 -0.010448
20.999208 0.001972
21.004209 0.005081
21.009210 -0.003457
21.014211 -0.007877
21.019212 0.001501
21.024213 0.006510
21.029214 -0.003843
21.034215 -0.008230
21.039216 0.001669
21.044217 0.005854
21.049218 -0.004986
21.054219 -0.008533
21.059220 0.001568
21.064221 0.004392
21.069222 -0.005037
21.074223 -0.010970
21.079224 0.000005
21.084225 0.006829
21.089226 -0.006365
21.094227 -0.010583
21.099228 -0.000129
21.104229 0.006073
21.109230 -0.003995
21.114231 -0.010734
21.119232 0.003249
21.124233 0.006442
21.129234 -0.003003
21.134235 -0.005323
21.139236 0.003182
21.144237 0.009921
21.149238 -0.000718
21.154239 -0.005491
21.159240 0.004627
21.164241 0.009585
21.169242 0.000257
21.174243 -0.005877
21.179244 0.005081
21.184245 0.007837
21.189246 -0.000785
21.194247 -0.004331
21.199248 0.003551
21.204249 0.010761
21.209250 -0.000382
21.214251 -0.004264
21.219252 0.006610
21.224253 0.010576
21.229254 0.001971
21.234255 -0.004315
21.239256 0.006610
21.244257 0.012627
21.249258 0.001971
21.254259 -0.004886
21.259260 0.006038
21.264261 0.012156
21.269262 0.001517
21.274263 -0.003508
21.279264 0.003551
21.284265 0.012677
21.289266 0.001904
21.294267 -0.005710
21.299268 0.007433
21.304269 0.009853
21.309270 0.001618
21.314271 -0.004063
21.319272 0.002525
21.324273 0.012341
21.329274 0.002021
21.334275 -0.008080
21.339276 0.005164
21.344277 0.009836
21.349278 -0.002752
21.354279 -0.008046
21.359280 0.001450
21.364281 0.006811
21.369282 -0.006248
21.374283 -0.008836
21.379284 -0.001223
21.384285 0.003870
21.389286 -0.005038
21.394287 -0.012584
21.399288 0.002290
21.404289 0.002811
21.409290 -0.006030
21.414291 -0.009963
21.419292 -0.001979
21.424293 0.005954
21.429294 -0.006349
21.434295 -0.008332
21.439296 0.000474
21.444297 0.006021
21.449298 -0.002097
21.454299 -0.010585
21.459300 0.001701
21.464301 0.006374
21.469302 -0.003610
21.474303 -0.007475
21.479304 0.001701
21.484305 0.008861
21.489306 -0.001173
21.494307 -0.006736
21.499308 0.002945
21.504309 0.008894
21.509310 -0.000635
21.514311 -0.006904
21.519312 0.005667
21.524313 0.006155
21.529314 -0.003039
21.534315 -0.004265
21.539316 0.000827
21.544317 0.008172
21.549319 -0.000955
21.554320 -0.009123
21.559321 0.001213
21.564322 0.007987
21.569323 -0.005543
21.574324 -0.012081
21.579325 0.000659
21.584326 0.002894
21.589327 -0.005694
21.594328 -0.011778
21.599329 -0.003711
21.604330 0.005398
21.609331 -0.008904
21.614332 -0.013795
21.619333 -0.000081
21.624334 0.001028
21.629335 -0.007812
21.634336 -0.013123
21.639337 -0.002451
21.644338 0.003885
21.649339 -0.008266
21.654340 -0.010686
21.659341 -0.001106
21.664342 0.005583
21.669343 -0.002619
21.674344 -0.009174
21.679345 0.002289
21.684346 0.008776
21.689347 -0.000165
21.694348 -0.006888
21.699349 0.004087
21.704350 0.009734
21.709351 -0.001073
21.714352 -0.006132
21.719353 0.002305
21.724354 0.009398
21.729355 -0.000636
21.734356 -0.007006
21.739357 0.004171
21.744358 0.010289
21.749359 -0.000502
21.754360 -0.007813
21.759361 0.004406
21.764362 0.010843
21.769363 -0.003140
21.774364 -0.006939
21.779365 0.005986
21.784366 0.007818
21.789367 -0.001527
21.794368 -0.005124
21.799369 0.002540
21.804370 0.009397
21.809371 -0.000048
21.814372 -0.007897
21.819373 0.004137
21.824374 0.009397
21.829375 -0.001930
21.834376 -0.005746
21.839377 0.001431
21.844378 0.007465
21.849379 -0.002956
21.854380 -0.010855
21.859381 0.001246
21.864382 0.007229
21.869383 -0.002956
21.874384 -0.009813
21.879385 0.003296
21.884386 0.009246
21.889387 -0.001914
21.894388 -0.004082
21.899389 0.004574
21.904390 0.010338
21.909391 0.002120
21.914392 -0.002721
21.919393 0.007616
21.924394 0.012120
21.929395 0.002338
21.934396 -0.002771
21.939397 0.007078
21.944398 0.011061
21.949399 0.000809
21.954400 -0.002973
21.959401 0.005464
21.964402 0.010590
21.969403 0.001481
21.974404 -0.003981
21.979405 0.005817
21.984406 0.011077
21.989407 0.000909
21.994408 -0.006116
21.999409 0.006590
22.004410 0.011178
22.009411 -0.000587
22.014412 -0.004099
22.019413 0.003682
22.024414 0.010103
22.029415 -0.001377
22.034416 -0.008049
22.039417 0.004707
22.044418 0.006354
22.049419 -0.004738
22.054420 -0.009679
22.059421 -0.001730
22.064422 0.002321
22.069423 -0.008671
22.074424 -0.012789
22.079425 -0.004688
22.084426 0.000270
22.089427 -0.008974
22.094428 -0.015579
22.099429 -0.004285
22.104430 -0.000133
22.109431 -0.010402
22.114432 -0.013360
22.119433 -0.006217
22.124434 0.000035
22.129435 -0.006100
22.134436 -0.015394
22.139437 -0.002016
22.144438 0.004001
22.149439 -0.008486
22.154440 -0.009881
22.159441 -0.003444
22.164442 0.007228
22.169443 -0.001310
22.174444 -0.011781
22.179445 0.004001
22.184446 0.008757
22.189447 -0.000907
22.194448 -0.006537
22.199449 0.002135
22.204450 0.010942
22.209451 -0.000335
22.214452 -0.005730
22.219453 0.003144
22.224454 0.010219
22.229455 0.001127
22.234456 -0.007008
22.239457 0.005564
22.244458 0.010421
22.249459 0.000774
22.254460 -0.003193
22.259461 0.005782
22.264462 0.011715
22.269463 0.002034
22.274464 -0.003663
22.279465 0.006791
22.284466 0.012572
22.289467 0.001580
22.294468 -0.004134
22.299469 0.004017
22.304470 0.008908
22.309471 -0.000437
22.314472 -0.008538
22.319473 0.000404
22.324474 0.006185
22.329475 -0.004067
22.334476 -0.010386
22.339477 -0.002302
22.344478 0.004942
22.349479 -0.005075
22.354480 -0.011798
22.359481 -0.000403
22.364482 0.004656
22.369483 -0.004454
22.374484 -0.009950
22.379485 0.000000
22.384486 0.005362
22.389487 -0.004672
22.394488 -0.009597
22.399489 0.000958
22.404490 0.007093
22.409491 -0.006235
22.414492 -0.009395
22.419493 0.000521
22.424494 0.002471
22.429495 -0.002723
22.434496 -0.011412
22.439497 -0.002084
22.444498 0.007412
22.449499 -0.007395
22.454500 -0.011547
22.459501 -0.000639
22.464502 0.003479
22.469503 -0.005883
22.474504 -0.011984
22.479505 -0.000958
22.484506 0.003311
22.489507 -0.005950
22.494508 -0.010874
22.499509 -0.001681
22.504510 0.003563
22.509511 -0.005732
22.514512 -0.011429
22.519513 -0.002185
22.524514 0.006168
22.529515 -0.003698
22.534516 -0.007799
22.539517 0.004554
22.544518 0.010067
22.549519 0.001075
22.554520 -0.003278
22.559521 0.006487
22.564522 0.014084
22.569523 0.005260
22.574524 -0.002723
22.579525 0.009025
22.584526 0.014084
22.589527 0.002588
22.594528 -0.002286
22.599529 0.007008
22.604530 0.012453
22.609531 0.003142
22.614532 -0.003228
22.619533 0.004403
22.624534 0.012890
22.629535 0.002537
22.634536 -0.004707
22.639537 0.008419
22.644538 0.013024
22.649539 0.003377
22.654540 -0.002219
22.659541 0.008503
22.664542 0.014218
22.669543 0.002974
22.674544 0.000386
22.679545 0.007781
22.684546 0.015680
22.689547 0.006436
22.694548 -0.003615
22.699549 0.009159
22.704550 0.012117
22.709551 0.000587
22.714552 -0.005178
22.719553 0.001276
22.724554 0.007696
22.729555 -0.001447
22.734556 -0.010186
22.739557 -0.001783
22.744558 0.006587
22.749559 -0.006270
22.754560 -0.014724
22.759561 -0.002018
22.764562 0.004184
22.769563 -0.007565
22.774564 -0.015901
22.779565 -0.003497
22.784566 0.001713
22.789567 -0.009817
22.794568 -0.013195
22.799569 -0.005313
22.804570 0.001931
22.809571 -0.007699
22.814572 -0.013867
22.819573 -0.003077
22.824574 0.001040
22.829575 -0.004842
22.834576 -0.010506
22.839577 -0.004002
22.844578 0.005662
22.849579 -0.004355
22.854580 -0.011027
22.859581 0.000435
22.864582 0.004284
22.869583 -0.002321
22.874584 -0.008456
22.879585 0.000771
22.884586 0.008234
22.889587 -0.002473
22.894588 -0.005935
22.899589 0.002906
22.904590 0.007712
22.909591 0.000048
22.914592 -0.005582
22.919593 0.003914
22.924594 0.010990
22.929595 -0.001582
22.934596 -0.005767
22.939597 0.005376
22.944598 0.009645
22.949599 0.001964
22.954600 -0.005565
22.959601 0.006821
22.964602 0.011779
22.969603 0.000754
22.974604 -0.003296
22.979605 0.003880
22.984606 0.010082
22.989607 -0.002254
22.994608 -0.007717
22.999609 0.004015
23.004610 0.007157
23.009611 -0.001162
23.014612 -0.007196
23.019613 0.003510
23.024614 0.009141
23.029615 -0.001162
23.034616 -0.004003
23.039617 0.003426
23.044618 0.010703
23.049619 -0.000187
23.054620 -0.005129
23.059621 0.005762
23.064622 0.008485
23.069623 0.000216
23.074624 -0.005515
23.079625 0.006955
23.084626 0.009460
23.089627 -0.001146
23.094628 -0.005683
23.099629 0.000115
23.104630 0.009023
23.109631 -0.002221
23.114632 -0.010322
23.119633 0.002115
23.124634 0.004669
23.129635 -0.005196
23.134636 -0.010558
23.139637 -0.004154
23.144638 0.003627
23.149639 -0.006373
23.154640 -0.014339
23.159641 -0.004423
23.164642 0.001476
23.169643 -0.006575
23.174644 -0.012928
23.179645 -0.003314
23.184646 0.005123
23.189647 -0.006776
23.194648 -0.012692
23.199649 -0.001449
23.204650 0.005308
23.209651 -0.004591
23.214652 -0.012020
23.219653 0.001257
23.224654 0.005173
23.229655 -0.006054
23.234656 -0.010608
23.239657 0.000182
23.244658 0.005526
23.249659 -0.005062
23.254660 -0.008861
23.259661 0.000400
23.264662 0.007946
23.269663 -0.002340
23.274664 -0.008575
23.279665 0.002333
23.284666 0.008518
23.289667 -0.001314
23.294668 -0.005550
23.299669 0.004030
23.304670 0.009778
23.309671 0.002635
23.314672 -0.005483
23.319673 0.005559
23.324674 0.012417
23.329675 0.003089
23.334676 -0.005012
23.339677 0.004870
23.344678 0.012601
23.349679 -0.000441
23.354680 -0.002575
23.359681 0.005811
23.364682 0.009828
23.369683 0.002366
23.374684 -0.006306
23.379685 0.004450
23.384686 0.011778
23.389687 -0.002390
23.394688 -0.006491
23.399689 0.004467
23.404690 0.006971
23.409691 0.000719
23.414692 -0.006223
23.419693 0.002635
23.424694 0.010147
23.429695 0.001105
23.434696 -0.005786
23.439697 0.002601
23.444698 0.011996
23.449699 0.000920
23.454700 -0.005803
23.459701 0.003324
23.464702 0.009979
23.469703 0.000550
23.474704 -0.006475
23.479705 0.004046
23.484706 0.009340
23.489707 -0.000139
23.494708 -0.006744
23.499709 0.003928
23.504710 0.009424
23.509711 0.000046
23.514712 -0.006794
23.519713 0.004281
23.524714 0.010248
23.529715 -0.002391
23.534716 -0.004626
23.539717 0.002937
23.544718 0.008298
23.549719 -0.001282
23.554720 -0.007635
23.559721 0.003945
23.564722 0.006785
23.569723 -0.002290
23.574724 -0.009030
23.579725 -0.000190
23.584726 0.007088
23.589727 -0.005148
23.594728 -0.010274
23.599729 -0.000946
23.604730 0.003642
23.609731 -0.003669
23.614732 -0.008442
23.619733 -0.000139
23.624734 0.006281
23.629735 -0.002156
23.634736 -0.010324
23.639737 0.002214
23.644738 0.007693
23.649739 -0.004627
23.654740 -0.008375
23.659741 -0.000173
23.664742 0.005709
23.669743 -0.004055
23.674744 -0.009467
23.679745 -0.000459
23.684746 0.004919
23.689747 -0.003887
23.694748 -0.011333
23.699749 -0.000257
23.704750 0.005205
23.709751 -0.004358
23.714752 -0.009383
23.719753 -0.001249
23.724754 0.006264
23.729755 -0.002056
23.734756 -0.009266
23.739757 0.000667
23.744758 0.007659
23.749759 -0.001131
23.754760 -0.008123
23.759761 0.001406
23.764762 0.010079
23.769763 -0.002157
23.774764 -0.007350
23.779765 0.003255
23.784766 0.006045
23.789767 -0.000375
23.794768 -0.007434
23.799769 0.001894
23.804770 0.010163
23.809771 -0.002056
23.814772 -0.005922
23.819774 0.003810
23.824775 0.009221
23.829776 0.000952
23.834777 -0.006174
23.839778 0.003978
23.844779 0.010095
23.849780 0.001154
23.854781 -0.004342
23.859782 0.004532
23.864783 0.010667
23.869784 0.001591
23.874785 -0.005586
23.879786 0.004633
23.884787 0.010969
23.889788 0.001204
23.894789 -0.005888
23.899790 0.001960
23.904791 0.011288
23.909792 -0.001636
23.914793 -0.008443
23.919794 0.002414
23.924795 0.005927
23.929796 -0.002376
23.934797 -0.011720
23.939798 -0.002292
23.944799 0.006280
23.949800 -0.004124
23.954801 -0.010998
23.959802 -0.001821
23.964803 0.005002
23.969804 -0.003334
23.974805 -0.009200
23.979806 0.000313
23.984807 0.008330
23.989808 -0.003250
23.994809 -0.009771
23.999810 0.003557
24.004811 0.008733
24.009812 -0.001401
24.014813 -0.006864
24.019814 0.001136
24.024815 0.008851
24.029816 0.001943
24.034817 -0.008712
24.039818 0.002027
24.044819 0.010884
24.049820 -0.001637
24.054821 -0.007234
24.059822 0.000430
24.064823 0.008649
24.069824 -0.002427
24.074825 -0.009536
24.079826 0.002330
24.084827 0.005069
24.089828 -0.002998
24.094829 -0.009973
24.099830 0.000750
24.104831 0.006935
24.109832 -0.002158
24.114833 -0.007738
24.119834 -0.002007
24.124835 0.008447
24.129836 -0.002461
24.134837 -0.010343
24.139838 0.000161
24.144839 0.004951
24.149840 -0.003772
24.154841 -0.011604
24.159842 0.000833
24.164843 0.006077
24.169844 -0.004142
24.174845 -0.006763
24.179846 0.000279
24.184847 0.008581
24.189848 0.000497
24.194849 -0.006175
24.199850 0.003640
24.204851 0.009136
24.209852 0.001220
24.214853 -0.005789
24.219854 0.002766
24.224855 0.010783
24.229856 0.001640
24.234857 -0.006377
24.239858 0.004228
24.244859 0.009640
24.249860 -0.000192
24.254861 -0.005520
24.259862 0.002480
24.264863 0.009959
24.269864 -0.000848
24.274865 -0.007352
24.279866 0.002850
24.284867 0.008144
24.289868 -0.000831
24.294869 -0.007184
24.299870 0.002278
24.304871 0.008581
24.309872 -0.001201
24.314873 -0.007503
24.319874 0.002547
24.324875 0.009001
24.329876 -0.000697
24.334877 -0.008865
24.339878 0.001824
24.344879 0.007471
24.349880 -0.002445
24.354881 -0.008310
24.359882 -0.001487
24.364883 0.008060
24.369884 -0.003655
24.374885 -0.010747
24.379886 0.000950
24.384887 0.006076
24.389888 -0.003504
24.394889 -0.011084
24.399890 0.002026
24.404891 0.005891
24.409892 -0.003739
24.414893 -0.005806
24.419894 -0.001184
24.424895 0.006849
24.429896 -0.001201
24.434897 -0.010075
24.439898 0.001656
24.444899 0.006177
24.449900 -0.002798
24.454901 -0.008378
24.459902 -0.001185
24.464903 0.008110
24.469904 -0.002748
24.474905 -0.009471
24.479906 0.002815
24.484907 0.007118
24.489908 -0.001975
24.494909 -0.007924
24.499910 0.000647
24.504911 0.007336
24.509912 -0.000092
24.514913 -0.007437
24.519914 -0.000042
24.524915 0.009622
24.529916 0.000983
24.534917 -0.005471
24.539918 0.004345
24.544919 0.010059
24.549920 0.002697
24.554921 -0.003992
24.559922 0.003991
24.564923 0.012143
24.569924 0.001487
24.574925 -0.005118
24.579926 0.004580
24.584927 0.010412
24.589928 0.001722
24.594929 -0.006715
24.599930 0.003605
24.604931 0.009437
24.609932 -0.000631
24.614933 -0.006429
24.619934 0.002109
24.624935 0.008092
24.629936 -0.002194
24.634937 -0.008950
24.639938 -0.000177
24.644939 0.007638
24.649940 -0.003169
24.654941 -0.008984
24.659942 0.001773
24.664943 0.006394
24.669944 -0.002967
24.674945 -0.009471
24.679946 0.000697
24.684947 0.006226
24.689948 -0.002967
24.694949 -0.009202
24.699950 -0.000866
24.704951 0.006781
24.709952 -0.002732
24.714953 -0.010261
24.719954 0.000831
24.724955 0.006747
24.729956 -0.004295
24.734957 -0.007539
24.739958 0.000024
24.744959 0.007688
24.749960 -0.000581
24.754961 -0.010497
24.759962 0.004243
24.764963 0.008411
24.769964 -0.002514
24.774965 -0.004715
24.779966 0.003251
24.784967 0.009570
24.789968 -0.000682
24.794969 -0.007186
24.799970 0.003352
24.804971 0.009318
24.809972 -0.000699
24.814973 -0.006632
24.819974 0.001133
24.824975 0.008041
24.829976 -0.000598
24.834977 -0.009506
24.839978 0.000511
24.844979 0.005974
24.849980 -0.003875
24.854981 -0.008901
24.859982 0.000310
24.864983 0.004394
24.869984 -0.006296
24.874985 -0.009842
24.879986 -0.001018
24.884987 0.004814
24.889988 -0.001623
24.894989 -0.011052
24.899990 -0.000833
24.904991 0.008041
24.909992 -0.004195
24.914993 -0.008649
24.919994 -0.001422
24.924995 0.005940
24.929996 -0.001640
24.934997 -0.011355
24.939998 -0.000044
24.944999 0.006477
24.950000 -0.003775
