0.000000 0.000000
0.005001 0.004842
0.010002 -0.005651
0.015003 -0.002865
0.020004 0.003629
0.025005 0.003557
0.030006 -0.003166
0.035007 -0.004606
0.040008 0.004950
0.045009 0.002909
0.050010 -0.003682
0.055011 -0.003814
0.060012 0.003473
0.065013 0.004637
0.070014 -0.004642
0.075015 -0.003490
0.080016 0.003665
0.085017 0.004229
0.090018 -0.003742
0.095019 -0.004895
0.100020 0.004781
0.105021 0.003149
0.110022 -0.004390
0.115023 -0.003646
0.120024 0.003317
0.125025 0.004625
0.130026 -0.004619
0.135027 -0.004631
0.140028 0.005358
0.145029 0.003473
0.150030 -0.004907
0.155031 -0.003022
0.160032 0.003761
0.165033 0.004217
0.170034 -0.003706
0.175035 -0.004042
0.180036 0.004181
0.185037 0.003629
0.190038 -0.003946
0.195039 -0.004715
0.200040 0.005610
0.205041 0.003941
0.210042 -0.005567
0.215043 -0.003166
0.220044 0.003401
0.225045 0.003941
0.230046 -0.004151
0.235047 -0.003802
0.240048 0.004565
0.245049 0.002968
0.250050 -0.003959
0.255051 -0.003598
0.260052 0.003232
0.265053 0.004025
0.270054 -0.004427
0.275055 -0.003647
0.280056 0.004505
0.285057 0.002728
0.290058 -0.003863
0.295059 -0.004403
0.300060 0.004661
0.305061 0.004709
0.310062 -0.004919
0.315063 -0.003455
0.320064 0.004517
0.325065 0.003568
0.330066 -0.004691
0.335067 -0.003731
0.340068 0.004289
0.345069 0.004036
0.350070 -0.004679
0.355071 -0.004091
0.360072 0.004961
0.365073 0.003772
0.370074 -0.003767
0.375075 -0.004199
0.380076 0.003976
0.385077 0.004252
0.390078 -0.005328
0.395079 -0.003623
0.400080 0.004853
0.405081 0.003760
0.410082 -0.004151
0.415083 -0.004223
0.420084 0.004204
0.425085 0.003256
0.430086 -0.003683
0.435087 -0.004199
0.440088 0.004276
0.445089 0.004360
0.450090 -0.005244
0.455091 -0.002387
0.460092 0.002620
0.465093 0.004276
0.470094 -0.003023
0.475095 -0.005940
0.480096 0.005801
0.485097 0.003424
0.490098 -0.004884
0.495099 -0.003479
0.500100 0.004612
0.505101 0.004168
0.510102 -0.004584
0.515103 -0.003575
0.520104 0.002631
0.525105 0.004720
0.530106 -0.003707
0.535107 -0.004296
0.540108 0.005284
0.545109 0.002991
0.550110 -0.004536
0.555111 -0.003719
0.560112 0.004252
0.565113 0.004132
0.570114 -0.004512
0.575115 -0.004104
0.580116 0.004648
0.585117 0.003412
0.590118 -0.004776
0.595119 -0.004332
0.600120 0.004612
0.605121 0.004240
0.610122 -0.005868
0.615123 -0.002951
0.620124 0.004096
0.625125 0.003339
0.630126 -0.003095
0.635127 -0.005172
0.640128 0.003976
0.645129 0.004228
0.650130 -0.004680
0.655131 -0.004488
0.660132 0.005152
0.665133 0.004492
0.670134 -0.006025
0.675135 -0.003588
0.680136 0.004888
0.685137 0.002835
0.690138 -0.005292
0.695139 -0.003180
0.700140 0.004960
0.705141 0.003135
0.710142 -0.004080
0.715143 -0.003540
0.720144 0.004360
0.725145 0.003339
0.730146 -0.004260
0.735147 -0.003180
0.740148 0.004119
0.745149 0.003315
0.750150 -0.004308
0.755151 -0.002820
0.760152 0.003819
0.765153 0.003651
0.770154 -0.004068
0.775155 -0.004536
0.780156 0.004960
0.785157 0.003663
0.790158 -0.004272
0.795159 -0.003732
0.800160 0.004227
0.805161 0.003975
0.810162 -0.004368
0.815163 -0.003420
0.820164 0.003387
0.825165 0.004395
0.830166 -0.004284
0.835167 -0.004657
0.840168 0.004995
0.845169 0.003795
0.850170 -0.004296
0.855171 -0.003588
0.860172 0.004707
0.865173 0.003699
0.870174 -0.004837
0.875175 -0.003456
0.880176 0.005019
0.885177 0.003315
0.890178 -0.004705
0.895179 -0.003432
0.900180 0.004695
0.905181 0.004131
0.910182 -0.005893
0.915183 -0.003924
0.920184 0.006148
0.925185 0.003122
0.930186 -0.004789
0.935187 -0.003072
0.940188 0.005115
0.945189 0.002666
0.950190 -0.004741
0.955191 -0.002544
0.960192 0.003903
0.965193 0.004023
0.970194 -0.005497
0.975195 -0.002820
0.980196 0.005439
0.985197 0.002282
0.990198 -0.004237
0.995199 -0.002724
1.000200 0.004443
1.005201 0.002642
1.010202 -0.003385
1.015203 -0.003300
1.020204 0.004587
1.025205 0.003506
1.030206 -0.005257
1.035207 -0.003781
1.040208 0.005259
1.045209 0.003818
1.050210 -0.006026
1.055211 -0.002508
1.060212 0.005031
1.065213 0.002954
1.070214 -0.003877
1.075215 -0.003937
1.080216 0.004382
1.085217 0.004731
1.090218 -0.005149
1.095219 -0.004417
1.100220 0.005091
1.105221 0.003734
1.110222 -0.004561
1.115223 -0.004297
1.120224 0.004634
1.125225 0.003170
1.130226 -0.004453
1.135228 -0.002581
1.140229 0.003854
1.145230 0.003722
1.150231 -0.004657
1.155232 -0.003409
1.160233 0.005175
1.165234 0.003650
1.170235 -0.005174
1.175236 -0.003397
1.180237 0.005619
1.185238 0.002053
1.190239 -0.004778
1.195240 -0.003433
1.200241 0.005042
1.205242 0.004406
1.210243 -0.005270
1.215244 -0.002761
1.220245 0.004730
1.225246 0.003542
1.230247 -0.004730
1.235248 -0.003169
1.240249 0.005486
1.245250 0.002605
1.250251 -0.004021
1.255252 -0.003421
1.260253 0.003518
1.265254 0.004634
1.270255 -0.004754
1.275256 -0.004214
1.280257 0.005654
1.285258 0.002641
1.290259 -0.004826
1.295260 -0.002065
1.300261 0.004046
1.305262 0.003049
1.310263 -0.004466
1.315264 -0.003673
1.320265 0.004670
1.325266 0.004754
1.330267 -0.004562
1.335268 -0.004166
1.340269 0.005222
1.345270 0.002761
1.350271 -0.004034
1.355272 -0.002737
1.360273 0.004154
1.365274 0.003469
1.370275 -0.004658
1.375276 -0.003326
1.380277 0.005402
1.385278 0.003865
1.390279 -0.005258
1.395280 -0.003674
1.400281 0.004478
1.405282 0.003997
1.410283 -0.004994
1.415284 -0.003086
1.420285 0.004982
1.425286 0.002689
1.430287 -0.003626
1.435288 -0.003758
1.440289 0.004802
1.445290 0.003589
1.450291 -0.005030
1.455292 -0.002401
1.460293 0.004273
1.465294 0.003625
1.470295 -0.004106
1.475296 -0.003986
1.480297 0.005462
1.485298 0.003853
1.490299 -0.005727
1.495300 -0.003374
1.500301 0.004861
1.505302 0.003133
1.510303 -0.004346
1.515304 -0.003686
1.520305 0.005402
1.525306 0.003721
1.530307 -0.005115
1.535308 -0.002606
1.540309 0.004573
1.545310 0.003709
1.550311 -0.004454
1.555312 -0.003434
1.560313 0.004537
1.565314 0.003601
1.570315 -0.003878
1.575316 -0.003878
1.580317 0.004729
1.585318 0.003325
1.590319 -0.004599
1.595320 -0.002990
1.600321 0.004753
1.605322 0.003373
1.610323 -0.004983
1.615324 -0.002138
1.620325 0.005197
1.625326 0.002424
1.630327 -0.004539
1.635328 -0.003302
1.640329 0.004837
1.645330 0.004057
1.650331 -0.005511
1.655332 -0.003518
1.660333 0.004693
1.665334 0.003024
1.670335 -0.003506
1.675336 -0.004023
1.680337 0.004261
1.685338 0.003372
1.690339 -0.004755
1.695340 -0.002378
1.700341 0.004573
1.705342 0.002928
1.710343 -0.004467
1.715344 -0.002966
1.720345 0.003744
1.725346 0.004201
1.730347 -0.004563
1.735348 -0.003231
1.740349 0.005977
1.745350 0.000839
1.750351 -0.003507
1.755352 -0.002006
1.760353 0.003540
1.765354 0.004765
1.770355 -0.005127
1.775356 -0.003483
1.780357 0.004549
1.785358 0.003288
1.790359 -0.003507
1.795360 -0.004467
1.800361 0.005389
1.805362 0.003972
1.810363 -0.006124
1.815364 -0.002546
1.820365 0.004548
1.825366 0.002712
1.830367 -0.004383
1.835368 -0.003219
1.840369 0.005077
1.845370 0.002772
1.850371 -0.004683
1.855372 -0.003471
1.860373 0.004296
1.865374 0.004116
1.870375 -0.005044
1.875376 -0.003843
1.880377 0.005040
1.885378 0.004128
1.890379 -0.005236
1.895380 -0.004227
1.900381 0.005965
1.905382 0.003672
1.910383 -0.004852
1.915384 -0.003411
1.920385 0.005160
1.925386 0.003660
1.930387 -0.006112
1.935388 -0.002895
1.940389 0.006037
1.945390 0.002603
1.950391 -0.004972
1.955392 -0.002835
1.960393 0.004776
1.965394 0.003456
1.970395 -0.005284
1.975396 -0.002463
1.980397 0.004500
1.985398 0.003420
1.990399 -0.003988
1.995400 -0.004204
2.000401 0.005977
2.005402 0.003407
2.010403 -0.004936
2.015404 -0.003375
2.020405 0.005196
2.025406 0.003551
2.030407 -0.004432
2.035408 -0.003123
2.040409 0.003095
2.045410 0.004560
2.050411 -0.004900
2.055412 -0.002919
2.060413 0.005916
2.065414 0.002507
2.070415 -0.004804
2.075416 -0.003099
2.080417 0.005160
2.085418 0.003083
2.090419 -0.003748
2.095420 -0.003376
2.100421 0.004656
2.105422 0.003539
2.110423 -0.005537
2.115424 -0.002103
2.120425 0.005016
2.125426 0.001774
2.130427 -0.004000
2.135428 -0.002643
2.140429 0.003563
2.145430 0.004187
2.150431 -0.005297
2.155432 -0.003460
2.160433 0.005880
2.165434 0.002195
2.170435 -0.004588
2.175436 -0.003424
2.180437 0.004980
2.185438 0.003647
2.190439 -0.005477
2.195440 -0.002536
2.200441 0.004427
2.205442 0.002759
2.210443 -0.004708
2.215444 -0.002728
2.220445 0.006204
2.225446 0.001966
2.230447 -0.005081
2.235448 -0.002776
2.240449 0.004667
2.245450 0.003743
2.250451 -0.006125
2.255452 -0.002920
2.260453 0.005832
2.265454 0.002494
2.270455 -0.005633
2.275456 -0.002152
2.280457 0.005484
2.285458 0.001282
2.290459 -0.004745
2.295460 -0.001876
2.300461 0.005171
2.305462 0.002446
2.310463 -0.005369
2.315464 -0.002488
2.320465 0.005111
2.325466 0.003923
2.330467 -0.005297
2.335468 -0.003388
2.340469 0.004679
2.345470 0.002590
2.350471 -0.004205
2.355472 -0.003316
2.360473 0.005819
2.365474 0.003046
2.370475 -0.005273
2.375476 -0.003436
2.380477 0.004907
2.385478 0.003514
2.390479 -0.006150
2.395480 -0.001828
2.400481 0.004439
2.405482 0.002518
2.410483 -0.004469
2.415484 -0.004085
2.420485 0.006035
2.425486 0.002746
2.430487 -0.005021
2.435488 -0.002704
2.440489 0.004931
2.445490 0.003382
2.450491 -0.006114
2.455492 -0.002188
2.460493 0.005423
2.465494 0.001773
2.470495 -0.005333
2.475496 -0.002212
2.480497 0.005411
2.485498 0.002050
2.490499 -0.004325
2.495500 -0.002981
2.500501 0.005087
2.505502 0.003430
2.510503 -0.005898
2.515504 -0.002260
2.520505 0.004438
2.525506 0.002554
2.530507 -0.004469
2.535508 -0.002933
2.540509 0.005315
2.545510 0.002506
2.550511 -0.004853
2.555512 -0.003197
2.560513 0.005495
2.565514 0.003262
2.570515 -0.005574
2.575516 -0.003173
2.580517 0.005495
2.585518 0.003370
2.590519 -0.006642
2.595520 -0.002573
2.600521 0.006119
2.605522 0.002445
2.610523 -0.005154
2.615524 -0.002873
2.620525 0.004870
2.625526 0.002962
2.630527 -0.004674
2.635528 -0.003197
2.640529 0.005338
2.645530 0.003262
2.650531 -0.005598
2.655532 -0.002525
2.660533 0.005074
2.665534 0.002133
2.670535 -0.005526
2.675536 -0.001817
2.680537 0.006263
2.685538 0.001677
2.690539 -0.005154
2.695540 -0.002597
2.700541 0.005674
2.705542 0.002925
2.710543 -0.005502
2.715544 -0.002525
2.720545 0.004270
2.725546 0.004114
2.730547 -0.005202
2.735548 -0.004302
2.740549 0.005830
2.745550 0.003021
2.750551 -0.006223
2.755552 -0.002573
2.760553 0.006142
2.765554 0.002049
2.770555 -0.005310
2.775556 -0.002969
2.780557 0.005902
2.785558 0.002973
2.790559 -0.006307
2.795560 -0.002009
2.800561 0.005374
2.805562 0.002409
2.810563 -0.005418
2.815564 -0.003138
2.820565 0.005530
2.825566 0.003957
2.830567 -0.005647
2.835568 -0.003666
2.840569 0.005830
2.845570 0.002529
2.850571 -0.005539
2.855572 -0.002982
2.860573 0.006166
2.865574 0.002937
2.870575 -0.006067
2.875576 -0.002489
2.880577 0.005638
2.885578 0.002433
2.890579 -0.005539
2.895580 -0.001733
2.900581 0.003885
2.905582 0.003237
2.910583 -0.004086
2.915584 -0.003846
2.920585 0.005758
2.925586 0.001964
2.930587 -0.004819
2.935588 -0.001961
2.940589 0.004533
2.945590 0.002696
2.950591 -0.004999
2.955592 -0.002574
2.960593 0.005422
2.965594 0.003249
2.970595 -0.005419
2.975596 -0.002310
2.980597 0.004557
2.985598 0.002768
2.990599 -0.003486
2.995600 -0.003918
3.000601 0.005614
3.005602 0.002876
3.010603 -0.005227
3.015604 -0.001469
3.020605 0.004089
3.025606 0.003068
3.030607 -0.005035
3.035608 -0.002778
3.040609 0.005337
3.045610 0.002564
3.050611 -0.005647
3.055612 -0.001818
3.060613 0.006202
3.065614 0.000895
3.070615 -0.004711
3.075616 -0.002838
3.080617 0.005061
3.085618 0.003596
3.090619 -0.005611
3.095620 -0.002694
3.100621 0.004629
3.105622 0.002720
3.110623 -0.004819
3.115624 -0.002886
3.120625 0.005049
3.125626 0.003104
3.130627 -0.005467
3.135628 -0.002706
3.140629 0.005601
3.145630 0.002240
3.150631 -0.005251
3.155632 -0.003247
3.160633 0.005565
3.165634 0.003080
3.170635 -0.005540
3.175636 -0.002202
3.180637 0.005277
3.185638 0.002684
3.190639 -0.004651
3.195640 -0.003007
3.200641 0.004352
3.205642 0.003284
3.210643 -0.005348
3.215644 -0.002082
3.220645 0.005097
3.225646 0.001927
3.230647 -0.003919
3.235648 -0.003355
3.240649 0.005865
3.245650 0.002696
3.250651 -0.005684
3.255652 -0.002166
3.260653 0.005001
3.265654 0.003008
3.270655 -0.005564
3.275656 -0.001866
3.280657 0.004652
3.285658 0.002948
3.290659 -0.005204
3.295660 -0.003211
3.300661 0.005649
3.305662 0.001879
3.310663 -0.003811
3.315664 -0.003079
3.320665 0.004892
3.325666 0.003776
3.330667 -0.005588
3.335668 -0.002947
3.340669 0.005120
3.345670 0.003332
3.350671 -0.005504
3.355672 -0.002359
3.360673 0.005012
3.365674 0.001807
3.370675 -0.005288
3.375676 -0.002647
3.380677 0.006129
3.385678 0.001339
3.390679 -0.005408
3.395680 -0.001639
3.400681 0.004244
3.405683 0.002467
3.410684 -0.004088
3.415685 -0.002287
3.420686 0.003824
3.425687 0.002311
3.430688 -0.004304
3.435689 -0.002767
3.440690 0.004976
3.445691 0.002899
3.450692 -0.006537
3.455693 -0.002167
3.460694 0.006633
3.465695 0.001146
3.470696 -0.005480
3.475697 -0.001579
3.480698 0.005228
3.485699 0.002371
3.490700 -0.005168
3.495701 -0.002767
3.500702 0.005456
3.505703 0.002935
3.510704 -0.006165
3.515705 -0.002299
3.520706 0.005456
3.525707 0.001674
3.530708 -0.004964
3.535709 -0.003152
3.540710 0.005840
3.545711 0.002911
3.550712 -0.006177
3.555713 -0.002035
3.560714 0.005504
3.565715 0.002875
3.570716 -0.005997
3.575717 -0.001927
3.580718 0.005396
3.585719 0.001470
3.590720 -0.003836
3.595721 -0.003272
3.600722 0.005684
3.605723 0.002635
3.610724 -0.006021
3.615725 -0.000463
3.620726 0.003475
3.625727 0.002130
3.630728 -0.004304
3.635729 -0.002612
3.640730 0.006308
3.645731 0.001626
3.650732 -0.005757
3.655733 -0.002960
3.660734 0.006488
3.665735 0.002754
3.670736 -0.006489
3.675737 -0.002216
3.680738 0.005600
3.685739 0.003331
3.690740 -0.006393
3.695741 -0.001820
3.700742 0.005720
3.705743 0.001362
3.710744 -0.004221
3.715745 -0.002852
3.720746 0.005335
3.725747 0.002670
3.730748 -0.005673
3.735749 -0.002672
3.740750 0.005443
3.745751 0.003222
3.750752 -0.006153
3.755753 -0.002132
3.760754 0.005287
3.765755 0.001854
3.770756 -0.004629
3.775757 -0.002360
3.780758 0.005347
3.785759 0.001974
3.790760 -0.005001
3.795761 -0.002816
3.800762 0.005539
3.805763 0.002790
3.810764 -0.006526
3.815765 -0.000667
3.820766 0.004975
3.825767 0.001385
3.830768 -0.004401
3.835769 -0.002804
3.840770 0.005095
3.845771 0.001794
3.850772 -0.004725
3.855773 -0.002264
3.860774 0.004903
3.865775 0.002346
3.870776 -0.005806
3.875777 -0.002480
3.880778 0.006163
3.885779 0.001349
3.890780 -0.006430
3.895781 0.000113
3.900782 0.004747
3.905783 0.001445
3.910784 -0.004857
3.915785 -0.001988
3.920786 0.004651
3.925787 0.001865
3.930788 -0.004869
3.935789 -0.003021
3.940790 0.006667
3.945791 0.000461
3.950792 -0.004677
3.955793 -0.000572
3.960794 0.003438
3.965795 0.003474
3.970796 -0.005950
3.975797 -0.002433
3.980798 0.006127
3.985799 0.001637
3.990800 -0.005938
3.995801 -0.001436
4.000802 0.006427
4.005803 0.001025
4.010804 -0.005194
4.015805 -0.002193
4.020806 0.005250
4.025807 0.002573
4.030808 -0.005638
4.035809 -0.002241
4.040810 0.004890
4.045811 0.002789
4.050812 -0.005482
4.055813 -0.002973
4.060814 0.005502
4.065815 0.001901
4.070816 -0.004450
4.075817 -0.002409
4.080818 0.004926
4.085819 0.002657
4.090820 -0.006202
4.095821 -0.001040
4.100822 0.005118
4.105823 0.001517
4.110824 -0.004318
4.115825 -0.003393
4.120826 0.005094
4.125827 0.003906
4.130828 -0.006095
4.135829 -0.003862
4.140830 0.007591
4.145831 0.001817
4.150832 -0.006755
4.155833 -0.000464
4.160834 0.004674
4.165835 0.002237
4.170836 -0.005602
4.175837 -0.001977
4.180838 0.006330
4.185839 0.001216
4.190840 -0.004522
4.195841 -0.002337
4.200842 0.005070
4.205843 0.003197
4.210844 -0.006815
4.215845 -0.002097
4.220846 0.006907
4.225847 0.001192
4.230848 -0.006035
4.235849 -0.001449
4.240850 0.005730
4.245851 0.001780
4.250852 -0.005915
4.255853 -0.002481
4.260854 0.005550
4.265855 0.002153
4.270856 -0.005771
4.275857 -0.001425
4.280858 0.005502
4.285859 0.000940
4.290860 -0.005003
4.295861 -0.002337
4.300862 0.005682
4.305863 0.002465
4.310864 -0.006287
4.315865 -0.001209
4.320866 0.004601
4.325867 0.002140
4.330868 -0.005651
4.335869 -0.002326
4.340870 0.006366
4.345871 0.000556
4.350872 -0.005099
4.355873 -0.001845
4.360874 0.005081
4.365875 0.002560
4.370876 -0.005795
4.375877 -0.002206
4.380878 0.006258
4.385879 0.001168
4.390880 -0.006263
4.395881 -0.001245
4.400882 0.004685
4.405883 0.002488
4.410884 -0.005975
4.415885 -0.002338
4.420886 0.006522
4.425887 0.000375
4.430888 -0.005423
4.435889 -0.002062
4.440890 0.005477
4.445891 0.002068
4.450892 -0.006660
4.455893 -0.001305
4.460894 0.005645
4.465895 0.002608
4.470896 -0.006744
4.475897 -0.001546
4.480898 0.006054
4.485899 0.000531
4.490900 -0.004451
4.495901 -0.002938
4.500902 0.006522
4.505903 0.001408
4.510904 -0.005747
4.515905 -0.001354
4.520906 0.003676
4.525907 0.003340
4.530908 -0.005916
4.535909 -0.002266
4.540910 0.004889
4.545911 0.001575
4.550912 -0.004535
4.555913 -0.002758
4.560914 0.005381
4.565915 0.002620
4.570916 -0.005387
4.575917 -0.003899
4.580918 0.005741
4.585919 0.002848
4.590920 -0.006012
4.595921 -0.002578
4.600922 0.004841
4.605923 0.001359
4.610924 -0.007705
4.615925 -0.003863
4.620926 0.001707
4.625927 -0.002831
4.630928 -0.008809
4.635929 -0.003755
4.640930 0.005921
4.645931 0.004913
4.650932 -0.000874
4.655933 0.002692
4.660934 0.010375
4.665935 0.004156
4.670936 -0.004439
4.675937 -0.001402
4.680938 0.004780
4.685939 0.000507
4.690940 -0.009445
4.695941 -0.004680
4.700942 0.002055
4.705943 -0.000130
4.710944 -0.002255
4.715945 0.003220
4.720946 0.012572
4.725947 0.007169
4.730948 -0.001606
4.735949 0.000086
4.740950 0.006965
4.745951 0.004204
4.750952 -0.007765
4.755953 -0.005040
4.760954 0.002523
4.765955 -0.001919
4.770956 -0.007945
4.775957 -0.004932
4.780958 0.003748
4.785959 0.002367
4.790960 -0.005808
4.795961 -0.001174
4.800962 0.007265
4.805963 0.004048
4.810964 -0.003287
4.815965 -0.000010
4.820966 0.007577
4.825967 0.000578
4.830968 -0.010034
4.835969 -0.008485
4.840970 -0.007837
4.845971 -0.015628
4.850972 -0.021943
4.855973 -0.018522
4.860974 -0.019926
4.865975 -0.037418
4.870976 -0.042027
4.875977 -0.028090
4.880978 -0.008173
4.885979 0.007217
4.890980 0.008441
4.895981 0.015104
4.900982 0.024480
4.905983 0.027817
4.910984 0.032175
4.915985 0.041539
4.920986 0.045909
4.925987 0.023123
4.930988 -0.013696
4.935989 -0.041631
4.940990 -0.052676
4.945991 -0.054525
4.950992 -0.056061
4.955993 -0.043720
4.960994 -0.026265
4.965995 -0.021235
4.970996 -0.009590
4.975997 0.022307
4.980998 0.060423
4.985999 0.085789
4.991000 0.093628
4.996001 0.094336
5.001002 0.084504
5.006003 0.053688
5.011004 0.012775
5.016005 -0.012388
5.021006 -0.023720
5.026007 -0.037586
5.031008 -0.040863
5.036009 -0.019471
5.041010 0.006700
5.046011 0.003795
5.051012 -0.020839
5.056013 -0.036146
5.061014 -0.030095
5.066015 -0.016061
5.071016 0.002390
5.076017 0.032511
5.081018 0.048069
5.086019 0.032523
5.091020 0.001250
5.096021 -0.012448
5.101022 -0.017958
5.106023 -0.048799
5.111024 -0.077935
5.116025 -0.066326
5.121026 -0.021884
5.126027 0.008369
5.131028 0.013495
5.136029 0.002942
5.141030 -0.024237
5.146031 -0.048187
5.151032 -0.049255
5.156033 -0.012892
5.161034 0.050482
5.166035 0.110303
5.171036 0.125957
5.176037 0.085872
5.181038 0.024491
5.186039 -0.019219
5.191040 0.016628
5.196041 0.095452
5.201042 0.106437
5.206043 0.032450
5.211044 -0.087551
5.216045 -0.174491
5.221046 -0.172870
5.226047 -0.090660
5.231048 0.021706
5.236049 0.093027
5.241050 0.088405
5.246051 0.021958
5.251052 -0.024897
5.256053 0.010721
5.261054 0.087505
5.266055 0.117397
5.271056 0.061046
5.276057 -0.040624
5.281058 -0.107876
5.286059 -0.095919
5.291060 -0.030252
5.296061 0.028548
5.301062 0.037564
5.306063 0.003230
5.311064 -0.023997
5.316065 -0.005726
5.321066 0.031322
5.326067 0.052402
5.331068 0.034527
5.336069 -0.012329
5.341070 -0.068836
5.346071 -0.123470
5.351072 -0.121081
5.356073 -0.068596
5.361074 -0.036362
5.366075 -0.054946
5.371076 -0.068308
5.376077 -0.024970
5.381078 0.054527
5.386079 0.128021
5.391080 0.144744
5.396081 0.130482
5.401082 0.128982
5.406083 0.120194
5.411084 0.066196
5.416085 -0.014226
5.421086 -0.076939
5.426087 -0.130890
5.431088 -0.133219
5.436089 -0.072077
5.441090 -0.024790
5.446091 -0.029388
5.451092 -0.057251
5.456093 -0.056963
5.461094 -0.025198
5.466095 0.029772
5.471096 0.077396
5.476097 0.084167
5.481098 0.062594
5.486099 0.019220
5.491100 -0.022029
5.496101 -0.048728
5.501102 -0.052390
5.506103 -0.023734
5.511104 -0.008247
5.516105 -0.000420
5.521106 0.015090
5.526107 -0.006903
5.531108 -0.045415
5.536109 -0.059701
5.541110 -0.040781
5.546111 0.005486
5.551112 0.034574
5.556113 0.033242
5.561114 0.011429
5.566115 -0.024442
5.571116 -0.036615
5.576117 -0.017635
5.581118 0.008007
5.586119 0.041309
5.591120 0.064815
5.596121 0.056051
5.601122 0.026771
5.606123 0.012953
5.611124 0.042245
5.616125 0.091946
5.621126 0.108585
5.626127 0.068260
5.631128 0.010036
5.636129 -0.033398
5.641130 -0.062114
5.646131 -0.073050
5.651132 -0.061862
5.656133 -0.051874
5.661134 -0.074671
5.666135 -0.099750
5.671137 -0.101190
5.676138 -0.080121
5.681139 -0.031561
5.686140 0.013085
5.691141 0.039172
5.696142 0.060649
5.701143 0.081093
5.706144 0.090577
5.711145 0.082510
5.716146 0.070841
5.721147 0.048127
5.726148 0.006050
5.731149 -0.040997
5.736150 -0.060506
5.741151 -0.059929
5.746152 -0.066400
5.751153 -0.064503
5.756154 -0.063783
5.761155 -0.058141
5.766156 -0.051622
5.771157 -0.044167
5.776158 0.009975
5.781159 0.076615
5.786160 0.089232
5.791161 0.048007
5.796162 0.001836
5.801163 -0.012618
5.806164 -0.014071
5.811165 -0.024527
5.816166 -0.009917
5.821167 0.044982
5.826168 0.104190
5.831169 0.156220
5.836170 0.194155
5.841171 0.196052
5.846172 0.154479
5.851173 0.071056
5.856174 -0.056988
5.861175 -0.193077
5.866176 -0.266655
5.871177 -0.249704
5.876178 -0.171468
5.881179 -0.104648
5.886180 -0.081923
5.891181 -0.072715
5.896182 -0.054516
5.901183 -0.001514
5.906184 0.095522
5.911185 0.194755
5.916186 0.248898
5.921187 0.227517
5.926188 0.144034
5.931189 0.073481
5.936190 0.040480
5.941191 0.030587
5.946192 0.036674
5.951193 0.019195
5.956194 -0.018969
5.961195 -0.081119
5.966196 -0.160784
5.971197 -0.188323
5.976198 -0.147830
5.981199 -0.075080
5.986200 -0.030422
5.991201 -0.040278
5.996202 -0.060242
6.001203 -0.050446
6.006204 -0.016124
6.011205 0.037466
6.016206 0.108631
6.021207 0.146423
6.026208 0.125222
6.031209 0.071632
6.036210 0.032268
6.041211 0.020503
6.046212 0.002159
6.051213 -0.027961
6.056214 -0.034912
6.061215 -0.015284
6.066216 -0.000794
6.071217 0.022136
6.076218 0.027178
6.081219 -0.018921
6.086220 -0.090867
6.091221 -0.155658
6.096222 -0.161828
6.101223 -0.107266
6.106224 -0.037829
6.111225 0.013168
6.116226 0.036842
6.121227 0.034873
6.126228 0.023228
6.131229 0.045977
6.136230 0.129352
6.141231 0.211165
6.146232 0.215151
6.151233 0.152533
6.156234 0.059975
6.161235 -0.019894
6.166236 -0.065669
6.171237 -0.080303
6.176238 -0.073952
6.181239 -0.091876
6.186240 -0.143917
6.191241 -0.174398
6.196242 -0.136510
6.201243 -0.053436
6.206244 0.017441
6.211245 0.036961
6.216246 0.020250
6.221247 -0.015068
6.226248 -0.062308
6.231249 -0.066029
6.236250 -0.028286
6.241251 0.014824
6.246252 0.041247
6.251253 0.059266
6.256254 0.105786
6.261255 0.138223
6.266256 0.126602
6.271257 0.080719
6.276258 0.020430
6.281259 -0.028922
6.286260 -0.073244
6.291261 -0.088515
6.296262 -0.067266
6.301263 -0.047218
6.306264 -0.039066
6.311265 -0.045621
6.316266 -0.057938
6.321267 -0.056173
6.326268 -0.049763
6.331269 -0.042176
6.336270 -0.032500
6.341271 -0.018958
6.346272 0.000334
6.351273 0.027537
6.356274 0.075005
6.361275 0.119183
6.366276 0.139171
6.371277 0.136362
6.376278 0.104381
6.381279 0.058414
6.386280 0.022387
6.391281 0.018221
6.396282 0.042723
6.401283 0.036096
6.406284 -0.038058
6.411285 -0.124962
6.416286 -0.159404
6.421287 -0.141553
6.426288 -0.098347
6.431289 -0.054157
6.436290 -0.021671
6.441291 -0.002139
6.446292 0.011198
6.451293 0.031006
6.456294 0.060610
6.461295 0.091007
6.466296 0.103876
6.471297 0.095881
6.476298 0.081799
6.481299 0.054776
6.486300 0.005291
6.491301 -0.041408
6.496302 -0.061600
6.501303 -0.059475
6.506304 -0.050207
6.511305 -0.031816
6.516306 -0.015165
6.521307 -0.019163
6.526308 -0.033377
6.531309 -0.041204
6.536310 -0.023400
6.541311 0.000693
6.546312 -0.010303
6.551313 -0.045442
6.556314 -0.066282
6.561315 -0.049487
6.566316 -0.004145
6.571317 0.049277
6.576318 0.082135
6.581319 0.059001
6.586320 0.010994
6.591321 -0.000183
6.596322 0.039517
6.601323 0.087909
6.606324 0.084008
6.611325 0.032602
6.616326 -0.013833
6.621327 -0.036666
6.626328 -0.040940
6.631329 -0.024073
6.636330 0.000369
6.641331 0.020609
6.646332 0.021138
6.651333 0.005915
6.656334 0.004127
6.661335 -0.000363
6.666336 -0.015670
6.671337 -0.024805
6.676338 -0.023617
6.681339 -0.027435
6.686340 -0.046546
6.691341 -0.064122
6.696342 -0.065634
6.701343 -0.052945
6.706344 -0.034325
6.711345 -0.002284
6.716346 0.033863
6.721347 0.049589
6.726348 0.042038
6.731349 0.035471
6.736350 0.052086
6.741351 0.063371
6.746352 0.047380
6.751353 0.019481
6.756354 -0.000184
6.761355 -0.004757
6.766356 -0.006690
6.771357 -0.005994
6.776358 -0.005034
6.781359 -0.007867
6.786360 -0.005346
6.791361 0.009048
6.796362 0.030573
6.801363 0.028748
6.806364 -0.013761
6.811365 -0.056955
6.816366 -0.054458
6.821367 -0.021264
6.826368 0.000741
6.831369 0.004066
6.836370 -0.000388
6.841371 -0.015526
6.846372 -0.033209
6.851373 -0.030772
6.856374 0.009972
6.861375 0.064211
6.866376 0.077344
6.871377 0.061378
6.876378 0.037019
6.881379 0.002637
6.886380 -0.037063
6.891381 -0.079176
6.896382 -0.089105
6.901383 -0.072754
6.906384 -0.050965
6.911385 -0.014050
6.916386 0.018580
6.921387 0.028868
6.926388 0.006767
6.931389 -0.029176
6.936390 -0.030833
6.941391 0.010560
6.946392 0.059613
6.951393 0.086192
6.956394 0.093082
6.961395 0.070537
6.966396 0.027355
6.971397 0.019000
6.976398 0.046935
6.981399 0.063838
6.986400 0.033754
6.991401 -0.030377
6.996402 -0.075155
7.001403 -0.082742
7.006404 -0.066380
7.011405 -0.037724
7.016406 -0.019452
7.021407 -0.032802
7.026408 -0.059957
7.031409 -0.062682
7.036410 -0.017556
7.041411 0.044030
7.046412 0.067259
7.051413 0.058112
7.056414 0.049492
7.061415 0.050933
7.066416 0.052637
7.071417 0.047727
7.076418 0.032541
7.081419 0.000332
7.086420 -0.048264
7.091421 -0.085612
7.096422 -0.078745
7.101423 -0.043522
7.106424 -0.018228
7.111425 -0.004878
7.116426 0.003825
7.121427 -0.009813
7.126428 -0.028192
7.131429 -0.016163
7.136430 0.033981
7.141431 0.086155
7.146432 0.096455
7.151433 0.067211
7.156434 0.026142
7.161435 0.009635
7.166436 -0.000893
7.171437 -0.015479
7.176438 -0.017868
7.181439 -0.039681
7.186440 -0.087209
7.191441 -0.115588
7.196442 -0.090414
7.201443 -0.020833
7.206444 0.049396
7.211445 0.084438
7.216446 0.104138
7.221447 0.102794
7.226448 0.072349
7.231449 0.050884
7.236450 0.037727
7.241451 0.023681
7.246452 -0.004867
7.251453 -0.034639
7.256454 -0.041614
7.261455 -0.050258
7.266456 -0.067737
7.271457 -0.067677
7.276458 -0.037232
7.281459 0.001376
7.286460 0.028399
7.291461 0.041040
7.296462 0.044990
7.301463 0.031316
7.306464 0.005973
7.311465 -0.008228
7.316466 -0.011398
7.321467 -0.008697
7.326468 -0.023091
7.331469 -0.048841
7.336470 -0.062395
7.341471 -0.058433
7.346472 -0.046032
7.351473 -0.038433
7.356474 -0.018697
7.361475 -0.002190
7.366476 -0.005431
7.371477 -0.020510
7.376478 -0.035840
7.381479 -0.035348
7.386480 -0.037641
7.391481 -0.030474
7.396482 -0.008733
7.401483 0.004316
7.406484 0.003308
7.411485 -0.009453
7.416486 -0.008049
7.421487 0.002276
7.426488 0.004436
7.431489 0.006153
7.436490 0.017246
7.441491 0.028422
7.446492 0.022348
7.451493 0.014364
7.456494 0.020343
7.461495 0.036562
7.466496 0.047570
7.471497 0.060247
7.476498 0.077054
7.481499 0.071400
7.486500 0.041087
7.491501 0.003464
7.496502 -0.018673
7.501503 -0.036561
7.506504 -0.056357
7.511505 -0.065409
7.516506 -0.063332
7.521507 -0.048482
7.526508 -0.038506
7.531509 -0.021014
7.536510 0.012996
7.541511 0.043680
7.546512 0.060979
7.551513 0.072840
7.556514 0.096586
7.561515 0.121388
7.566516 0.124257
7.571517 0.106478
7.576518 0.091376
7.581519 0.063849
7.586520 0.009754
7.591521 -0.035769
7.596522 -0.050703
7.601523 -0.053668
7.606524 -0.069503
7.611525 -0.085781
7.616526 -0.088314
7.621527 -0.076706
7.626528 -0.058470
7.631529 -0.039790
7.636530 -0.014016
7.641531 0.003307
7.646532 0.007497
7.651533 0.009514
7.656534 0.017401
7.661535 0.029298
7.666536 0.025949
7.671537 0.013932
7.676538 0.003679
7.681539 -0.003824
7.686540 -0.016105
7.691541 -0.026933
7.696542 -0.017653
7.701543 -0.007089
7.706544 -0.004628
7.711545 -0.009022
7.716546 -0.010667
7.721547 -0.010823
7.726548 -0.025133
7.731549 -0.034749
7.736550 -0.033080
7.741551 -0.029947
7.746552 -0.029731
7.751553 -0.023932
7.756554 -0.007497
7.761555 0.005612
7.766556 0.006993
7.771557 0.010198
7.776558 0.029754
7.781559 0.050222
7.786560 0.051555
7.791561 0.033703
7.796562 0.019430
7.801563 0.008445
7.806564 -0.010775
7.811565 -0.026105
7.816566 -0.030115
7.821567 -0.023668
7.826568 -0.022408
7.831569 -0.022456
7.836570 -0.005217
7.841571 0.014519
7.846572 0.013775
7.851573 0.005168
7.856574 0.006020
7.861575 0.006824
7.866576 0.005228
7.871577 0.009885
7.876578 0.027857
7.881579 0.041711
7.886580 0.035036
7.891581 0.023019
7.896582 0.012538
7.901583 0.003199
7.906584 -0.006982
7.911585 -0.017630
7.916586 -0.013716
7.921587 -0.008878
7.926588 -0.022516
7.931589 -0.036214
7.936590 -0.036178
7.941592 -0.020775
7.946593 -0.000463
7.951594 0.022298
7.956595 0.049814
7.961596 0.064628
7.966597 0.058265
7.971598 0.041338
7.976599 0.039549
7.981600 0.043019
7.986601 0.028445
7.991602 0.008493
7.996603 -0.006142
8.001604 -0.021412
8.006605 -0.045890
8.011606 -0.061736
8.016607 -0.052637
8.021608 -0.035758
8.026609 -0.024677
8.031610 -0.017834
8.036611 -0.013369
8.041612 -0.017546
8.046613 -0.037871
8.051614 -0.056358
8.056615 -0.051208
8.061616 -0.035062
8.066617 -0.024185
8.071618 -0.014941
8.076619 0.002994
8.081620 0.022370
8.086621 0.024987
8.091622 0.023847
8.096623 0.031386
8.101624 0.036632
8.106625 0.036464
8.111626 0.038913
8.116627 0.052118
8.121628 0.063931
8.126629 0.061758
8.131630 0.054135
8.136631 0.054339
8.141632 0.054219
8.146633 0.032010
8.151634 -0.000704
8.156635 -0.027115
8.161636 -0.043393
8.166637 -0.057487
8.171638 -0.068616
8.176639 -0.059600
8.181640 -0.054954
8.186641 -0.063430
8.191642 -0.066179
8.196643 -0.054906
8.201644 -0.039216
8.206645 -0.036899
8.211646 -0.032901
8.216647 -0.016238
8.221648 0.007904
8.226649 0.023846
8.231650 0.032814
8.236651 0.047172
8.241652 0.058048
8.246653 0.050941
8.251654 0.035299
8.256655 0.032970
8.261656 0.028804
8.266657 0.020809
8.271658 0.015731
8.276659 0.022598
8.281660 0.035575
8.286661 0.024926
8.291662 0.014062
8.296663 0.009896
8.301664 -0.002265
8.306665 -0.021149
8.311666 -0.040921
8.316667 -0.045279
8.321668 -0.047656
8.326669 -0.059661
8.331670 -0.069192
8.336671 -0.059985
8.341672 -0.036563
8.346673 -0.019864
8.351674 -0.001004
8.356675 0.021805
8.361676 0.034626
8.366677 0.033822
8.371678 0.029440
8.376679 0.041901
8.381680 0.052225
8.386681 0.044782
8.391682 0.033246
8.396683 0.022837
8.401684 0.012489
8.406685 -0.008184
8.411686 -0.025387
8.416687 -0.026635
8.421688 -0.024414
8.426689 -0.029792
8.431690 -0.036203
8.436691 -0.026767
8.441692 -0.016479
8.446693 -0.019276
8.451694 -0.024270
8.456695 -0.018748
8.461696 -0.016227
8.466697 -0.032014
8.471698 -0.038052
8.476699 -0.023070
8.481700 0.000616
8.486701 0.020172
8.491702 0.033389
8.496703 0.053089
8.501704 0.066391
8.506705 0.061841
8.511706 0.049716
8.516707 0.041169
8.521708 0.028311
8.526709 0.002777
8.531710 -0.017272
8.536711 -0.015447
8.541712 -0.003790
8.546713 -0.001473
8.551714 -0.001521
8.556715 0.002681
8.561716 0.003473
8.566717 -0.010813
8.571718 -0.026864
8.576719 -0.019313
8.581720 -0.007560
8.586721 -0.001281
8.591722 0.008371
8.596723 0.022693
8.601724 0.037075
8.606725 0.033977
8.611726 0.029571
8.616727 0.029391
8.621728 0.020112
8.626729 0.001252
8.631730 -0.021846
8.636731 -0.022818
8.641732 -0.018316
8.646733 -0.028581
8.651734 -0.036408
8.656735 -0.033515
8.661736 -0.024883
8.666737 -0.025952
8.671738 -0.020645
8.676739 -0.000933
8.681740 0.012752
8.686741 0.011624
8.691742 0.001600
8.696743 0.002452
8.701744 0.007686
8.706745 0.003580
8.711746 0.000723
8.716747 0.008454
8.721748 0.012500
8.726749 0.001456
8.731750 -0.005207
8.736751 0.002692
8.741752 0.013424
8.746753 0.007758
8.751754 -0.006252
8.756755 -0.013023
8.761756 -0.024079
8.766757 -0.038365
8.771758 -0.047297
8.776759 -0.038077
8.781760 -0.019757
8.786761 -0.011078
8.791762 -0.002134
8.796763 0.011960
8.801764 0.022464
8.806765 0.019931
8.811766 0.014481
8.816767 0.019151
8.821768 0.027602
8.826769 0.027434
8.831770 0.024301
8.836771 0.030291
8.841772 0.033881
8.846773 0.026041
8.851774 0.022008
8.856775 0.026101
8.861776 0.028010
8.866777 0.019763
8.871778 0.003028
8.876779 -0.003683
8.881780 -0.011246
8.886781 -0.029674
8.891782 -0.044836
8.896783 -0.043215
8.901784 -0.029794
8.906785 -0.025940
8.911786 -0.013659
8.916787 0.006125
8.921788 0.014756
8.926789 0.011383
8.931790 0.002103
8.936791 0.010459
8.941792 0.018238
8.946793 0.013052
8.951794 0.009030
8.956795 0.007229
8.961796 0.004864
8.966797 -0.009686
8.971798 -0.019278
8.976799 -0.010718
8.981800 -0.000142
8.986801 -0.006084
8.991802 -0.020994
8.996803 -0.029182
9.001804 -0.041319
9.006805 -0.056613
9.011806 -0.069543
9.016807 -0.065617
9.021808 -0.054092
9.026809 -0.052616
9.031810 -0.042099
9.036811 -0.019266
9.041812 0.006293
9.046813 0.020362
9.051814 0.023532
9.056815 0.027950
9.061816 0.030423
9.066817 0.021611
9.071818 0.015404
9.076819 0.025717
9.081820 0.029414
9.086821 0.020470
9.091822 0.003507
9.096823 -0.005977
9.101824 -0.009398
9.106825 -0.022784
9.111826 -0.027045
9.116827 -0.021379
9.121828 -0.013228
9.126829 -0.014740
9.131830 -0.019890
9.136831 -0.007249
9.141832 0.008093
9.146833 0.011803
9.151834 0.016929
9.156835 0.034660
9.161836 0.045212
9.166837 0.040362
9.171838 0.034372
9.176839 0.036413
9.181840 0.039162
9.186841 0.028033
9.191842 0.017805
9.196843 0.021058
9.201844 0.021286
9.206845 0.010842
9.211846 0.002066
9.216847 0.008621
9.221848 0.018609
9.226849 0.016760
9.231850 0.013687
9.236851 0.020230
9.241852 0.025380
9.246853 0.012631
9.251854 0.004155
9.256855 0.008597
9.261856 0.008429
9.266857 0.001142
9.271858 -0.012652
9.276859 -0.015593
9.281860 -0.013156
9.286861 -0.020335
9.291862 -0.021956
9.296863 -0.012544
9.301864 -0.006818
9.306865 -0.017082
9.311866 -0.033312
9.316867 -0.035689
9.321868 -0.031260
9.326869 -0.033589
9.331870 -0.030743
9.336871 -0.014741
9.341872 -0.000539
9.346873 -0.001764
9.351874 -0.005593
9.356875 0.004671
9.361876 0.015584
9.366877 0.014371
9.371878 0.013915
9.376879 0.018885
9.381880 0.022234
9.386881 0.009989
9.391882 -0.005797
9.396883 -0.003829
9.401884 -0.004705
9.406885 -0.013445
9.411886 -0.016494
9.416887 -0.009015
9.421888 0.004179
9.426889 0.005199
9.431890 -0.000527
9.436891 0.006460
9.441892 0.011466
9.446893 0.006364
9.451894 0.004419
9.456895 0.010349
9.461896 0.019377
9.466897 0.012174
9.471898 0.002582
9.476899 0.008188
9.481900 0.010169
9.486901 0.002318
9.491902 0.000049
9.496903 0.009341
9.501904 0.016267
9.506905 0.010517
9.511906 0.001189
9.516907 0.001729
9.521908 0.000505
9.526909 -0.012244
9.531910 -0.026470
9.536911 -0.030552
9.541912 -0.032137
9.546913 -0.045294
9.551914 -0.050840
9.556915 -0.039256
9.561916 -0.023793
9.566917 -0.015918
9.571918 -0.010480
9.576919 0.003482
9.581920 0.010013
9.586921 0.002642
9.591922 -0.001632
9.596923 0.004886
9.601924 0.008704
9.606925 0.002245
9.611926 -0.001476
9.616927 0.003950
9.621928 0.011525
9.626929 0.010961
9.631930 0.007227
9.636931 0.010925
9.641932 0.011333
9.646933 0.000997
9.651934 -0.003133
9.656935 0.008320
9.661936 0.018848
9.666937 0.017672
9.671938 0.012041
9.676939 0.014910
9.681940 0.018656
9.686941 0.008464
9.691942 0.000817
9.696943 0.000901
9.701944 -0.001609
9.706945 -0.012281
9.711946 -0.020840
9.716947 -0.007971
9.721948 0.005786
9.726949 0.008872
9.731950 0.012005
9.736951 0.018752
9.741952 0.026159
9.746953 0.021021
9.751954 0.014442
9.756955 0.016159
9.761956 0.017119
9.766957 0.006639
9.771958 -0.004454
9.776959 0.002929
9.781960 0.007899
9.786961 0.002893
9.791962 -0.000936
9.796963 0.001789
9.801964 0.008787
9.806965 0.001897
9.811966 -0.006459
9.816967 0.001104
9.821968 0.005822
9.826969 0.001404
9.831970 -0.003362
9.836971 -0.003386
9.841972 -0.003182
9.846973 -0.017684
9.851974 -0.031129
9.856975 -0.032198
9.861976 -0.030637
9.866977 -0.038056
9.871978 -0.044034
9.876979 -0.028128
9.881980 -0.014406
9.886981 -0.009688
9.891982 0.001248
9.896983 0.019364
9.901984 0.034118
9.906985 0.031813
9.911986 0.025810
9.916987 0.029472
9.921988 0.029772
9.926989 0.016686
9.931990 0.003361
9.936991 0.001452
9.941992 -0.003758
9.946993 -0.019449
9.951994 -0.025823
9.956995 -0.018284
9.961996 -0.009400
9.966997 -0.009605
9.971998 -0.015739
9.976999 -0.008080
9.982000 0.004105
9.987001 0.002917
9.992002 0.003889
9.997003 0.017178
10.002004 0.027719
10.007005 0.022677
10.012006 0.016026
10.017007 0.017803
10.022008 0.021668
10.027009 0.012712
10.032010 0.001284
10.037011 0.008895
10.042012 0.011776
10.047013 0.002904
10.052014 -0.006051
10.057015 -0.005199
10.062016 -0.002450
10.067017 -0.013002
10.072018 -0.020637
10.077019 -0.018849
10.082020 -0.016436
10.087021 -0.026340
10.092022 -0.033195
10.097023 -0.022318
10.102024 -0.012750
10.107025 -0.011622
10.112026 -0.009569
10.117027 0.001656
10.122028 0.012832
10.127029 0.012208
10.132030 0.011788
10.137031 0.020876
10.142032 0.025437
10.147033 0.018883
10.152034 0.008318
10.157035 0.006986
10.162036 0.007874
10.167037 -0.006676
10.172038 -0.015728
10.177039 -0.011430
10.182040 -0.006004
10.187041 -0.007276
10.192042 -0.013519
10.197043 -0.005031
10.202044 0.000503
10.207046 -0.006544
10.212047 -0.009053
10.217048 -0.004875
10.222049 -0.000229
10.227050 -0.012775
10.232051 -0.025416
10.237052 -0.021166
10.242053 -0.016892
10.247054 -0.019485
10.252055 -0.020434
10.257056 -0.007372
10.262057 0.004741
10.267058 0.001739
10.272059 0.002952
10.277060 0.015665
10.282061 0.025449
10.287062 0.026085
10.292063 0.023816
10.297064 0.026770
10.302065 0.029471
10.307066 0.018186
10.312067 0.008486
10.317068 0.014404
10.322069 0.016169
10.327070 0.009218
10.332071 0.002543
10.337072 0.003492
10.342073 0.007033
10.347074 -0.001286
10.352075 -0.010626
10.357076 -0.006785
10.362077 -0.001670
10.367078 -0.009546
10.372079 -0.013411
10.377080 -0.005488
10.382081 -0.000698
10.387082 -0.004276
10.392083 -0.007745
10.397084 0.002375
10.402085 0.011979
10.407086 0.007957
10.412087 0.003023
10.417088 0.007321
10.422089 0.011163
10.427090 0.003780
10.432091 -0.001274
10.437092 0.005508
10.442093 0.012339
10.447094 0.006553
10.452095 -0.000206
10.457096 0.002351
10.462097 0.002615
10.467098 -0.007733
10.472099 -0.019906
10.477100 -0.015368
10.482101 -0.008790
10.487102 -0.017433
10.492103 -0.019846
10.497104 -0.012031
10.502105 -0.007745
10.507106 -0.012559
10.512107 -0.018406
10.517108 -0.009258
10.522109 0.000214
10.527110 -0.001911
10.532111 -0.002355
10.537112 0.002255
10.542113 0.007633
10.547114 -0.000098
10.552115 -0.010242
10.557116 -0.001827
10.562117 0.003863
10.567118 -0.001395
10.572119 -0.004804
10.577120 0.001558
10.582121 0.007453
10.587122 0.001546
10.592123 -0.001983
10.597124 0.003491
10.602125 0.006648
10.607126 -0.002607
10.612127 -0.006353
10.617128 0.001330
10.622129 0.010370
10.627130 0.012111
10.632131 0.008209
10.637132 0.015148
10.642133 0.017129
10.647134 0.006660
10.652135 -0.002139
10.657136 0.001594
10.662137 0.005688
10.667138 -0.004012
10.672139 -0.010747
10.677140 -0.008922
10.682141 -0.004420
10.687142 -0.011611
10.692143 -0.019571
10.697144 -0.012284
10.702145 -0.010999
10.707146 -0.017626
10.712147 -0.018178
10.717148 -0.006653
10.722149 0.003803
10.727150 0.003491
10.732151 0.003191
10.737152 0.010490
10.742153 0.018029
10.747154 0.011402
10.752155 0.006420
10.757156 0.012170
10.762157 0.014823
10.767158 0.006516
10.772159 -0.001059
10.777160 0.005615
10.782161 0.009013
10.787162 0.000897
10.792163 -0.007218
10.797164 -0.002140
10.802165 0.004283
10.807166 -0.001227
10.812167 -0.000879
10.817168 0.006852
10.822169 0.012842
10.827170 0.006600
10.832171 -0.001828
10.837172 0.004067
10.842173 0.008100
10.847174 0.002818
10.852175 -0.001036
10.857176 0.009625
10.862177 0.020261
10.867178 0.017080
10.872179 0.013514
10.877180 0.020993
10.882181 0.024247
10.887182 0.008640
10.892183 0.001437
10.897184 0.002194
10.902185 -0.000003
10.907186 -0.009259
10.912187 -0.020892
10.917188 -0.018959
10.922189 -0.019319
10.927190 -0.023041
10.932191 -0.027279
10.937192 -0.018995
10.942193 -0.005045
10.947194 -0.008551
10.952195 -0.007314
10.957196 0.000153
10.962197 0.006659
10.967198 0.004570
10.972199 -0.002368
10.977200 0.007163
10.982201 0.014799
10.987202 0.009252
10.992203 0.006335
10.997204 0.012578
11.002205 0.013982
11.007206 0.003190
11.012207 -0.003389
11.017208 0.000525
11.022209 0.001149
11.027210 -0.007939
11.032211 -0.015154
11.037212 -0.012981
11.042213 -0.010220
11.047214 -0.017147
11.052215 -0.022501
11.057216 -0.015190
11.062217 -0.006702
11.067218 -0.009884
11.072219 -0.011456
11.077220 -0.000004
11.082221 0.009324
11.087222 0.009600
11.092223 0.009936
11.097224 0.019828
11.102225 0.027716
11.107226 0.023478
11.112227 0.017367
11.117228 0.019528
11.122229 0.020657
11.127230 0.010380
11.132231 0.000800
11.137232 0.002229
11.142233 0.004906
11.147234 -0.006259
11.152235 -0.014698
11.157236 -0.009632
11.162237 -0.002801
11.167238 -0.006018
11.172239 -0.010772
11.177240 -0.000112
11.182241 0.005050
11.187242 -0.001949
11.192243 -0.006583
11.197244 -0.002189
11.202245 0.004246
11.207246 -0.000664
11.212247 -0.006835
11.217248 -0.002273
11.222249 0.001665
11.227250 -0.008144
11.232251 -0.016391
11.237252 -0.011049
11.242253 -0.006187
11.247254 -0.010965
11.252255 -0.016727
11.257256 -0.010317
11.262257 -0.000989
11.267258 -0.002393
11.272259 0.000092
11.277260 0.013297
11.282261 0.024078
11.287262 0.023982
11.292263 0.020488
11.297264 0.028868
11.302265 0.035566
11.307266 0.025482
11.312267 0.017643
11.317268 0.016274
11.322269 0.010296
11.327270 -0.001913
11.332271 -0.015575
11.337272 -0.014110
11.342273 -0.009224
11.347274 -0.019645
11.352275 -0.023810
11.357276 -0.014759
11.362277 -0.011049
11.367278 -0.014050
11.372279 -0.016223
11.377280 -0.008768
11.382281 -0.000989
11.387282 -0.003726
11.392283 -0.003330
11.397284 0.004365
11.402285 0.014785
11.407286 0.010320
11.412287 0.004677
11.417288 0.015494
11.422289 0.019191
11.427290 0.013585
11.432291 0.007054
11.437292 0.008939
11.442293 0.007390
11.447294 -0.007496
11.452295 -0.019057
11.457296 -0.018745
11.462297 -0.014879
11.467298 -0.023907
11.472299 -0.029069
11.477300 -0.020593
11.482301 -0.015311
11.487302 -0.019105
11.492303 -0.021194
11.497304 -0.009465
11.502305 -0.000209
11.507306 -0.005551
11.512307 -0.009009
11.517308 -0.003955
11.522309 -0.001242
11.527310 -0.004795
11.532311 -0.008649
11.537312 -0.001410
11.542313 0.005397
11.547314 -0.000629
11.552315 -0.003006
11.557316 0.001748
11.562317 0.009995
11.567318 0.008410
11.572319 0.003812
11.577320 0.014605
11.582321 0.020535
11.587322 0.018398
11.592323 0.015889
11.597324 0.021664
11.602325 0.028050
11.607326 0.016369
11.612327 0.009299
11.617328 0.012072
11.622329 0.011688
11.627330 0.004653
11.632331 -0.005336
11.637332 0.000943
11.642333 0.005457
11.647334 -0.003007
11.652335 -0.004267
11.657336 0.001351
11.662337 0.007726
11.667338 0.001567
11.672339 -0.003247
11.677340 0.002696
11.682341 0.002792
11.687342 -0.005036
11.692343 -0.013535
11.697344 -0.009057
11.702345 -0.005660
11.707346 -0.011350
11.712347 -0.012227
11.717348 -0.002887
11.722349 0.006297
11.727350 0.004460
11.732351 0.004484
11.737352 0.014460
11.742353 0.020919
11.747354 0.010787
11.752355 0.000006
11.757356 0.002863
11.762357 0.002683
11.767358 -0.007689
11.772359 -0.013283
11.777360 -0.008793
11.782361 -0.004292
11.787362 -0.008745
11.792363 -0.014880
11.797364 -0.007713
11.802365 0.001219
11.807366 -0.004015
11.812367 -0.007761
11.817368 -0.001555
11.822369 0.001795
11.827370 -0.005936
11.832371 -0.011122
11.837372 -0.004592
11.842373 -0.001098
11.847374 -0.003944
11.852375 -0.006537
11.857376 0.001303
11.862377 0.010606
11.867378 0.006309
11.872379 0.002995
11.877380 0.013115
11.882381 0.019118
11.887382 0.011519
11.892383 0.007881
11.897384 0.011135
11.902385 0.012587
11.907386 0.003956
11.912387 -0.003836
11.917388 0.000042
11.922389 0.000858
11.927390 -0.008398
11.932391 -0.015877
11.937392 -0.011759
11.942393 -0.007833
11.947394 -0.013332
11.952395 -0.017954
11.957396 -0.009502
11.962397 -0.001411
11.967398 -0.006957
11.972399 -0.011051
11.977400 -0.001339
11.982401 0.006476
11.987402 0.000282
11.992403 -0.002179
11.997404 0.004628
12.002405 0.007917
12.007406 -0.000271
12.012407 -0.003980
12.017408 0.001710
12.022409 0.002094
12.027410 -0.005577
12.032411 -0.011831
12.037412 -0.004640
12.042413 -0.000415
12.047414 -0.001891
12.052415 0.000834
12.057416 0.010846
12.062417 0.020714
12.067418 0.016008
12.072419 0.012647
12.077420 0.020546
12.082421 0.024556
12.087422 0.015468
12.092423 0.007028
12.097424 0.010126
12.102425 0.013259
12.107426 0.003559
12.112427 -0.004617
12.117428 0.000221
12.122429 0.003631
12.127430 -0.006465
12.132431 -0.016718
12.137432 -0.009455
12.142433 -0.006273
12.147434 -0.016298
12.152435 -0.021412
12.157436 -0.014269
12.162437 -0.011364
12.167438 -0.021280
12.172439 -0.021724
12.177440 -0.013404
12.182441 -0.007282
12.187442 -0.007342
12.192443 -0.008458
12.197444 0.002778
12.202445 0.012190
12.207446 0.008288
12.212447 0.009009
12.217448 0.019837
12.222449 0.023187
12.227450 0.014483
12.232451 0.012346
12.237452 0.019369
12.242453 0.018685
12.247454 0.010449
12.252455 0.001662
12.257456 0.002418
12.262457 0.002334
12.267458 -0.011592
12.272459 -0.017943
12.277460 -0.014365
12.282461 -0.013645
12.287462 -0.020992
12.292463 -0.028027
12.297464 -0.020632
12.302465 -0.013861
12.307466 -0.020572
12.312467 -0.025170
12.317468 -0.017438
12.322469 -0.010944
12.327470 -0.015890
12.332471 -0.018219
12.337472 -0.008591
12.342473 0.000269
12.347474 -0.001352
12.352475 -0.002564
12.357476 0.008240
12.362477 0.016812
12.367478 0.010557
12.372479 0.005791
12.377480 0.012898
12.382481 0.015863
12.387482 0.008156
12.392483 0.001949
12.397484 0.008036
12.402485 0.012922
12.407486 0.004626
12.412487 0.000593
12.417488 0.008288
12.422489 0.014074
12.427490 0.006319
12.432491 0.001553
12.437492 0.008756
12.442493 0.012934
12.447494 0.006115
12.452495 0.000244
12.457496 0.007171
12.462497 0.009776
12.467498 0.002465
12.472499 -0.002049
12.477501 0.003594
12.482502 0.009284
12.487503 0.003738
12.492504 0.000076
12.497505 0.008312
12.502506 0.014218
12.507507 0.009056
12.512508 0.006511
12.517509 0.016319
12.522510 0.022381
12.527511 0.015094
12.532512 0.011013
12.537513 0.015719
12.542514 0.017939
12.547515 0.006331
12.552516 -0.002469
12.557517 -0.000188
12.562518 -0.000512
12.567519 -0.009072
12.572520 -0.019168
12.577521 -0.014594
12.582522 -0.012505
12.587523 -0.020789
12.592524 -0.020861
12.597525 -0.012061
12.602526 -0.002913
12.607527 -0.005206
12.612528 -0.008063
12.617529 0.001949
12.622530 0.006523
12.627531 0.000784
12.632532 -0.003454
12.637533 0.000736
12.642534 0.005202
12.647535 -0.004534
12.652536 -0.010729
12.657537 -0.005230
12.662538 -0.003046
12.667539 -0.009924
12.672540 -0.017235
12.677541 -0.009876
12.682542 -0.004822
12.687543 -0.011053
12.692544 -0.013190
12.697545 -0.005795
12.702546 0.003845
12.707547 -0.000489
12.712548 -0.004258
12.717549 0.004481
12.722550 0.009944
12.727551 0.004325
12.732552 -0.001365
12.737553 0.005286
12.742554 0.009740
12.747555 0.002993
12.752556 -0.002818
12.757557 0.002260
12.762558 0.004553
12.767559 -0.004955
12.772560 -0.008112
12.777561 -0.001929
12.782562 0.002200
12.787563 -0.004066
12.792564 -0.008328
12.797565 -0.000969
12.802566 0.004301
12.807567 -0.002218
12.812568 -0.008124
12.817569 0.002668
12.822570 0.006438
12.827571 -0.001101
12.832572 -0.002314
12.837573 0.003341
12.842574 0.011312
12.847575 0.003557
12.852576 -0.002722
12.857577 0.003965
12.862578 0.003545
12.867579 -0.004055
12.872580 -0.012542
12.877581 -0.010597
12.882582 -0.005723
12.887583 -0.014367
12.892584 -0.020189
12.897585 -0.010957
12.902586 -0.003995
12.907587 -0.008052
12.912588 -0.007968
12.917589 0.003208
12.922590 0.011648
12.927591 0.007686
12.932592 0.004601
12.937593 0.014385
12.942594 0.020027
12.947595 0.011840
12.952596 0.007338
12.957597 0.012836
12.962598 0.018202
12.967599 0.013797
12.972600 0.007530
12.977601 0.014493
12.982602 0.020975
12.987603 0.013592
12.992604 0.007830
12.997605 0.012608
13.002606 0.012236
13.007607 0.000075
13.012608 -0.007344
13.017609 -0.004187
13.022610 -0.001330
13.027611 -0.006384
13.032612 -0.009253
13.037613 -0.000898
13.042614 0.004096
13.047615 -0.000430
13.052616 -0.002110
13.057617 0.003280
13.062618 0.007830
13.067619 0.001815
13.072620 -0.006456
13.077621 -0.003059
13.082622 -0.000418
13.087623 -0.009938
13.092624 -0.016660
13.097625 -0.010382
13.102626 -0.006660
13.107627 -0.012927
13.112628 -0.015700
13.117629 -0.008473
13.122630 -0.002423
13.127631 -0.007561
13.132632 -0.009530
13.137633 -0.001702
13.142634 0.003700
13.147635 -0.001822
13.152636 -0.007657
13.157637 0.000158
13.162638 0.002427
13.167639 -0.005628
13.172640 -0.011787
13.177641 -0.006576
13.182642 -0.001522
13.187643 -0.011342
13.192644 -0.012615
13.197645 -0.006841
13.202646 -0.001186
13.207647 -0.006264
13.212648 -0.013155
13.217649 -0.003407
13.222650 -0.002963
13.227651 -0.009134
13.232652 -0.014224
13.237653 -0.010946
13.242654 -0.003587
13.247655 -0.009950
13.252656 -0.011427
13.257657 -0.000766
13.262658 0.006569
13.267659 0.002607
13.272660 0.001635
13.277661 0.011935
13.282662 0.018718
13.287663 0.012199
13.292664 0.007097
13.297665 0.015392
13.302666 0.019498
13.307667 0.011467
13.312668 0.005572
13.317669 0.012067
13.322670 0.014852
13.327671 0.003231
13.332672 -0.002363
13.337673 0.003303
13.342674 0.007265
13.347675 0.002199
13.352676 -0.003576
13.357677 0.003831
13.362678 0.010446
13.367679 0.000650
13.372680 -0.002891
13.377681 0.007469
13.382682 0.010278
13.387683 0.007697
13.392684 0.004960
13.397685 0.011586
13.402686 0.020602
13.407687 0.011358
13.412688 0.007000
13.417689 0.012523
13.422690 0.013603
13.427691 0.003111
13.432692 -0.007922
13.437693 -0.002580
13.442694 -0.002039
13.447695 -0.012148
13.452696 -0.018138
13.457697 -0.011379
13.462698 -0.007994
13.467699 -0.014633
13.472700 -0.017262
13.477701 -0.011739
13.482702 -0.003144
13.487703 -0.009831
13.492704 -0.013504
13.497705 -0.004068
13.502706 0.001550
13.507707 -0.004176
13.512708 -0.009411
13.517709 0.001970
13.522710 0.006760
13.527711 0.001754
13.532712 -0.000743
13.537713 0.005031
13.542714 0.011130
13.547715 0.001514
13.552716 -0.002628
13.557717 0.004767
13.562718 0.006652
13.567719 -0.000131
13.572720 -0.004873
13.577721 0.002774
13.582722 0.007912
13.587723 0.001562
13.592724 -0.000383
13.597725 0.005391
13.602726 0.009665
13.607727 0.003290
13.612728 -0.004693
13.617729 0.000769
13.622730 0.005751
13.627731 -0.001488
13.632732 -0.007370
13.637733 -0.000023
13.642734 0.004191
13.647735 -0.004009
13.652736 -0.008042
13.657737 -0.000899
13.662738 0.003710
13.667739 -0.004057
13.672740 -0.009015
13.677741 -0.002820
13.682742 0.000817
13.687743 -0.006326
13.692744 -0.011152
13.697745 -0.001428
13.702746 0.004419
13.707747 -0.002352
13.712748 -0.003409
13.717749 0.004443
13.722750 0.012762
13.727751 0.009160
13.732752 0.002774
13.737753 0.013158
13.742754 0.016531
13.747755 0.005535
13.752756 -0.000299
13.757757 0.002390
13.762758 0.005727
13.767759 -0.003505
13.772760 -0.009567
13.777761 -0.002520
13.782762 -0.000288
13.787763 -0.007010
13.792764 -0.011032
13.797765 -0.002953
13.802766 0.002762
13.807767 -0.003145
13.812768 -0.005438
13.817769 0.002137
13.822770 0.006471
13.827771 -0.000984
13.832772 -0.005642
13.837773 0.000457
13.842774 0.005571
13.847775 -0.001884
13.852776 -0.009520
13.857777 -0.000900
13.862778 0.001441
13.867779 -0.006807
13.872780 -0.009388
13.877781 -0.001884
13.882782 0.006783
13.887783 -0.001212
13.892784 -0.003673
13.897785 0.009664
13.902786 0.012978
13.907787 0.005522
13.912788 0.002341
13.917789 0.007491
13.922790 0.009508
13.927791 -0.001272
13.932792 -0.008992
13.937793 -0.003085
13.942794 0.000312
13.947795 -0.008716
13.952796 -0.012881
13.957797 -0.006026
13.962798 -0.001885
13.967799 -0.007023
13.972800 -0.013362
13.977801 -0.004886
13.982802 -0.001465
13.987803 -0.009136
13.992804 -0.011285
13.997805 -0.004898
14.002806 0.003433
14.007807 -0.002425
14.012808 -0.005678
14.017809 0.004070
14.022810 0.009184
14.027811 0.002941
14.032812 0.000564
14.037813 0.008259
14.042814 0.011681
14.047815 0.006374
14.052816 -0.000576
14.057817 0.005258
14.062818 0.009796
14.067819 0.000372
14.072820 -0.002785
14.077821 0.004273
14.082822 0.010732
14.087823 0.004694
14.092824 -0.000096
14.097825 0.008715
14.102826 0.013337
14.107827 0.005678
14.112828 0.000204
14.117829 0.007359
14.122830 0.008139
14.127831 -0.000493
14.132832 -0.005439
14.137833 -0.000325
14.142834 0.003925
14.147835 -0.004010
14.152836 -0.006759
14.157837 -0.000493
14.162838 0.003745
14.167839 -0.002762
14.172840 -0.007780
14.177841 0.000192
14.182842 0.003865
14.187843 -0.004154
14.192844 -0.007696
14.197845 -0.001321
14.202846 0.000263
14.207847 -0.005787
14.212848 -0.010481
14.217849 -0.005391
14.222850 -0.001381
14.227851 -0.008032
14.232852 -0.012258
14.237853 -0.005583
14.242854 0.001668
14.247855 -0.004959
14.252856 -0.006483
14.257857 0.004645
14.262858 0.009807
14.267859 0.007598
14.272860 0.004585
14.277861 0.010720
14.282862 0.016062
14.287863 0.005461
14.292864 -0.003074
14.297865 0.003024
14.302866 0.003192
14.307867 -0.008044
14.312868 -0.013158
14.317869 -0.009449
14.322870 -0.005115
14.327871 -0.011502
14.332872 -0.016436
14.337873 -0.005247
14.342874 -0.000301
14.347875 -0.005835
14.352876 -0.008597
14.357877 -0.001190
14.362878 0.007886
14.367879 0.000059
14.372880 -0.004179
14.377881 0.005377
14.382882 0.008378
14.387883 0.001487
14.392884 -0.002330
14.397885 0.002388
14.402886 0.004357
14.407887 -0.002858
14.412888 -0.009437
14.417889 -0.004251
14.422890 0.000707
14.427891 -0.008825
14.432892 -0.013243
14.437893 -0.004755
14.442894 0.000491
14.447895 -0.004479
14.452896 -0.006916
14.457897 0.005725
14.462898 0.009483
14.467899 0.004681
14.472900 0.003804
14.477901 0.008294
14.482902 0.013972
14.487903 0.004572
14.492904 0.000491
14.497905 0.007286
14.502906 0.010371
14.507907 0.002460
14.512908 -0.002619
14.517909 0.007201
14.522910 0.010779
14.527911 0.004548
14.532912 0.000923
14.537913 0.010947
14.542914 0.016217
14.547915 0.009614
14.552916 0.010143
14.557917 0.016997
14.562918 0.023780
14.567919 0.017778
14.572920 0.012940
14.577921 0.021091
14.582922 0.022988
14.587923 0.014464
14.592924 0.007405
14.597925 0.012603
14.602926 0.013156
14.607927 0.001139
14.612928 -0.004480
14.617929 -0.002631
14.622930 -0.000026
14.627931 -0.007853
14.632932 -0.015920
14.637933 -0.006905
14.642934 -0.003831
14.647935 -0.010458
14.652936 -0.011119
14.657937 -0.004732
14.662938 0.001163
14.667939 -0.004480
14.672940 -0.007841
14.677941 0.000022
14.682942 0.004296
14.687943 -0.002727
14.692944 -0.009030
14.697945 -0.002211
14.702946 -0.001839
14.707947 -0.012223
14.712948 -0.016197
14.717949 -0.015428
14.722950 -0.011959
14.727951 -0.021263
14.732952 -0.029474
14.737953 -0.019330
14.742954 -0.016197
14.747956 -0.022896
14.752957 -0.024576
14.757958 -0.013784
14.762959 -0.007781
14.767960 -0.013688
14.772961 -0.013352
14.777962 -0.004456
14.782963 0.000058
14.787964 -0.005705
14.792965 -0.009618
14.797966 -0.002787
14.802967 0.002651
14.807968 -0.006197
14.812969 -0.010903
14.817970 -0.000771
14.822971 0.003659
14.827972 -0.002728
14.832973 -0.003964
14.837974 0.005304
14.842975 0.011402
14.847976 0.006768
14.852977 0.003479
14.857978 0.010838
14.862979 0.016084
14.867980 0.008593
14.872981 0.003791
14.877982 0.009733
14.882983 0.013551
14.887984 0.006948
14.892985 0.000874
14.897986 0.007224
14.902987 0.011954
14.907988 0.004883
14.912989 -0.000363
14.917990 0.006720
14.922991 0.012290
14.927992 0.005051
14.932993 0.002074
14.937994 0.009841
14.942995 0.013011
14.947996 0.008053
14.952997 0.005628
14.957998 0.013791
14.962999 0.020778
14.968000 0.014703
14.973001 0.012110
14.978002 0.018893
14.983003 0.021234
14.988004 0.014067
14.993005 0.008869
14.998006 0.014691
15.003007 0.018101
15.008008 0.007788
15.013009 0.000681
15.018010 0.009169
15.023011 0.010393
15.028012 0.002602
15.033013 -0.001744
15.038014 0.002338
15.043015 0.007332
15.048016 -0.004097
15.053017 -0.010651
15.058018 -0.005009
15.063019 -0.003376
15.068020 -0.011600
15.073021 -0.018707
15.078022 -0.012944
15.083023 -0.010099
15.088024 -0.017542
15.093025 -0.022080
15.098026 -0.014145
15.103027 -0.011192
15.108028 -0.017915
15.113029 -0.017602
15.118030 -0.013293
15.123031 -0.008395
15.128032 -0.012644
15.133033 -0.019223
15.138034 -0.010388
15.143035 -0.007807
15.148036 -0.015922
15.153037 -0.019848
15.158038 -0.014517
15.163039 -0.008275
15.168040 -0.016870
15.173041 -0.022141
15.178042 -0.011024
15.183043 -0.004193
15.188044 -0.010016
15.193045 -0.011300
15.198046 -0.000100
15.203047 0.008760
15.208048 0.001245
15.213049 0.001089
15.218050 0.011629
15.223051 0.014775
15.228052 0.013406
15.233053 0.005975
15.238054 0.014042
15.243055 0.020213
15.248056 0.009096
15.253057 0.006431
15.258058 0.011365
15.263059 0.015291
15.268060 0.006359
15.273061 0.001473
15.278062 0.008364
15.283063 0.010537
15.288064 0.004618
15.293065 -0.001132
15.298066 0.006791
15.303067 0.012085
15.308068 0.004558
15.313069 0.001521
15.318070 0.008904
15.323071 0.011941
15.328072 0.005038
15.333073 0.001377
15.338074 0.006539
15.343075 0.009192
15.348076 0.002145
15.353077 -0.003617
15.358078 0.001040
15.363079 0.006827
15.368080 -0.001745
15.373081 -0.008503
15.378082 -0.000868
15.383083 0.001701
15.388084 -0.004854
15.393085 -0.009224
15.398086 -0.003822
15.403087 0.001497
15.408088 -0.005899
15.413089 -0.010616
15.418090 -0.000628
15.423091 0.003946
15.428092 -0.001289
15.433093 -0.002621
15.438094 0.003849
15.443095 0.010896
15.448096 0.002925
15.453097 0.000416
15.458098 0.009936
15.463099 0.012265
15.468100 0.006839
15.473101 0.001917
15.478102 0.009936
15.483103 0.013057
15.488104 0.006562
15.493105 0.000836
15.498106 0.004149
15.503107 0.009348
15.508108 -0.003162
15.513109 -0.007495
15.518110 -0.001457
15.523111 -0.001169
15.528112 -0.007291
15.533113 -0.014723
15.538114 -0.008324
15.543115 -0.003342
15.548116 -0.012009
15.553117 -0.016667
15.558118 -0.008720
15.563119 -0.006823
15.568120 -0.014302
15.573121 -0.016199
15.578122 -0.011193
15.583123 -0.007796
15.588124 -0.012478
15.593125 -0.014699
15.598126 -0.007520
15.603127 -0.000317
15.608128 -0.005803
15.613129 -0.008912
15.618130 0.000860
15.623131 0.004197
15.628132 -0.002838
15.633133 -0.006679
15.638134 -0.000233
15.643135 0.003225
15.648136 -0.003810
15.653137 -0.010161
15.658138 -0.003126
15.663139 0.001076
15.668140 -0.007652
15.673141 -0.011602
15.678142 -0.005959
15.683143 -0.000821
15.688144 -0.009069
15.693145 -0.012478
15.698146 -0.002670
15.703147 0.003164
15.708148 -0.001337
15.713149 -0.003270
15.718150 0.007678
15.723151 0.012624
15.728152 0.008675
15.733153 0.006478
15.738154 0.014317
15.743155 0.019887
15.748156 0.011076
15.753157 0.007546
15.758158 0.013921
15.763159 0.018615
15.768160 0.011628
15.773161 0.004449
15.778162 0.012816
15.783163 0.016057
15.788164 0.006009
15.793165 0.002420
15.798166 0.007714
15.803167 0.012684
15.808168 0.006237
15.813169 -0.000894
15.818170 0.005997
15.823171 0.010727
15.828172 0.003524
15.833173 -0.002166
15.838174 0.004917
15.843175 0.008590
15.848176 -0.000077
15.853177 -0.004111
15.858178 0.003308
15.863179 0.004617
15.868180 -0.003583
15.873181 -0.006224
15.878182 -0.000990
15.883183 0.003272
15.888184 -0.003919
15.893185 -0.007965
15.898186 -0.001938
15.903187 0.002744
15.908188 -0.002515
15.913189 -0.009910
15.918190 -0.001674
15.923191 0.002491
15.928192 -0.007857
15.933193 -0.011506
15.938194 -0.006164
15.943195 -0.003847
15.948196 -0.012107
15.953197 -0.018781
15.958198 -0.009730
15.963199 -0.007929
15.968200 -0.014604
15.973201 -0.014772
15.978202 -0.008949
15.983203 -0.001218
15.988204 -0.008145
15.993205 -0.010234
15.998206 -0.000774
16.003207 0.003668
16.008208 0.000270
16.013209 -0.005372
16.018210 0.004208
16.023211 0.007917
16.028212 -0.002227
16.033213 -0.004388
16.038214 0.000582
16.043215 0.002407
16.048216 -0.005072
16.053217 -0.009922
16.058218 -0.003571
16.063219 0.000438
16.068220 -0.005972
16.073221 -0.009154
16.078222 -0.000054
16.083223 0.005204
16.088224 -0.000918
16.093225 -0.004280
16.098226 0.003355
16.103227 0.010030
16.108228 0.001230
16.113229 -0.001447
16.118230 0.006849
16.123231 0.009286
16.128232 0.005360
16.133233 -0.001867
16.138234 0.007077
16.143235 0.011327
16.148236 0.001002
16.153237 -0.000787
16.158238 0.003019
16.163239 0.008661
16.168240 0.003139
16.173241 -0.003284
16.178242 0.004099
16.183243 0.009634
16.188244 0.000294
16.193245 -0.003584
16.198246 0.005540
16.203247 0.006728
16.208248 0.001338
16.213249 -0.003320
16.218250 0.003931
16.223251 0.008313
16.228252 0.001122
16.233253 -0.001387
16.238254 0.004988
16.243255 0.011710
16.248256 0.004159
16.253257 0.002334
16.258258 0.011638
16.263259 0.015012
16.268260 0.009621
16.273261 0.005972
16.278262 0.012214
16.283263 0.013919
16.288264 0.006296
16.293265 0.001410
16.298266 0.005252
16.303267 0.007052
16.308268 -0.000607
16.313269 -0.008782
16.318270 -0.003584
16.323271 0.002214
16.328272 -0.008482
16.333273 -0.013440
16.338274 -0.003728
16.343275 -0.001327
16.348276 -0.006970
16.353277 -0.008758
16.358278 -0.002372
16.363279 0.002778
16.368280 -0.006033
16.373281 -0.006730
16.378282 0.001830
16.383283 0.002166
16.388284 -0.002312
16.393285 -0.007666
16.398286 -0.000559
16.403287 0.003078
16.408288 -0.006646
16.413289 -0.009335
16.418290 -0.004533
16.423291 -0.000859
16.428292 -0.007978
16.433293 -0.013945
16.438294 -0.005457
16.443295 -0.002132
16.448296 -0.009995
16.453297 -0.011088
16.458298 -0.003861
16.463299 -0.000439
16.468300 -0.006274
16.473301 -0.011280
16.478302 -0.003885
16.483303 0.002118
16.488304 -0.006850
16.493305 -0.012540
16.498306 -0.002516
16.503307 -0.000764
16.508308 -0.008663
16.513309 -0.008411
16.518310 -0.002132
16.523311 0.002106
16.528312 -0.003753
16.533313 -0.004809
16.538314 0.002070
16.543315 0.004603
16.548316 0.001541
16.553317 -0.003849
16.558318 0.003798
16.563319 0.009873
16.568320 0.000581
16.573321 -0.002624
16.578322 0.003942
16.583323 0.007916
16.588324 0.001649
16.593325 -0.004065
16.598326 0.003378
16.603327 0.007832
16.608328 0.000977
16.613329 -0.001688
16.618330 0.007640
16.623331 0.012153
16.628332 0.004458
16.633333 0.002117
16.638334 0.009044
16.643335 0.012742
16.648336 0.005947
16.653337 0.001829
16.658338 0.008696
16.663339 0.012982
16.668340 0.005190
16.673341 0.001073
16.678342 0.009116
16.683343 0.011481
16.688344 0.004062
16.693345 -0.000872
16.698346 0.005166
16.703347 0.009368
16.708348 0.001229
16.713349 -0.003345
16.718350 0.003750
16.723351 0.006919
16.728352 -0.000608
16.733353 -0.004186
16.738354 0.002753
16.743355 0.007195
16.748356 -0.001328
16.753357 -0.005218
16.758358 0.002333
16.763359 0.005046
16.768360 -0.003381
16.773361 -0.009564
16.778362 -0.000896
16.783363 0.000220
16.788364 -0.008868
16.793365 -0.011281
16.798366 -0.005638
16.803367 -0.000632
16.808368 -0.007907
16.813369 -0.011341
16.818370 -0.002625
16.823371 0.002573
16.828372 -0.004954
16.833373 -0.007403
16.838374 0.001036
16.843375 0.003929
16.848376 -0.002541
16.853377 -0.008928
16.858378 -0.001185
16.863379 0.001684
16.868380 -0.007199
16.873381 -0.010453
16.878382 -0.004654
16.883383 0.000040
16.888384 -0.007920
16.893385 -0.011857
16.898386 -0.003730
16.903387 0.000424
16.908388 -0.006491
16.913389 -0.008988
16.918390 -0.000633
16.923391 0.003605
16.928392 -0.002998
16.933393 -0.005951
16.938394 0.005454
16.943395 0.009620
16.948396 0.003185
16.953397 0.000208
16.958398 0.006282
16.963399 0.011120
16.968400 0.001924
16.973401 -0.002410
16.978402 0.002140
16.983403 0.004205
16.988404 -0.002241
16.993405 -0.008820
16.998406 -0.002085
17.003407 0.001084
17.008408 -0.006671
17.013410 -0.008628
17.018411 -0.001521
17.023412 0.002272
17.028413 -0.003118
17.033414 -0.006143
17.038415 0.003461
17.043416 0.008467
17.048417 -0.000297
17.053418 -0.001834
17.058419 0.006402
17.063420 0.009775
17.068421 0.003485
17.073422 -0.001125
17.078423 0.006006
17.083424 0.008827
17.088425 0.000507
17.093426 -0.003850
17.098427 0.000759
17.103428 0.006018
17.108429 -0.000261
17.113430 -0.006924
17.118431 0.003497
17.123432 0.007986
17.128433 -0.000261
17.133434 -0.002290
17.138435 0.005801
17.143436 0.012008
17.148437 0.002500
17.153438 -0.000681
17.158439 0.007410
17.163440 0.010387
17.168441 0.004637
17.173442 -0.001342
17.178443 0.007362
17.183444 0.010891
17.188445 0.002128
17.193446 -0.000297
17.198447 0.006461
17.203448 0.010699
17.208449 0.002056
17.213450 -0.002398
17.218451 0.005873
17.223452 0.008394
17.228453 0.001203
17.233454 -0.002338
17.238455 0.004733
17.243456 0.007782
17.248457 0.001275
17.253458 -0.002314
17.258459 0.003208
17.263460 0.008778
17.268461 -0.000598
17.273462 -0.005015
17.278463 0.003052
17.283464 0.004420
17.288465 -0.002074
17.293466 -0.007188
17.298467 -0.000430
17.303468 0.004228
17.308469 -0.005016
17.313470 -0.009301
17.318471 -0.001318
17.323472 0.001875
17.328473 -0.007345
17.333474 -0.010610
17.338475 -0.002807
17.343476 -0.000922
17.348477 -0.007093
17.353478 -0.012399
17.358479 -0.005208
17.363480 -0.001234
17.368481 -0.011787
17.373482 -0.013683
17.378483 -0.007861
17.383484 -0.005676
17.388485 -0.012279
17.393486 -0.016937
17.398487 -0.008605
17.403488 -0.005376
17.408489 -0.012963
17.413490 -0.014368
17.418491 -0.005820
17.423492 -0.002963
17.428493 -0.008029
17.433494 -0.011799
17.438495 -0.004032
17.443496 0.001815
17.448497 -0.006469
17.453498 -0.008257
17.458499 -0.000718
17.463500 0.005716
17.468501 -0.001835
17.473502 -0.003071
17.478503 0.008321
17.483504 0.009090
17.488505 0.007373
17.493506 0.002787
17.498507 0.010650
17.503508 0.017841
17.508509 0.008321
17.513510 0.006953
17.518511 0.011743
17.523512 0.016173
17.528513 0.008129
17.533514 0.001358
17.538515 0.009690
17.543516 0.011299
17.548517 0.003291
17.553518 -0.001211
17.558519 0.006677
17.563520 0.008153
17.568521 0.000974
17.573522 -0.001451
17.578523 0.003459
17.583524 0.009222
17.588525 -0.000647
17.593526 -0.003540
17.598527 0.003723
17.603528 0.005896
17.608529 -0.000238
17.613530 -0.006661
17.618531 0.003687
17.623532 0.004576
17.628533 -0.002507
17.633534 -0.002567
17.638535 0.001526
17.643536 0.008777
17.648537 0.000206
17.653538 -0.003588
17.658539 0.005620
17.663540 0.005848
17.668541 -0.000383
17.673542 -0.004632
17.678543 0.001706
17.683544 0.005344
17.688545 -0.002988
17.693546 -0.007610
17.698547 0.000049
17.703548 0.003531
17.708549 -0.005941
17.713550 -0.008822
17.718551 -0.001679
17.723552 0.001166
17.728553 -0.006493
17.733554 -0.009603
17.738555 -0.001559
17.743556 0.001250
17.748557 -0.004224
17.753558 -0.007034
17.758559 0.001502
17.763560 0.006172
17.768561 -0.000503
17.773562 -0.002856
17.778563 0.004047
17.783564 0.009185
17.788565 0.002150
17.793566 -0.002592
17.798567 0.004851
17.803568 0.008981
17.808569 0.000097
17.813570 -0.003600
17.818571 0.003507
17.823572 0.005247
17.828573 -0.000959
17.833574 -0.006938
17.838575 -0.000203
17.843576 0.006316
17.848577 -0.003204
17.853578 -0.007070
17.858579 0.002198
17.863580 0.005223
17.868581 -0.002292
17.873582 -0.006074
17.878583 0.001946
17.883584 0.004851
17.888585 -0.003721
17.893586 -0.008547
17.898587 -0.001812
17.903588 0.001946
17.908589 -0.007958
17.913590 -0.011260
17.918591 -0.004129
17.923592 -0.001980
17.928593 -0.008247
17.933594 -0.012208
17.938595 -0.004333
17.943596 0.001069
17.948597 -0.006038
17.953598 -0.009219
17.958599 -0.000888
17.963600 0.003626
17.968601 -0.002532
17.973602 -0.006086
17.978603 0.001417
17.983604 0.006459
17.988605 0.000529
17.993606 -0.003445
17.998607 0.003554
18.003608 0.009641
18.008609 0.001189
18.013610 -0.003301
18.018611 0.006447
18.023612 0.007804
18.028613 -0.000192
18.033614 -0.003049
18.038615 0.003482
18.043616 0.006063
18.048617 -0.001932
18.053618 -0.005678
18.058619 0.002605
18.063620 0.007491
18.068621 -0.002173
18.073622 -0.003445
18.078623 0.004970
18.083624 0.008752
18.088625 0.004046
18.093626 -0.002137
18.098627 0.006363
18.103628 0.012161
18.108629 0.002845
18.113630 -0.001092
18.118631 0.008176
18.123632 0.009904
18.128633 0.000204
18.133634 -0.001008
18.138635 0.004778
18.143636 0.007059
18.148637 -0.000024
18.153638 -0.005702
18.158639 0.002833
18.163640 0.005330
18.168641 -0.002677
18.173642 -0.004910
18.178643 0.002017
18.183644 0.006207
18.188645 -0.003445
18.193646 -0.006507
18.198647 0.001405
18.203648 0.002641
18.208649 -0.003962
18.213650 -0.009208
18.218651 -0.002641
18.223652 0.001116
18.228653 -0.007299
18.233654 -0.011237
18.238655 -0.004142
18.243656 -0.000108
18.248657 -0.007923
18.253658 -0.009712
18.258659 -0.002269
18.263660 0.000564
18.268661 -0.005102
18.273662 -0.008848
18.278663 -0.001081
18.283664 0.002377
18.288665 -0.004994
18.293666 -0.009124
18.298667 -0.001573
18.303668 0.003877
18.308669 -0.003794
18.313670 -0.008752
18.318671 0.000036
18.323672 0.005030
18.328673 -0.003578
18.333674 -0.007155
18.338675 -0.001357
18.343676 0.002124
18.348677 -0.004598
18.353678 -0.009088
18.358679 -0.000601
18.363680 0.003469
18.368681 -0.004466
18.373682 -0.006735
18.378683 0.002328
18.383684 0.005654
18.388685 -0.000217
18.393686 -0.004370
18.398687 0.003577
18.403688 0.009087
18.408689 0.000708
18.413690 -0.001981
18.418691 0.004381
18.423692 0.008463
18.428693 0.001368
18.433694 -0.003530
18.438695 0.005414
18.443696 0.007815
18.448697 0.000816
18.453698 -0.001910
18.458699 0.004213
18.463700 0.008547
18.468701 0.000287
18.473702 -0.002030
18.478703 0.006074
18.483704 0.008030
18.488705 0.002424
18.493706 -0.000481
18.498707 0.006638
18.503708 0.010419
18.508709 0.003577
18.513710 -0.000493
18.518711 0.005401
18.523712 0.010443
18.528713 0.002820
18.533714 -0.003698
18.538715 0.004525
18.543716 0.009339
18.548717 -0.001562
18.553718 -0.004887
18.558719 0.004897
18.563720 0.006386
18.568721 -0.000373
18.573722 -0.004935
18.578723 0.001464
18.583724 0.007430
18.588725 -0.002978
18.593726 -0.006748
18.598727 0.001752
18.603728 0.004117
18.608729 -0.002786
18.613730 -0.007132
18.618731 0.000959
18.623732 0.004128
18.628733 -0.002438
18.633734 -0.004431
18.638735 0.001607
18.643736 0.006025
18.648737 -0.000938
18.653738 -0.004959
18.658739 0.002184
18.663740 0.004501
18.668741 -0.003183
18.673742 -0.008249
18.678743 -0.000061
18.683744 0.003204
18.688745 -0.007084
18.693746 -0.008597
18.698747 -0.002330
18.703748 0.000491
18.708749 -0.005884
18.713750 -0.010242
18.718751 -0.000734
18.723752 0.001739
18.728753 -0.006136
18.733754 -0.007973
18.738755 -0.002331
18.743756 0.001931
18.748757 -0.004840
18.753758 -0.008417
18.758759 0.000154
18.763760 0.003612
18.768761 0.000274
18.773762 -0.003879
18.778763 0.003696
18.783764 0.011283
18.788765 0.001079
18.793766 -0.002463
18.798767 0.005869
18.803768 0.009470
18.808769 0.000815
18.813770 -0.003135
18.818771 0.005941
18.823772 0.007753
18.828773 0.000550
18.833774 -0.003327
18.838775 0.004116
18.843776 0.007369
18.848777 -0.000842
18.853778 -0.004192
18.858779 0.001283
18.863780 0.003900
18.868781 -0.004864
18.873782 -0.008501
18.878783 -0.003063
18.883784 -0.001082
18.888785 -0.006857
18.893786 -0.012667
18.898787 -0.004408
18.903788 0.001523
18.908789 -0.007781
18.913790 -0.010098
18.918791 0.000070
18.923792 0.002663
18.928793 -0.005032
18.933794 -0.007289
18.938795 0.001438
18.943796 0.005376
18.948797 -0.003195
18.953798 -0.005308
18.958799 0.002315
18.963800 0.004043
18.968801 -0.003484
18.973802 -0.006677
18.978803 0.002051
18.983804 0.004103
18.988805 -0.004120
18.993806 -0.006413
18.998807 0.000238
19.003808 0.003263
19.008809 -0.004672
19.013810 -0.008562
19.018811 -0.000687
19.023812 0.002507
19.028813 -0.005441
19.033814 -0.006461
19.038815 0.000742
19.043816 0.004067
19.048817 -0.000843
19.053818 -0.005285
19.058819 0.003515
19.063820 0.007357
19.068821 -0.000135
19.073822 -0.002235
19.078823 0.004871
19.083824 0.010094
19.088825 0.002242
19.093826 -0.000963
19.098827 0.007645
19.103828 0.010310
19.108829 0.004439
19.113830 0.000261
19.118831 0.006804
19.123832 0.011990
19.128833 0.003935
19.133834 -0.000039
19.138835 0.007753
19.143836 0.011846
19.148837 0.004319
19.153838 -0.000411
19.158839 0.007152
19.163840 0.010273
19.168841 0.002302
19.173842 -0.001131
19.178843 0.005267
19.183844 0.007992
19.188845 0.003347
19.193846 -0.001575
19.198847 0.003190
19.203848 0.009565
19.208849 0.000009
19.213850 -0.004085
19.218851 0.002146
19.223852 0.004091
19.228853 -0.002224
19.233854 -0.007434
19.238855 0.001222
19.243856 0.002770
19.248857 -0.004097
19.253858 -0.006318
19.258859 -0.000807
19.263860 0.004523
19.268861 -0.004229
19.273862 -0.007542
19.278863 0.000297
19.283865 0.001762
19.288866 -0.005765
19.293867 -0.010075
19.298868 -0.001540
19.303869 0.001137
19.308870 -0.006690
19.313871 -0.009907
19.318872 -0.004817
19.323873 0.001377
19.328874 -0.007722
19.333875 -0.011084
19.338876 -0.000640
19.343877 -0.001024
19.348878 -0.006822
19.353879 -0.009559
19.358880 -0.002404
19.363881 0.001785
19.368882 -0.006342
19.373883 -0.008419
19.378884 -0.001984
19.383885 0.002842
19.388886 -0.005021
19.393887 -0.009667
19.398888 0.000969
19.403889 0.003478
19.408890 -0.003617
19.413891 -0.005658
19.418892 0.000633
19.423893 0.004991
19.428894 -0.001804
19.433895 -0.006042
19.438896 0.001077
19.443897 0.004918
19.448898 -0.002453
19.453899 -0.005550
19.458900 0.001269
19.463901 0.005159
19.468902 -0.001312
19.473903 -0.005874
19.478904 0.002469
19.483905 0.008196
19.488906 -0.000712
19.493907 -0.002561
19.498908 0.008316
19.503909 0.009216
19.508910 0.003586
19.513911 0.001545
19.518912 0.008472
19.523913 0.012385
19.528914 0.004102
19.533915 0.001125
19.538916 0.007235
19.543917 0.011257
19.548918 0.003490
19.553919 -0.001120
19.558920 0.006251
19.563921 0.008604
19.568922 0.000452
19.573923 -0.003809
19.578924 0.003345
19.583925 0.004726
19.588926 -0.003906
19.593927 -0.006030
19.598928 0.000368
19.603929 0.002901
19.608930 -0.003786
19.613931 -0.008852
19.618932 -0.001541
19.623933 0.002517
19.628934 -0.006571
19.633935 -0.010328
19.638936 -0.002537
19.643937 0.002313
19.648938 -0.007315
19.653939 -0.009656
19.658940 -0.000424
19.663941 0.001124
19.668942 -0.003186
19.673943 -0.008780
19.678944 -0.000052
19.683945 0.005950
19.688946 -0.002873
19.693947 -0.005070
19.698948 0.001640
19.703949 0.005902
19.708950 -0.000629
19.713951 -0.003534
19.718952 0.003237
19.723953 0.007631
19.728954 0.000656
19.733955 -0.003678
19.738956 0.004173
19.743957 0.007883
19.748958 0.000152
19.753959 -0.005011
19.758960 0.002901
19.763961 0.005530
19.768962 -0.001781
19.773963 -0.005623
19.778964 0.000896
19.783965 0.005770
19.788966 -0.002982
19.793967 -0.004470
19.798968 0.003309
19.803969 0.004341
19.808970 -0.000617
19.813971 -0.005071
19.818972 0.001388
19.823973 0.007222
19.828974 -0.001721
19.833975 -0.005911
19.838976 0.002360
19.843977 0.005313
19.848978 -0.002370
19.853979 -0.005479
19.858980 0.001964
19.863981 0.003993
19.868982 -0.001866
19.873983 -0.004831
19.878984 -0.000041
19.883985 0.006286
19.888986 -0.000161
19.893987 -0.004795
19.898988 0.003525
19.903989 0.006286
19.908990 -0.000797
19.913991 -0.004063
19.918992 0.003236
19.923993 0.006970
19.928994 -0.000101
19.933995 -0.003931
19.938996 0.003308
19.943997 0.008014
19.948998 -0.000545
19.953999 -0.005875
19.959000 0.002816
19.964001 0.006141
19.969002 -0.002550
19.974003 -0.004783
19.979004 0.002840
19.984005 0.005793
19.989006 -0.000809
19.994007 -0.004699
19.999008 0.002996
20.004009 0.006646
20.009010 -0.002370
20.014011 -0.003198
20.019012 0.003656
20.024013 0.006922
20.029014 0.002228
20.034015 -0.004615
20.039016 0.005793
20.044017 0.010007
20.049018 -0.000293
20.054019 -0.000221
20.059020 0.004857
20.064021 0.008182
20.069022 0.001351
20.074023 -0.005059
20.079024 0.003296
20.084025 0.005589
20.089026 -0.002767
20.094027 -0.006176
20.099028 0.000307
20.104029 0.004737
20.109030 -0.004375
20.114031 -0.007869
20.119032 0.000571
20.124033 0.000787
20.129034 -0.003847
20.134035 -0.007821
20.139036 -0.001470
20.144037 0.003500
20.149038 -0.006560
20.154039 -0.008193
20.159040 -0.001470
20.164041 0.001579
20.169042 -0.004568
20.174043 -0.008601
20.179044 -0.002875
20.184045 0.000823
20.189046 -0.004207
20.194047 -0.009898
20.199048 -0.002923
20.204049 0.001111
20.209050 -0.006428
20.214051 -0.009826
20.219052 -0.002995
20.224053 0.001891
20.229054 -0.005324
20.234055 -0.008301
20.239056 0.000258
20.244057 0.005769
20.249058 0.001099
20.254059 -0.001687
20.259060 0.007725
20.264061 0.010943
20.269062 0.004736
20.274063 0.001795
20.279064 0.008554
20.284065 0.013860
20.289066 0.004424
20.294067 0.001195
20.299068 0.007041
20.304069 0.010774
20.309070 0.004124
20.314071 -0.003343
20.319072 0.006104
20.324073 0.009094
20.329074 -0.000210
20.334075 -0.002203
20.339076 0.005072
20.344077 0.007617
20.349078 0.001038
20.354079 -0.001255
20.359080 0.004964
20.364081 0.009634
20.369082 0.000714
20.374083 -0.003596
20.379084 0.004868
20.384085 0.005960
20.389086 -0.000114
20.394087 -0.004436
20.399088 0.002287
20.404089 0.005132
20.409090 -0.003212
20.414091 -0.003560
20.419092 0.000630
20.424093 0.003607
20.429094 -0.001579
20.434095 -0.006393
20.439096 0.000030
20.444097 0.004063
20.449098 -0.001903
20.454099 -0.007774
20.459100 0.001302
20.464101 0.006008
20.469102 -0.002479
20.474103 -0.005661
20.479104 0.001434
20.484105 0.005240
20.489106 -0.003152
20.494107 -0.007798
20.499108 -0.001195
20.504109 0.002586
20.509110 -0.006333
20.514111 -0.009178
20.519112 -0.003320
20.524113 -0.000247
20.529114 -0.004749
20.534115 -0.009611
20.539116 -0.001843
20.544117 0.001578
20.549118 -0.004557
20.554119 -0.008938
20.559120 -0.001399
20.564121 0.003979
20.569122 -0.004953
20.574123 -0.008350
20.579124 -0.000943
20.584125 0.003199
20.589126 -0.004137
20.594127 -0.008254
20.599128 -0.000847
20.604129 0.003126
20.609130 -0.005097
20.614131 -0.009167
20.619132 -0.000835
20.624133 0.002958
20.629134 -0.005265
20.634135 -0.009839
20.639136 -0.001291
20.644137 0.001602
20.649138 -0.006406
20.654139 -0.007618
20.659140 0.000809
20.664141 0.003426
20.669142 -0.003320
20.674143 -0.005853
20.679144 0.002202
20.684145 0.006608
20.689146 -0.000799
20.694147 -0.003525
20.699148 0.003006
20.704149 0.009021
20.709150 0.003078
20.714151 -0.002720
20.719152 0.007208
20.724153 0.011037
20.729154 0.004375
20.734155 0.000773
20.739156 0.006307
20.744157 0.011313
20.749158 0.004315
20.754159 0.000293
20.759160 0.006908
20.764161 0.011433
20.769162 0.003918
20.774163 -0.000259
20.779164 0.006547
20.784165 0.009561
20.789166 0.003294
20.794167 -0.002120
20.799168 0.005143
20.804169 0.008780
20.809170 0.000197
20.814171 -0.003045
20.819172 0.002069
20.824173 0.006739
20.829174 -0.000452
20.834175 -0.005758
20.839176 0.003282
20.844177 0.005515
20.849178 -0.001580
20.854179 -0.005098
20.859180 0.002213
20.864181 0.005287
20.869182 -0.003033
20.874183 -0.004137
20.879184 0.000653
20.884185 0.004230
20.889186 -0.000992
20.894187 -0.007955
20.899188 0.000160
20.904189 0.006031
20.909190 -0.004281
20.914191 -0.008087
20.919192 0.000905
20.924193 0.002141
20.929194 -0.005626
20.934195 -0.007739
20.939196 -0.001965
20.944197 0.001577
20.949198 -0.003825
20.954199 -0.010284
20.959200 -0.001821
20.964201 0.003101
20.969202 -0.005806
20.974203 -0.007259
20.979204 -0.001160
20.984205 0.003534
20.989206 -0.003465
20.994207 -0.007463
20.999208 0.001409
21.004209 0.003630
21.009210 -0.002469
21.014211 -0.005626
21.019212 0.001072
21.024213 0.004650
21.029214 -0.002745
21.034215 -0.005879
21.039216 0.001192
21.044217 0.004182
21.049218 -0.003562
21.054219 -0.006095
21.059220 0.001120
21.064221 0.003137
21.069222 -0.003598
21.074223 -0.007835
21.079224 0.000004
21.084225 0.004878
21.089226 -0.004546
21.094227 -0.007559
21.099228 -0.000092
21.104229 0.004338
21.109230 -0.002853
21.114231 -0.007667
21.119232 0.002321
21.124233 0.004602
21.129234 -0.002145
21.134235 -0.003802
21.139236 0.002273
21.144237 0.007087
21.149238 -0.000513
21.154239 -0.003922
21.159240 0.003305
21.164241 0.006846
21.169242 0.000184
21.174243 -0.004198
21.179244 0.003629
21.184245 0.005598
21.189246 -0.000561
21.194247 -0.003094
21.199248 0.002536
21.204249 0.007687
21.209250 -0.000273
21.214251 -0.003046
21.219252 0.004721
21.224253 0.007554
21.229254 0.001408
21.234255 -0.003082
21.239256 0.004721
21.244257 0.009019
21.249258 0.001408
21.254259 -0.003490
21.259260 0.004313
21.264261 0.008683
21.269262 0.001084
21.274263 -0.002506
21.279264 0.002536
21.284265 0.009055
21.289266 0.001360
21.294267 -0.004079
21.299268 0.005309
21.304269 0.007038
21.309270 0.001156
21.314271 -0.002902
21.319272 0.001804
21.324273 0.008815
21.329274 0.001444
21.334275 -0.005771
21.339276 0.003689
21.344277 0.007026
21.349278 -0.001966
21.354279 -0.005747
21.359280 0.001035
21.364281 0.004865
21.369282 -0.004463
21.374283 -0.006312
21.379284 -0.000873
21.384285 0.002764
21.389286 -0.003599
21.394287 -0.008989
21.399288 0.001636
21.404289 0.002008
21.409290 -0.004307
21.414291 -0.007116
21.419292 -0.001414
21.424293 0.004253
21.429294 -0.004535
21.434295 -0.005952
21.439296 0.000339
21.444297 0.004301
21.449298 -0.001498
21.454299 -0.007560
21.459300 0.001215
21.464301 0.004553
21.469302 -0.002578
21.474303 -0.005340
21.479304 0.001215
21.484305 0.006329
21.489306 -0.000838
21.494307 -0.004811
21.499308 0.002103
21.504309 0.006353
21.509310 -0.000454
21.514311 -0.004931
21.519312 0.004048
21.524313 0.004396
21.529314 -0.002170
21.534315 -0.003047
21.539316 0.000591
21.544317 0.005837
21.549319 -0.000682
21.554320 -0.006516
21.559321 0.000867
21.564322 0.005705
21.569323 -0.003959
21.574324 -0.008629
21.579325 0.000471
21.584326 0.002067
21.589327 -0.004067
21.594328 -0.008413
21.599329 -0.002651
21.604330 0.003856
21.609331 -0.006360
21.614332 -0.009854
21.619333 -0.000058
21.624334 0.000735
21.629335 -0.005580
21.634336 -0.009374
21.639337 -0.001751
21.644338 0.002775
21.649339 -0.005904
21.654340 -0.007633
21.659341 -0.000790
21.664342 0.003988
21.669343 -0.001871
21.674344 -0.006553
21.679345 0.001635
21.684346 0.006269
21.689347 -0.000118
21.694348 -0.004920
21.699349 0.002919
21.704350 0.006953
21.709351 -0.000766
21.714352 -0.004380
21.719353 0.001647
21.724354 0.006713
21.729355 -0.000454
21.734356 -0.005004
21.739357 0.002979
21.744358 0.007349
21.749359 -0.000358
21.754360 -0.005580
21.759361 0.003147
21.764362 0.007745
21.769363 -0.002243
21.774364 -0.004956
21.779365 0.004276
21.784366 0.005584
21.789367 -0.001091
21.794368 -0.003660
21.799369 0.001814
21.804370 0.006712
21.809371 -0.000034
21.814372 -0.005641
21.819373 0.002955
21.824374 0.006712
21.829375 -0.001379
21.834376 -0.004104
21.839377 0.001022
21.844378 0.005332
21.849379 -0.002111
21.854380 -0.007754
21.859381 0.000890
21.864382 0.005164
21.869383 -0.002111
21.874384 -0.007009
21.879385 0.002354
21.884386 0.006604
21.889387 -0.001367
21.894388 -0.002916
21.899389 0.003267
21.904390 0.007384
21.909391 0.001514
21.914392 -0.001943
21.919393 0.005440
21.924394 0.008657
21.929395 0.001670
21.934396 -0.001979
21.939397 0.005055
21.944398 0.007901
21.949399 0.000578
21.954400 -0.002124
21.959401 0.003903
21.964402 0.007564
21.969403 0.001058
21.974404 -0.002844
21.979405 0.004155
21.984406 0.007912
21.989407 0.000649
21.994408 -0.004369
21.999409 0.004707
22.004410 0.007984
22.009411 -0.000419
22.014412 -0.002928
22.019413 0.002630
22.024414 0.007216
22.029415 -0.000983
22.034416 -0.005749
22.039417 0.003362
22.044418 0.004539
22.049419 -0.003384
22.054420 -0.006914
22.059421 -0.001236
22.064422 0.001658
22.069423 -0.006194
22.074424 -0.009135
22.079425 -0.003348
22.084426 0.000193
22.089427 -0.006410
22.094428 -0.011128
22.099429 -0.003060
22.104430 -0.000095
22.109431 -0.007430
22.114432 -0.009543
22.119433 -0.004441
22.124434 0.000025
22.129435 -0.004357
22.134436 -0.010996
22.139437 -0.001440
22.144438 0.002858
22.149439 -0.006062
22.154440 -0.007058
22.159441 -0.002460
22.164442 0.005163
22.169443 -0.000936
22.174444 -0.008415
22.179445 0.002858
22.184446 0.006255
22.189447 -0.000648
22.194448 -0.004669
22.199449 0.001525
22.204450 0.007816
22.209451 -0.000240
22.214452 -0.004093
22.219453 0.002245
22.224454 0.007300
22.229455 0.000805
22.234456 -0.005006
22.239457 0.003974
22.244458 0.007444
22.249459 0.000553
22.254460 -0.002280
22.259461 0.004130
22.264462 0.008368
22.269463 0.001453
22.274464 -0.002617
22.279465 0.004850
22.284466 0.008980
22.289467 0.001129
22.294468 -0.002953
22.299469 0.002870
22.304470 0.006363
22.309471 -0.000312
22.314472 -0.006098
22.319473 0.000288
22.324474 0.004418
22.329475 -0.002905
22.334476 -0.007419
22.339477 -0.001644
22.344478 0.003530
22.349479 -0.003625
22.354480 -0.008427
22.359481 -0.000288
22.364482 0.003326
22.369483 -0.003181
22.374484 -0.007107
22.379485 0.000000
22.384486 0.003830
22.389487 -0.003337
22.394488 -0.006855
22.399489 0.000684
22.404490 0.005066
22.409491 -0.004454
22.414492 -0.006711
22.419493 0.000372
22.424494 0.001765
22.429495 -0.001945
22.434496 -0.008151
22.439497 -0.001489
22.444498 0.005294
22.449499 -0.005282
22.454500 -0.008248
22.459501 -0.000456
22.464502 0.002485
22.469503 -0.004202
22.474504 -0.008560
22.479505 -0.000684
22.484506 0.002365
22.489507 -0.004250
22.494508 -0.007767
22.499509 -0.001201
22.504510 0.002545
22.509511 -0.004094
22.514512 -0.008164
22.519513 -0.001561
22.524514 0.004405
22.529515 -0.002641
22.534516 -0.005571
22.539517 0.003253
22.544518 0.007191
22.549519 0.000768
22.554520 -0.002341
22.559521 0.004633
22.564522 0.010060
22.569523 0.003757
22.574524 -0.001945
22.579525 0.006446
22.584526 0.010060
22.589527 0.001848
22.594528 -0.001633
22.599529 0.005006
22.604530 0.008895
22.609531 0.002244
22.614532 -0.002306
22.619533 0.003145
22.624534 0.009207
22.629535 0.001812
22.634536 -0.003362
22.639537 0.006014
22.644538 0.009303
22.649539 0.002412
22.654540 -0.001585
22.659541 0.006074
22.664542 0.010155
22.669543 0.002124
22.674544 0.000275
22.679545 0.005558
22.684546 0.011200
22.689547 0.004597
22.694548 -0.002582
22.699549 0.006542
22.704550 0.008655
22.709551 0.000419
22.714552 -0.003698
22.719553 0.000912
22.724554 0.005497
22.729555 -0.001033
22.734556 -0.007276
22.739557 -0.001273
22.744558 0.004705
22.749559 -0.004479
22.754560 -0.010517
22.759561 -0.001442
22.764562 0.002988
22.769563 -0.005403
22.774564 -0.011358
22.779565 -0.002498
22.784566 0.001223
22.789567 -0.007012
22.794568 -0.009425
22.799569 -0.003795
22.804570 0.001379
22.809571 -0.005499
22.814572 -0.009905
22.819573 -0.002198
22.824574 0.000743
22.829575 -0.003459
22.834576 -0.007504
22.839577 -0.002858
22.844578 0.004044
22.849579 -0.003111
22.854580 -0.007877
22.859581 0.000311
22.864582 0.003060
22.869583 -0.001658
22.874584 -0.006040
22.879585 0.000551
22.884586 0.005881
22.889587 -0.001766
22.894588 -0.004239
22.899589 0.002075
22.904590 0.005509
22.909591 0.000035
22.914592 -0.003987
22.919593 0.002796
22.924594 0.007850
22.929595 -0.001130
22.934596 -0.004119
22.939597 0.003840
22.944598 0.006889
22.949599 0.001403
22.954600 -0.003975
22.959601 0.004872
22.964602 0.008414
22.969603 0.000539
22.974604 -0.002355
22.979605 0.002772
22.984606 0.007201
22.989607 -0.001610
22.994608 -0.005512
22.999609 0.002868
23.004610 0.005112
23.009611 -0.000830
23.014612 -0.005140
23.019613 0.002507
23.024614 0.006529
23.029615 -0.000830
23.034616 -0.002859
23.039617 0.002447
23.044618 0.007645
23.049619 -0.000134
23.054620 -0.003663
23.059621 0.004116
23.064622 0.006061
23.069623 0.000154
23.074624 -0.003940
23.079625 0.004968
23.084626 0.006757
23.089627 -0.000818
23.094628 -0.004060
23.099629 0.000082
23.104630 0.006445
23.109631 -0.001587
23.114632 -0.007373
23.119633 0.001511
23.124634 0.003335
23.129635 -0.003712
23.134636 -0.007541
23.139637 -0.002967
23.144638 0.002591
23.149639 -0.004552
23.154640 -0.010242
23.159641 -0.003159
23.164642 0.001054
23.169643 -0.004696
23.174644 -0.009234
23.179645 -0.002367
23.184646 0.003659
23.189647 -0.004840
23.194648 -0.009066
23.199649 -0.001035
23.204650 0.003791
23.209651 -0.003280
23.214652 -0.008586
23.219653 0.000898
23.224654 0.003695
23.229655 -0.004324
23.234656 -0.007577
23.239657 0.000130
23.244658 0.003947
23.249659 -0.003616
23.254660 -0.006329
23.259661 0.000286
23.264662 0.005676
23.269663 -0.001671
23.274664 -0.006125
23.279665 0.001666
23.284666 0.006084
23.289667 -0.000939
23.294668 -0.003964
23.299669 0.002879
23.304670 0.006984
23.309671 0.001882
23.314672 -0.003916
23.319673 0.003971
23.324674 0.008869
23.329675 0.002206
23.334676 -0.003580
23.339677 0.003479
23.344678 0.009001
23.349679 -0.000315
23.354680 -0.001839
23.359681 0.004151
23.364682 0.007020
23.369683 0.001690
23.374684 -0.004505
23.379685 0.003179
23.384686 0.008413
23.389687 -0.001707
23.394688 -0.004637
23.399689 0.003191
23.404690 0.004979
23.409691 0.000513
23.414692 -0.004445
23.419693 0.001882
23.424694 0.007248
23.429695 0.000789
23.434696 -0.004133
23.439697 0.001858
23.444698 0.008569
23.449699 0.000657
23.454700 -0.004145
23.459701 0.002374
23.464702 0.007128
23.469703 0.000393
23.474704 -0.004625
23.479705 0.002890
23.484706 0.006672
23.489707 -0.000099
23.494708 -0.004817
23.499709 0.002806
23.504710 0.006732
23.509711 0.000033
23.514712 -0.004853
23.519713 0.003058
23.524714 0.007320
23.529715 -0.001708
23.534716 -0.003305
23.539717 0.002098
23.544718 0.005927
23.549719 -0.000916
23.554720 -0.005453
23.559721 0.002818
23.564722 0.004847
23.569723 -0.001636
23.574724 -0.006450
23.579725 -0.000135
23.584726 0.005063
23.589727 -0.003677
23.594728 -0.007338
23.599729 -0.000676
23.604730 0.002602
23.609731 -0.002620
23.614732 -0.006030
23.619733 -0.000099
23.624734 0.004486
23.629735 -0.001540
23.634736 -0.007375
23.639737 0.001581
23.644738 0.005495
23.649739 -0.003305
23.654740 -0.005982
23.659741 -0.000124
23.664742 0.004078
23.669743 -0.002897
23.674744 -0.006762
23.679745 -0.000328
23.684746 0.003514
23.689747 -0.002777
23.694748 -0.008095
23.699749 -0.000184
23.704750 0.003718
23.709751 -0.003113
23.714752 -0.006702
23.719753 -0.000892
23.724754 0.004474
23.729755 -0.001468
23.734756 -0.006618
23.739757 0.000476
23.744758 0.005470
23.749759 -0.000808
23.754760 -0.005802
23.759761 0.001005
23.764762 0.007199
23.769763 -0.001540
23.774764 -0.005250
23.779765 0.002325
23.784766 0.004318
23.789767 -0.000268
23.794768 -0.005310
23.799769 0.001353
23.804770 0.007259
23.809771 -0.001469
23.814772 -0.004230
23.819774 0.002721
23.824775 0.006587
23.829776 0.000680
23.834777 -0.004410
23.839778 0.002841
23.844779 0.007211
23.849780 0.000824
23.854781 -0.003101
23.859782 0.003237
23.864783 0.007619
23.869784 0.001136
23.874785 -0.003990
23.879786 0.003309
23.884787 0.007835
23.889788 0.000860
23.894789 -0.004206
23.899790 0.001400
23.904791 0.008063
23.909792 -0.001169
23.914793 -0.006031
23.919794 0.001724
23.924795 0.004233
23.929796 -0.001697
23.934797 -0.008372
23.939798 -0.001637
23.944799 0.004485
23.949800 -0.002946
23.954801 -0.007856
23.959802 -0.001301
23.964803 0.003573
23.969804 -0.002381
23.974805 -0.006571
23.979806 0.000224
23.984807 0.005950
23.989808 -0.002321
23.994809 -0.006979
23.999810 0.002541
24.004811 0.006238
24.009812 -0.001001
24.014813 -0.004903
24.019814 0.000812
24.024815 0.006322
24.029816 0.001388
24.034817 -0.006223
24.039818 0.001448
24.044819 0.007775
24.049820 -0.001169
24.054821 -0.005167
24.059822 0.000307
24.064823 0.006178
24.069824 -0.001733
24.074825 -0.006812
24.079826 0.001664
24.084827 0.003621
24.089828 -0.002142
24.094829 -0.007124
24.099830 0.000535
24.104831 0.004953
24.109832 -0.001541
24.114833 -0.005527
24.119834 -0.001433
24.124835 0.006034
24.129836 -0.001758
24.134837 -0.007388
24.139838 0.000115
24.144839 0.003537
24.149840 -0.002694
24.154841 -0.008288
24.159842 0.000595
24.164843 0.004341
24.169844 -0.002958
24.174845 -0.004831
24.179846 0.000199
24.184847 0.006129
24.189848 0.000355
24.194849 -0.004411
24.199850 0.002600
24.204851 0.006526
24.209852 0.000871
24.214853 -0.004135
24.219854 0.001976
24.224855 0.007702
24.229856 0.001171
24.234857 -0.004555
24.239858 0.003020
24.244859 0.006886
24.249860 -0.000137
24.254861 -0.003943
24.259862 0.001771
24.264863 0.007114
24.269864 -0.000606
24.274865 -0.005251
24.279866 0.002036
24.284867 0.005817
24.289868 -0.000594
24.294869 -0.005131
24.299870 0.001627
24.304871 0.006129
24.309872 -0.000858
24.314873 -0.005360
24.319874 0.001819
24.324875 0.006429
24.329876 -0.000498
24.334877 -0.006332
24.339878 0.001303
24.344879 0.005337
24.349880 -0.001746
24.354881 -0.005936
24.359882 -0.001062
24.364883 0.005757
24.369884 -0.002611
24.374885 -0.007677
24.379886 0.000679
24.384887 0.004340
24.389888 -0.002503
24.394889 -0.007917
24.399890 0.001447
24.404891 0.004208
24.409892 -0.002671
24.414893 -0.004147
24.419894 -0.000846
24.424895 0.004892
24.429896 -0.000858
24.434897 -0.007197
24.439898 0.001183
24.444899 0.004412
24.449900 -0.001999
24.454901 -0.005984
24.459902 -0.000846
24.464903 0.005793
24.469904 -0.001963
24.474905 -0.006765
24.479906 0.002011
24.484907 0.005084
24.489908 -0.001410
24.494909 -0.005660
24.499910 0.000462
24.504911 0.005240
24.509912 -0.000066
24.514913 -0.005312
24.519914 -0.000030
24.524915 0.006873
24.529916 0.000702
24.534917 -0.003908
24.539918 0.003103
24.544919 0.007185
24.549920 0.001927
24.554921 -0.002851
24.559922 0.002851
24.564923 0.008673
24.569924 0.001062
24.574925 -0.003656
24.579926 0.003271
24.584927 0.007437
24.589928 0.001230
24.594929 -0.004796
24.599930 0.002575
24.604931 0.006741
24.609932 -0.000450
24.614933 -0.004592
24.619934 0.001506
24.624935 0.005780
24.629936 -0.001567
24.634937 -0.006393
24.639938 -0.000126
24.644939 0.005456
24.649940 -0.002263
24.654941 -0.006417
24.659942 0.001266
24.664943 0.004567
24.669944 -0.002119
24.674945 -0.006765
24.679946 0.000498
24.684947 0.004447
24.689948 -0.002119
24.694949 -0.006573
24.699950 -0.000619
24.704951 0.004843
24.709952 -0.001951
24.714953 -0.007330
24.719954 0.000594
24.724955 0.004819
24.729956 -0.003068
24.734957 -0.005385
24.739958 0.000017
24.744959 0.005492
24.749960 -0.000415
24.754961 -0.007498
24.759962 0.003031
24.764963 0.006008
24.769964 -0.001795
24.774965 -0.003368
24.779966 0.002322
24.784967 0.006836
24.789968 -0.000487
24.794969 -0.005133
24.799970 0.002394
24.804971 0.006656
24.809972 -0.000499
24.814973 -0.004737
24.819974 0.000809
24.824975 0.005744
24.829976 -0.000427
24.834977 -0.006790
24.839978 0.000365
24.844979 0.004267
24.849980 -0.002768
24.854981 -0.006358
24.859982 0.000221
24.864983 0.003138
24.869984 -0.004497
24.874985 -0.007030
24.879986 -0.000727
24.884987 0.003438
24.889988 -0.001160
24.894989 -0.007894
24.899990 -0.000595
24.904991 0.005743
24.909992 -0.002996
24.914993 -0.006178
24.919994 -0.001016
24.924995 0.004243
24.929996 -0.001172
24.934997 -0.008111
24.939998 -0.000031
24.944999 0.004627
24.950000 -0.002696
