0.000000 0.000000
0.005001 -0.000164
0.010002 -0.000217
0.015003 0.000082
0.020004 0.000073
0.025005 0.000020
0.030006 -0.000015
0.035007 -0.000076
0.040008 0.000064
0.045009 -0.000067
0.050010 -0.000234
0.055011 -0.000041
0.060012 -0.000041
0.065013 -0.000006
0.070014 -0.000006
0.075015 -0.000111
0.080016 -0.000032
0.085017 -0.000111
0.090018 -0.000155
0.095019 0.000012
0.100020 0.000029
0.105021 -0.000234
0.110022 -0.000181
0.115023 -0.000050
0.120024 -0.000059
0.125025 -0.000032
0.130026 -0.000076
0.135027 0.000073
0.140028 0.000003
0.145029 -0.000032
0.150030 -0.000032
0.155031 -0.000050
0.160032 0.000196
0.165033 0.000020
0.170034 -0.000094
0.175035 0.000064
0.180036 -0.000006
0.185037 -0.000111
0.190038 -0.000032
0.195039 0.000073
0.200040 0.000064
0.205041 -0.000120
0.210042 -0.000234
0.215043 0.000073
0.220044 0.000178
0.225045 -0.000050
0.230046 -0.000023
0.235047 -0.000093
0.240049 -0.000041
0.245050 0.000029
0.250051 -0.000102
0.255052 0.000117
0.260053 0.000161
0.265054 0.000021
0.270055 -0.000137
0.275056 -0.000102
0.280057 0.000012
0.285058 -0.000181
0.290059 -0.000111
0.295060 -0.000032
0.300061 0.000082
0.305062 -0.000032
0.310063 -0.000137
0.315064 0.000108
0.320065 0.000100
0.325066 0.000073
0.330067 -0.000111
0.335068 -0.000102
0.340069 0.000091
0.345070 -0.000049
0.350071 -0.000181
0.355072 0.000012
0.360073 0.000100
0.365074 -0.000058
0.370075 -0.000120
0.375076 -0.000120
0.380077 -0.000014
0.385078 -0.000023
0.390079 -0.000093
0.395080 0.000012
0.400081 0.000091
0.405082 0.000030
0.410083 0.000012
0.415084 -0.000049
0.420085 -0.000006
0.425086 0.000082
0.430087 -0.000146
0.435088 0.000065
0.440089 0.000161
0.445090 -0.000286
0.450091 -0.000146
0.455092 0.000152
0.460093 -0.000014
0.465094 -0.000225
0.470095 -0.000181
0.475096 -0.000014
0.480097 0.000082
0.485098 -0.000207
0.490099 -0.000119
0.495100 0.000196
0.500101 -0.000076
0.505102 -0.000146
0.510103 -0.000146
0.515104 -0.000075
0.520105 0.000082
0.525106 0.000021
0.530107 0.000047
0.535108 -0.000049
0.540109 -0.000049
0.545110 0.000021
0.550111 -0.000198
0.555112 -0.000172
0.560113 0.000012
0.565114 -0.000154
0.570115 -0.000181
0.575116 0.000021
0.580117 0.000030
0.585118 -0.000023
0.590119 -0.000049
0.595120 -0.000128
0.600121 -0.000049
0.605122 0.000082
0.610123 0.000021
0.615124 0.000047
0.620125 0.000004
0.625126 0.000021
0.630127 -0.000058
0.635128 -0.000128
0.640129 0.000118
0.645130 0.000004
0.650131 -0.000014
0.655132 0.000118
0.660133 0.000004
0.665134 -0.000075
0.670135 -0.000023
0.675136 0.000004
0.680137 0.000144
0.685138 0.000030
0.690139 -0.000251
0.695140 -0.000049
0.700141 0.000109
0.705142 0.000004
0.710143 0.000056
0.715145 0.000065
0.720146 -0.000058
0.725147 -0.000049
0.730148 -0.000084
0.735149 -0.000014
0.740150 0.000126
0.745151 0.000030
0.750152 0.000021
0.755153 -0.000040
0.760154 -0.000031
0.765155 -0.000049
0.770156 -0.000101
0.775157 0.000065
0.780158 0.000030
0.785159 0.000013
0.790160 -0.000014
0.795161 0.000021
0.800162 0.000135
0.805163 0.000021
0.810164 -0.000058
0.815165 0.000021
0.820166 0.000065
0.825167 -0.000145
0.830168 -0.000066
0.835169 0.000109
0.840170 0.000135
0.845171 0.000074
0.850172 -0.000119
0.855173 -0.000075
0.860174 0.000021
0.865175 0.000048
0.870176 -0.000057
0.875177 -0.000031
0.880178 -0.000057
0.885179 -0.000145
0.890180 0.000004
0.895181 -0.000022
0.900182 -0.000005
0.905183 -0.000057
0.910184 -0.000092
0.915185 0.000162
0.920186 0.000004
0.925187 -0.000189
0.930188 0.000065
0.935189 0.000171
0.940190 0.000004
0.945191 -0.000145
0.950192 -0.000189
0.955193 -0.000005
0.960194 0.000100
0.965195 0.000004
0.970196 -0.000031
0.975197 0.000039
0.980198 0.000074
0.985199 -0.000119
0.990200 -0.000224
0.995201 0.000022
1.000202 0.000188
1.005203 0.000022
1.010204 -0.000066
1.015205 0.000022
1.020206 0.000048
1.025207 0.000022
1.030208 -0.000084
1.035209 -0.000110
1.040210 -0.000083
1.045211 -0.000154
1.050212 -0.000040
1.055213 0.000083
1.060214 0.000013
1.065215 -0.000040
1.070216 -0.000136
1.075217 -0.000066
1.080218 0.000083
1.085219 -0.000022
1.090220 0.000083
1.095221 0.000057
1.100222 -0.000083
1.105223 0.000039
1.110224 -0.000075
1.115225 -0.000031
1.120226 0.000013
1.125227 -0.000092
1.130228 -0.000040
1.135229 -0.000153
1.140230 -0.000101
1.145231 0.000074
1.150232 -0.000057
1.155233 0.000013
1.160234 0.000127
1.165235 -0.000066
1.170236 -0.000048
1.175237 0.000022
1.180238 -0.000013
1.185239 0.000048
1.190241 0.000022
1.195242 -0.000031
1.200243 0.000031
1.205244 -0.000074
1.210245 -0.000118
1.215246 -0.000022
1.220247 0.000040
1.225248 0.000048
1.230249 -0.000101
1.235250 0.000040
1.240251 0.000145
1.245252 -0.000066
1.250253 -0.000101
1.255254 0.000031
1.260255 0.000005
1.265256 -0.000145
1.270257 -0.000145
1.275258 -0.000057
1.280259 0.000136
1.285260 0.000040
1.290261 -0.000144
1.295262 0.000005
1.300263 0.000005
1.305264 -0.000083
1.310265 -0.000127
1.315266 -0.000048
1.320267 0.000031
1.325268 -0.000013
1.330269 -0.000022
1.335270 0.000189
1.340271 0.000180
1.345272 -0.000118
1.350273 -0.000074
1.355274 0.000048
1.360275 0.000110
1.365276 0.000013
1.370277 -0.000013
1.375278 0.000189
1.380279 0.000084
1.385280 -0.000144
1.390281 -0.000039
1.395282 0.000119
1.400283 0.000110
1.405284 -0.000074
1.410285 -0.000127
1.415286 0.000101
1.420287 0.000145
1.425288 -0.000092
1.430289 -0.000214
1.435290 -0.000013
1.440291 0.000014
1.445292 -0.000039
1.450293 -0.000048
1.455294 -0.000162
1.460295 0.000031
1.465296 0.000119
1.470297 -0.000039
1.475298 0.000022
1.480299 0.000014
1.485300 -0.000083
1.490301 0.000066
1.495302 0.000136
1.500303 -0.000021
1.505304 -0.000188
1.510305 -0.000170
1.515306 0.000084
1.520307 0.000119
1.525308 0.000005
1.530309 0.000040
1.535310 0.000066
1.540311 0.000119
1.545312 0.000101
1.550313 0.000005
1.555314 0.000084
1.560315 0.000058
1.565316 -0.000153
1.570317 -0.000004
1.575318 0.000031
1.580319 -0.000056
1.585320 0.000066
1.590321 0.000005
1.595322 0.000040
1.600323 0.000058
1.605324 0.000058
1.610325 0.000154
1.615326 0.000023
1.620327 0.000014
1.625328 -0.000056
1.630329 -0.000118
1.635330 0.000023
1.640331 -0.000030
1.645332 -0.000153
1.650333 -0.000188
1.655334 -0.000056
1.660335 0.000005
1.665336 -0.000179
1.670338 -0.000083
1.675339 0.000084
1.680340 0.000031
1.685341 -0.000056
1.690342 -0.000056
1.695343 0.000093
1.700344 0.000102
1.705345 0.000031
1.710346 0.000005
1.715347 0.000058
1.720348 0.000224
1.725349 -0.000056
1.730350 -0.000258
1.735351 0.000005
1.740352 0.000005
1.745353 0.000005
1.750354 -0.000030
1.755355 -0.000004
1.760356 0.000102
1.765357 -0.000082
1.770358 -0.000047
1.775359 0.000084
1.780360 -0.000021
1.785361 -0.000109
1.790362 -0.000126
1.795363 -0.000021
1.800364 0.000189
1.805365 0.000032
1.810366 -0.000074
1.815367 0.000111
1.820368 0.000119
1.825369 0.000084
1.830370 0.000023
1.835371 -0.000012
1.840372 0.000093
1.845373 0.000049
1.850374 -0.000047
1.855375 0.000049
1.860376 -0.000030
1.865377 -0.000152
1.870378 -0.000030
1.875379 0.000076
1.880380 0.000014
1.885381 -0.000047
1.890382 -0.000012
1.895383 -0.000012
1.900384 0.000032
1.905385 -0.000056
1.910386 -0.000003
1.915387 0.000137
1.920388 0.000102
1.925389 -0.000100
1.930390 -0.000266
1.935391 0.000093
1.940392 0.000260
1.945393 -0.000038
1.950394 -0.000196
1.955395 0.000049
1.960396 0.000260
1.965397 0.000181
1.970398 -0.000091
1.975399 -0.000056
1.980400 0.000216
1.985401 0.000058
1.990402 -0.000117
1.995403 -0.000187
2.000404 -0.000082
2.005405 -0.000029
2.010406 0.000006
2.015407 0.000067
2.020408 0.000014
2.025409 -0.000038
2.030410 -0.000047
2.035411 0.000041
2.040412 -0.000091
2.045413 -0.000091
2.050414 0.000006
2.055415 0.000041
2.060416 0.000058
2.065417 -0.000108
2.070418 -0.000126
2.075419 -0.000135
2.080420 -0.000021
2.085421 -0.000082
2.090422 -0.000257
2.095423 -0.000003
2.100424 0.000085
2.105425 -0.000073
2.110426 -0.000143
2.115427 -0.000021
2.120428 0.000093
2.125429 0.000006
2.130430 -0.000056
2.135431 -0.000091
2.140432 -0.000056
2.145434 0.000023
2.150435 0.000023
2.155436 -0.000073
2.160437 -0.000108
2.165438 -0.000091
2.170439 -0.000073
2.175440 -0.000029
2.180441 -0.000020
2.185442 -0.000012
2.190443 -0.000108
2.195444 -0.000117
2.200445 0.000006
2.205446 -0.000003
2.210447 -0.000038
2.215448 0.000041
2.220449 -0.000029
2.225450 -0.000012
2.230451 0.000006
2.235452 -0.000038
2.240453 0.000076
2.245454 -0.000055
2.250455 -0.000073
2.255456 0.000102
2.260457 0.000137
2.265458 0.000006
2.270459 -0.000125
2.275460 0.000067
2.280461 0.000120
2.285462 -0.000020
2.290463 0.000050
2.295464 0.000138
2.300465 -0.000011
2.305466 -0.000178
2.310467 -0.000125
2.315468 0.000076
2.320469 0.000032
2.325470 -0.000020
2.330471 -0.000003
2.335472 0.000024
2.340473 0.000085
2.345474 0.000015
2.350475 0.000076
2.355476 0.000111
2.360477 0.000173
2.365478 0.000032
2.370479 -0.000003
2.375480 0.000094
2.380481 -0.000073
2.385482 -0.000011
2.390483 0.000006
2.395484 0.000234
2.400485 0.000260
2.405486 -0.000117
2.410487 0.000006
2.415488 0.000190
2.420489 0.000076
2.425490 -0.000160
2.430491 -0.000108
2.435492 0.000015
2.440493 0.000190
2.445494 0.000103
2.450495 -0.000248
2.455496 -0.000081
2.460497 0.000068
2.465498 0.000085
2.470499 -0.000064
2.475500 -0.000099
2.480501 0.000094
2.485502 0.000041
2.490503 -0.000011
2.495504 0.000041
2.500505 0.000050
2.505506 -0.000037
2.510507 -0.000037
2.515508 -0.000064
2.520509 -0.000125
2.525510 -0.000073
2.530511 -0.000064
2.535512 -0.000029
2.540513 -0.000002
2.545514 -0.000125
2.550515 -0.000011
2.555516 0.000147
2.560517 -0.000090
2.565518 -0.000134
2.570519 0.000050
2.575520 0.000112
2.580521 0.000042
2.585522 -0.000125
2.590523 -0.000160
2.595524 0.000059
2.600525 -0.000107
2.605526 -0.000274
2.610527 -0.000072
2.615528 0.000042
2.620530 0.000147
2.625531 -0.000081
2.630532 -0.000125
2.635533 0.000121
2.640534 0.000024
2.645535 -0.000046
2.650536 -0.000107
2.655537 -0.000064
2.660538 0.000007
2.665539 0.000033
2.670540 0.000068
2.675541 0.000042
2.680542 0.000015
2.685543 -0.000160
2.690544 -0.000142
2.695545 -0.000002
2.700546 -0.000081
2.705547 -0.000116
2.710548 -0.000072
2.715549 0.000015
2.720550 0.000051
2.725551 0.000024
2.730552 -0.000011
2.735553 -0.000046
2.740554 0.000007
2.745555 -0.000195
2.750556 -0.000230
2.755557 0.000059
2.760558 0.000077
2.765559 0.000024
2.770560 -0.000081
2.775561 -0.000002
2.780562 0.000024
2.785563 -0.000177
2.790564 -0.000046
2.795565 -0.000037
2.800566 -0.000046
2.805567 -0.000116
2.810568 -0.000195
2.815569 -0.000063
2.820570 -0.000081
2.825571 0.000042
2.830572 -0.000090
2.835573 -0.000072
2.840574 0.000024
2.845575 -0.000204
2.850576 -0.000142
2.855577 -0.000011
2.860578 -0.000002
2.865579 -0.000011
2.870580 0.000016
2.875581 -0.000046
2.880582 0.000051
2.885583 -0.000019
2.890584 -0.000203
2.895585 0.000042
2.900586 -0.000054
2.905587 -0.000133
2.910588 -0.000019
2.915589 -0.000063
2.920590 -0.000037
2.925591 -0.000203
2.930592 -0.000195
2.935593 -0.000028
2.940594 -0.000081
2.945595 -0.000089
2.950596 -0.000002
2.955597 -0.000011
2.960598 -0.000160
2.965599 -0.000195
2.970600 -0.000089
2.975601 0.000095
2.980602 0.000007
2.985603 -0.000256
2.990604 -0.000089
2.995605 0.000174
3.000606 0.000191
3.005607 -0.000098
3.010608 -0.000195
3.015609 -0.000002
3.020610 -0.000081
3.025611 -0.000116
3.030612 -0.000098
3.035613 -0.000063
3.040614 0.000077
3.045615 -0.000010
3.050616 -0.000177
3.055617 -0.000037
3.060618 0.000069
3.065619 -0.000116
3.070620 -0.000098
3.075621 -0.000054
3.080622 -0.000019
3.085623 -0.000010
3.090624 -0.000142
3.095626 -0.000028
3.100627 0.000077
3.105628 -0.000045
3.110629 -0.000265
3.115630 -0.000168
3.120631 -0.000010
3.125632 -0.000037
3.130633 -0.000238
3.135634 -0.000151
3.140635 0.000069
3.145636 -0.000124
3.150637 -0.000142
3.155638 -0.000063
3.160639 0.000034
3.165640 -0.000168
3.170641 -0.000370
3.175642 -0.000045
3.180643 0.000051
3.185644 -0.000045
3.190645 -0.000115
3.195646 -0.000080
3.200647 -0.000054
3.205648 -0.000150
3.210649 -0.000194
3.215650 -0.000098
3.220651 -0.000045
3.225652 -0.000159
3.230653 -0.000142
3.235654 -0.000045
3.240655 -0.000063
3.245656 -0.000045
3.250657 -0.000010
3.255658 -0.000063
3.260659 0.000060
3.265660 0.000086
3.270661 -0.000106
3.275662 0.000007
3.280663 -0.000010
3.285664 -0.000089
3.290665 -0.000019
3.295666 0.000008
3.300667 0.000034
3.305668 -0.000098
3.310669 -0.000115
3.315670 -0.000063
3.320671 0.000043
3.325672 -0.000054
3.330673 -0.000124
3.335674 0.000016
3.340675 -0.000124
3.345676 -0.000063
3.350677 -0.000054
3.355678 -0.000036
3.360679 0.000113
3.365680 -0.000036
3.370681 -0.000089
3.375682 -0.000115
3.380683 -0.000001
3.385684 0.000043
3.390685 -0.000185
3.395686 -0.000010
3.400687 0.000130
3.405688 0.000034
3.410689 -0.000010
3.415690 -0.000010
3.420691 0.000008
3.425692 -0.000080
3.430693 -0.000106
3.435694 -0.000036
3.440695 -0.000019
3.445696 -0.000168
3.450697 -0.000054
3.455698 0.000008
3.460699 -0.000124
3.465700 -0.000036
3.470701 -0.000036
3.475702 0.000104
3.480703 0.000008
3.485704 -0.000229
3.490705 -0.000089
3.495706 0.000095
3.500707 0.000078
3.505708 -0.000159
3.510709 -0.000167
3.515710 0.000008
3.520711 0.000096
3.525712 -0.000027
3.530713 -0.000062
3.535714 0.000052
3.540715 0.000096
3.545716 0.000052
3.550717 -0.000080
3.555718 -0.000010
3.560719 0.000061
3.565720 -0.000097
3.570722 -0.000229
3.575723 -0.000097
3.580724 -0.000097
3.585725 -0.000211
3.590726 -0.000132
3.595727 -0.000062
3.600728 0.000061
3.605729 -0.000018
3.610730 -0.000132
3.615731 0.000026
3.620732 0.000034
3.625733 0.000061
3.630734 0.000061
3.635735 -0.000018
3.640736 -0.000009
3.645737 -0.000001
3.650738 -0.000001
3.655739 -0.000062
3.660740 -0.000036
3.665741 -0.000141
3.670742 -0.000255
3.675743 -0.000158
3.680744 0.000008
3.685745 0.000043
3.690746 -0.000053
3.695747 0.000113
3.700748 0.000087
3.705749 -0.000132
3.710750 -0.000176
3.715751 -0.000027
3.720752 0.000078
3.725753 -0.000001
3.730754 -0.000167
3.735755 -0.000088
3.740756 0.000096
3.745757 -0.000202
3.750758 -0.000220
3.755759 -0.000088
3.760760 -0.000176
3.765761 -0.000001
3.770762 -0.000036
3.775763 0.000008
3.780764 0.000192
3.785765 0.000061
3.790766 -0.000009
3.795767 0.000070
3.800768 0.000052
3.805769 -0.000062
3.810770 -0.000079
3.815771 0.000052
3.820772 0.000043
3.825773 -0.000062
3.830774 0.000008
3.835775 0.000008
3.840776 -0.000071
3.845777 -0.000062
3.850778 -0.000000
3.855779 -0.000044
3.860780 0.000026
3.865781 0.000035
3.870782 -0.000149
3.875783 -0.000035
3.880784 -0.000018
3.885785 -0.000123
3.890786 -0.000053
3.895787 0.000035
3.900788 0.000017
3.905789 -0.000088
3.910790 -0.000009
3.915791 0.000052
3.920792 0.000026
3.925793 0.000070
3.930794 0.000008
3.935795 -0.000035
3.940796 0.000158
3.945797 0.000079
3.950798 -0.000114
3.955799 0.000035
3.960800 0.000087
3.965801 -0.000009
3.970802 -0.000035
3.975803 -0.000035
3.980804 0.000026
3.985805 -0.000158
3.990806 -0.000176
3.995807 0.000079
4.000808 -0.000026
4.005809 -0.000132
4.010810 -0.000062
4.015811 0.000044
4.020812 -0.000018
4.025813 -0.000202
4.030814 -0.000149
4.035815 -0.000026
4.040816 0.000105
4.045818 -0.000123
4.050819 -0.000281
4.055820 -0.000070
4.060821 0.000052
4.065822 0.000114
4.070823 0.000009
4.075824 0.000053
4.080825 0.000088
4.085826 -0.000061
4.090827 0.000009
4.095828 0.000026
4.100829 -0.000096
4.105830 -0.000202
4.110831 -0.000096
4.115832 0.000140
4.120833 -0.000079
4.125834 -0.000175
4.130835 0.000114
4.135836 0.000018
4.140837 -0.000167
4.145838 -0.000140
4.150839 -0.000167
4.155840 -0.000096
4.160841 0.000105
4.165842 0.000035
4.170843 -0.000017
4.175844 0.000044
4.180845 -0.000096
4.185846 -0.000096
4.190847 -0.000079
4.195848 0.000026
4.200849 0.000123
4.205850 0.000000
4.210851 0.000018
4.215852 0.000044
4.220853 -0.000105
4.225854 -0.000158
4.230855 0.000000
4.235856 -0.000017
4.240857 -0.000096
4.245858 0.000035
4.250859 0.000035
4.255860 0.000167
4.260861 0.000114
4.265862 -0.000175
4.270863 -0.000105
4.275864 0.000009
4.280865 0.000000
4.285866 -0.000114
4.290867 -0.000096
4.295868 0.000035
4.300869 -0.000017
4.305870 -0.000096
4.310871 0.000035
4.315872 0.000009
4.320873 -0.000114
4.325874 0.000018
4.330875 -0.000035
4.335876 0.000009
4.340877 0.000000
4.345878 -0.000157
4.350879 0.000000
4.355880 0.000106
4.360881 0.000053
4.365882 -0.000008
4.370883 -0.000079
4.375884 -0.000070
4.380885 0.000018
4.385886 -0.000166
4.390887 -0.000184
4.395888 0.000079
4.400889 0.000000
4.405890 -0.000114
4.410891 -0.000114
4.415892 -0.000017
4.420893 0.000088
4.425894 0.000009
4.430895 -0.000052
4.435896 -0.000008
4.440897 0.000009
4.445898 -0.000105
4.450899 -0.000157
4.455900 -0.000008
4.460901 0.000009
4.465902 -0.000113
4.470903 0.000044
4.475904 0.000202
4.480905 -0.000035
4.485906 -0.000122
4.490907 -0.000017
4.495908 0.000062
4.500909 0.000079
4.505910 -0.000210
4.510911 -0.000236
4.515912 0.000001
4.520914 0.000009
4.525915 -0.000113
4.530916 -0.000096
4.535917 0.000009
4.540918 0.000009
4.545919 -0.000087
4.550920 -0.000078
4.555921 0.000088
4.560922 0.000036
4.565923 -0.000017
4.570924 -0.000148
4.575925 -0.000008
4.580926 0.000229
4.585927 -0.000069
4.590928 -0.000026
4.595929 0.000132
4.600930 0.000080
4.605931 -0.000069
4.610932 -0.000166
4.615933 0.000080
4.620934 0.000115
4.625935 -0.000087
4.630936 -0.000122
4.635937 0.000106
4.640938 0.000045
4.645939 -0.000069
4.650940 0.000010
4.655941 -0.000104
4.660942 -0.000087
4.665943 -0.000069
4.670944 -0.000052
4.675945 0.000106
4.680946 0.000124
4.685947 0.000018
4.690948 0.000001
4.695949 -0.000052
4.700950 -0.000122
4.705951 -0.000122
4.710952 -0.000139
4.715953 -0.000052
4.720954 0.000062
4.725955 0.000010
4.730956 -0.000043
4.735957 0.000080
4.740958 0.000106
4.745959 -0.000034
4.750960 -0.000060
4.755961 0.000027
4.760962 0.000115
4.765963 -0.000025
4.770964 -0.000113
4.775965 0.000010
4.780966 0.000018
4.785967 -0.000034
4.790968 -0.000095
4.795969 -0.000113
4.800970 -0.000008
4.805971 0.000001
4.810972 -0.000060
4.815973 -0.000008
4.820974 -0.000262
4.825975 -0.000472
4.830976 -0.000788
4.835977 -0.001647
4.840978 -0.003111
4.845979 -0.004189
4.850980 -0.002182
4.855981 0.001781
4.860982 0.003569
4.865983 0.002876
4.870984 0.001903
4.875985 -0.002769
4.880986 -0.012175
4.885987 -0.022274
4.890988 -0.015331
4.895989 0.006322
4.900990 0.010591
4.905991 0.006409
4.910992 -0.003435
4.915993 -0.019250
4.920994 -0.019364
4.925995 -0.010483
4.930996 0.001623
4.935997 0.003692
4.940998 -0.003470
4.945999 -0.007187
4.951000 -0.007257
4.956001 -0.003558
4.961002 -0.010659
4.966003 -0.014989
4.971004 -0.004943
4.976005 0.005200
4.981006 -0.009387
4.986007 -0.048240
4.991008 -0.076353
4.996009 -0.099058
5.001011 -0.083550
5.006012 -0.008835
5.011013 0.044420
5.016014 0.047225
5.021015 0.020777
5.026016 -0.002006
5.031017 0.037355
5.036018 0.080020
5.041019 0.064302
5.046020 0.036864
5.051021 0.003447
5.056022 -0.017996
5.061023 -0.012122
5.066024 -0.020442
5.071025 -0.022142
5.076026 0.030771
5.081027 0.095335
5.086028 0.113621
5.091029 0.078144
5.096030 0.030640
5.101031 0.000317
5.106032 -0.053832
5.111033 -0.098672
5.116034 -0.066640
5.121035 0.008952
5.126036 0.045323
5.131037 0.025871
5.136038 0.002991
5.141039 0.001211
5.146040 0.010889
5.151041 0.004849
5.156042 -0.033407
5.161043 -0.066280
5.166044 -0.036694
5.171045 0.013247
5.176046 0.019419
5.181047 0.015833
5.186048 0.029579
5.191049 0.051433
5.196050 0.069816
5.201051 0.045858
5.206052 -0.002348
5.211053 -0.016234
5.216054 -0.001760
5.221055 0.035374
5.226056 0.036478
5.231057 -0.034704
5.236058 -0.098751
5.241059 -0.105510
5.246060 -0.054867
5.251061 -0.016023
5.256062 0.017490
5.261063 0.107476
5.266064 0.142060
5.271065 0.062427
5.276066 -0.045837
5.281067 -0.106860
5.286068 -0.081884
5.291069 -0.013078
5.296070 0.017526
5.301071 0.003596
5.306072 0.015501
5.311073 0.036198
5.316074 0.015448
5.321075 -0.013428
5.326076 -0.017171
5.331077 0.007953
5.336078 0.019638
5.341079 -0.004031
5.346080 -0.018083
5.351081 0.010416
5.356082 0.025810
5.361083 -0.006064
5.366084 -0.002654
5.371085 0.059919
5.376086 0.075085
5.381087 -0.013419
5.386088 -0.081963
5.391089 -0.047722
5.396090 0.023504
5.401091 0.067187
5.406092 0.058271
5.411093 0.021602
5.416094 -0.034555
5.421095 -0.093482
5.426096 -0.097891
5.431097 -0.054235
5.436098 -0.008572
5.441099 0.030702
5.446100 0.060709
5.451101 0.032288
5.456102 -0.070488
5.461103 -0.186221
5.466104 -0.212537
5.471105 -0.116450
5.476107 0.012801
5.481108 0.119513
5.486109 0.163143
5.491110 0.088682
5.496111 -0.031153
5.501112 -0.074126
5.506113 -0.018206
5.511114 0.056361
5.516115 0.057404
5.521116 0.001299
5.526117 -0.020730
5.531118 0.042475
5.536119 0.120618
5.541120 0.104987
5.546121 0.029404
5.551122 -0.022159
5.556123 -0.028208
5.561124 0.013169
5.566125 0.058552
5.571126 0.045543
5.576127 -0.024912
5.581128 -0.069664
5.586129 -0.061958
5.591130 -0.086083
5.596131 -0.125768
5.601132 -0.090799
5.606133 -0.007949
5.611134 0.026029
5.616135 0.018622
5.621136 0.058929
5.626137 0.128385
5.631138 0.109949
5.636139 -0.013498
5.641140 -0.089063
5.646141 -0.054936
5.651142 -0.015900
5.656143 0.006410
5.661144 0.030342
5.666145 0.027152
5.671146 0.003167
5.676147 -0.016829
5.681148 0.013546
5.686149 0.075918
5.691150 0.085132
5.696151 0.028405
5.701152 -0.068252
5.706153 -0.112189
5.711154 -0.056654
5.716155 0.011986
5.721156 0.036418
5.726157 0.028125
5.731158 0.009461
5.736159 -0.020616
5.741160 -0.031293
5.746161 -0.002750
5.751162 0.028037
5.756163 0.022462
5.761164 -0.016548
5.766165 -0.029803
5.771166 0.006621
5.776167 0.030334
5.781168 0.034840
5.786169 0.031605
5.791170 -0.023193
5.796171 -0.061958
5.801172 -0.039393
5.806173 -0.023956
5.811174 -0.040121
5.816175 -0.051123
5.821176 -0.043522
5.826177 -0.029803
5.831178 -0.003662
5.836179 0.025574
5.841180 0.047577
5.846181 0.020884
5.851182 -0.033756
5.856183 -0.018196
5.861184 0.047376
5.866185 0.074604
5.871186 0.015238
5.876187 -0.100836
5.881188 -0.158913
5.886189 -0.086503
5.891190 0.024127
5.896191 0.094670
5.901192 0.147425
5.906193 0.137055
5.911194 0.057124
5.916195 0.013450
5.921196 0.060525
5.926197 0.089726
5.931198 0.046008
5.936199 0.021384
5.941200 -0.023745
5.946201 -0.132114
5.951203 -0.186220
5.956204 -0.120087
5.961205 -0.011122
5.966206 0.053328
5.971207 0.062699
5.976208 0.045263
5.981209 0.036567
5.986210 0.060271
5.991211 0.091462
5.996212 0.061928
6.001213 -0.015777
6.006214 -0.062203
6.011215 -0.055716
6.016216 -0.016425
6.021217 0.012889
6.026218 0.024601
6.031219 0.039004
6.036220 0.029475
6.041221 0.009374
6.046222 0.018587
6.051223 0.020227
6.056224 -0.029215
6.061225 -0.068804
6.066226 -0.049579
6.071227 -0.018722
6.076228 0.003851
6.081229 0.032342
6.086230 0.060464
6.091231 0.044246
6.096232 -0.008737
6.101233 -0.033870
6.106234 -0.034037
6.111235 -0.017907
6.116236 0.002291
6.121237 -0.005651
6.126238 -0.021378
6.131239 -0.036158
6.136240 -0.033239
6.141241 0.006385
6.146242 0.025969
6.151243 0.022883
6.156244 0.031474
6.161245 0.020595
6.166246 -0.017652
6.171247 -0.057539
6.176248 -0.077886
6.181249 -0.064508
6.186250 -0.023789
6.191251 0.009725
6.196252 0.012004
6.201253 -0.001610
6.206254 -0.002653
6.211255 0.040880
6.216256 0.085466
6.221257 0.070423
6.226258 0.023234
6.231259 -0.028873
6.236260 -0.063009
6.241261 -0.051280
6.246262 -0.001110
6.251263 0.053162
6.256264 0.077638
6.261265 0.077269
6.266266 0.083397
6.271267 0.092873
6.276268 0.070616
6.281269 -0.001285
6.286270 -0.084574
6.291271 -0.098846
6.296272 -0.053217
6.301273 -0.034405
6.306274 -0.058363
6.311275 -0.076071
6.316276 -0.060361
6.321277 -0.037753
6.326278 -0.042391
6.331279 -0.056399
6.336280 -0.029741
6.341281 0.023401
6.346282 0.041319
6.351283 0.013223
6.356284 -0.020028
6.361285 -0.028382
6.366286 -0.024288
6.371287 -0.018748
6.376288 0.000494
6.381289 0.042073
6.386290 0.074868
6.391291 0.061420
6.396292 0.014740
6.401293 -0.029635
6.406294 -0.046151
6.411295 -0.019922
6.416296 0.034578
6.421297 0.059281
6.426299 0.040451
6.431300 0.022059
6.436301 0.007306
6.441302 -0.021036
6.446303 -0.034133
6.451304 -0.008614
6.456305 0.015704
6.461306 0.008919
6.466307 -0.006650
6.471308 0.003677
6.476309 0.034271
6.481310 0.044466
6.486311 0.036287
6.491312 0.029178
6.496313 0.022962
6.501314 0.026057
6.506315 0.036357
6.511316 0.036524
6.516317 0.030028
6.521318 0.027679
6.526319 0.011619
6.531320 -0.020387
6.536321 -0.050762
6.541322 -0.074238
6.546323 -0.071030
6.551324 -0.039620
6.556325 -0.012138
6.561326 -0.009315
6.566327 -0.019510
6.571328 -0.019633
6.576329 -0.009026
6.581330 0.006955
6.586331 0.012934
6.591332 0.001240
6.596333 0.004571
6.601334 0.028766
6.606335 0.037453
6.611336 0.001091
6.616337 -0.055697
6.621338 -0.077219
6.626339 -0.059072
6.631340 -0.014040
6.636341 0.032018
6.641342 0.031370
6.646343 -0.013102
6.651344 -0.042653
6.656345 -0.022999
6.661346 0.012347
6.666347 0.027819
6.671348 0.032071
6.676349 0.028775
6.681350 0.000240
6.686351 -0.031020
6.691352 -0.026023
6.696353 0.000574
6.701354 0.014284
6.706355 0.005719
6.711356 -0.014285
6.716357 -0.024805
6.721358 -0.020930
6.726359 -0.000005
6.731360 0.043239
6.736361 0.080908
6.741362 0.090875
6.746363 0.078611
6.751364 0.063419
6.756365 0.051103
6.761366 0.028731
6.766367 0.004150
6.771368 -0.017423
6.776369 -0.036955
6.781370 -0.049578
6.786371 -0.051533
6.791372 -0.035131
6.796373 -0.001223
6.801374 0.026846
6.806375 0.023340
6.811376 -0.001407
6.816377 -0.021640
6.821378 -0.023139
6.826379 -0.011980
6.831380 -0.007439
6.836381 -0.012129
6.841382 -0.010261
6.846383 0.008613
6.851384 0.031703
6.856385 0.031834
6.861386 -0.002521
6.866387 -0.047316
6.871388 -0.077622
6.876389 -0.075000
6.881390 -0.032107
6.886391 0.018852
6.891392 0.045264
6.896393 0.045019
6.901395 0.034561
6.906396 0.011988
6.911397 -0.036595
6.916398 -0.078165
6.921399 -0.064244
6.926400 -0.006185
6.931401 0.041048
6.936402 0.048999
6.941403 0.038313
6.946404 0.034333
6.951405 0.035245
6.956406 0.034929
6.961407 0.030800
6.966408 0.017107
6.971409 -0.002547
6.976410 -0.018247
6.981411 -0.021973
6.986412 -0.018212
6.991413 -0.018212
6.996414 -0.022692
7.001415 -0.030397
7.006416 -0.041837
7.011417 -0.051533
7.016418 -0.049394
7.021419 -0.032782
7.026420 -0.007885
7.031421 0.012847
7.036422 0.023209
7.041423 0.025400
7.046424 0.020588
7.051425 0.015266
7.056426 -0.002354
7.061427 -0.035990
7.066428 -0.055574
7.071429 -0.055469
7.076430 -0.041820
7.081431 -0.010147
7.086432 0.025295
7.091433 0.045002
7.096434 0.054557
7.101435 0.064077
7.106436 0.068294
7.111437 0.069311
7.116438 0.072835
7.121439 0.079375
7.126440 0.074685
7.131441 0.047413
7.136442 0.014118
7.141443 -0.004466
7.146444 -0.001135
7.151445 0.005080
7.156446 -0.012549
7.161447 -0.044633
7.166448 -0.060229
7.171449 -0.066602
7.176450 -0.080391
7.181451 -0.078103
7.186452 -0.045668
7.191453 -0.007061
7.196454 0.013084
7.201455 0.019895
7.206456 0.027916
7.211457 0.035561
7.216458 0.032107
7.221459 0.013461
7.226460 -0.003423
7.231461 -0.007990
7.236462 -0.013048
7.241463 -0.016844
7.246464 -0.009533
7.251465 -0.008104
7.256466 -0.033711
7.261467 -0.066777
7.266468 -0.070827
7.271469 -0.047193
7.276470 -0.025689
7.281471 -0.022288
7.286472 -0.028749
7.291473 -0.035595
7.296474 -0.032799
7.301475 -0.010699
7.306476 0.019834
7.311477 0.043775
7.316478 0.064095
7.321479 0.093077
7.326480 0.127870
7.331481 0.145446
7.336482 0.125398
7.341483 0.069416
7.346484 0.005212
7.351485 -0.032019
7.356486 -0.027241
7.361487 -0.004782
7.366488 0.001776
7.371489 -0.008516
7.376491 -0.019781
7.381492 -0.023717
7.386493 -0.024813
7.391494 -0.022831
7.396495 -0.010629
7.401496 0.011857
7.406497 0.044213
7.411498 0.078148
7.416499 0.096311
7.421500 0.087186
7.426501 0.051446
7.431502 0.003555
7.436503 -0.037287
7.441504 -0.063130
7.446505 -0.075692
7.451506 -0.077927
7.456507 -0.074088
7.461508 -0.074701
7.466509 -0.089806
7.471510 -0.106935
7.476511 -0.101421
7.481512 -0.071353
7.486513 -0.037559
7.491514 -0.019404
7.496515 -0.020289
7.501516 -0.022016
7.506517 -0.005851
7.511518 0.021956
7.516519 0.045800
7.521520 0.065410
7.526521 0.079296
7.531522 0.076088
7.536523 0.054856
7.541524 0.027619
7.546525 0.010674
7.551526 0.007141
7.556527 0.007868
7.561528 0.009780
7.566529 0.014128
7.571530 0.016398
7.576531 0.010682
7.581532 0.002802
7.586533 0.005554
7.591534 0.019309
7.596535 0.031222
7.601536 0.030214
7.606537 0.018064
7.611538 0.007860
7.616539 0.002582
7.621540 -0.003747
7.626541 -0.010725
7.631542 -0.019517
7.636543 -0.032737
7.641544 -0.046719
7.646545 -0.055512
7.651546 -0.058168
7.656547 -0.060298
7.661548 -0.061666
7.666549 -0.053382
7.671550 -0.039355
7.676551 -0.030887
7.681552 -0.020631
7.686553 0.004441
7.691554 0.037823
7.696555 0.057915
7.701556 0.054497
7.706557 0.038314
7.711558 0.024305
7.716559 0.015618
7.721560 0.004678
7.726561 -0.008963
7.731562 -0.021244
7.736563 -0.032509
7.741564 -0.041626
7.746565 -0.045650
7.751566 -0.039469
7.756567 -0.023068
7.761568 -0.005254
7.766569 0.006343
7.771570 0.011358
7.776571 0.013637
7.781572 0.014093
7.786573 0.014531
7.791574 0.016977
7.796575 0.017152
7.801576 0.015145
7.806577 0.017231
7.811578 0.024183
7.816579 0.028855
7.821580 0.025349
7.826581 0.020773
7.831582 0.019633
7.836583 0.016311
7.841584 0.012278
7.846585 0.012235
7.851586 0.015329
7.856588 0.020001
7.861589 0.028680
7.866590 0.039051
7.871591 0.043898
7.876592 0.041286
7.881593 0.033879
7.886594 0.026611
7.891595 0.022377
7.896596 0.022439
7.901597 0.023666
7.906598 0.018871
7.911599 0.008912
7.916600 -0.000222
7.921601 -0.006718
7.926602 -0.014292
7.931603 -0.026276
7.936604 -0.038838
7.941605 -0.046070
7.946606 -0.047201
7.951607 -0.045711
7.956608 -0.046570
7.961609 -0.049769
7.966610 -0.049024
7.971611 -0.041336
7.976612 -0.030063
7.981613 -0.020130
7.986614 -0.015353
7.991615 -0.016361
7.996616 -0.017325
8.001617 -0.012688
8.006618 -0.003133
8.011619 0.007255
8.016620 0.012857
8.021621 0.011604
8.026622 0.004959
8.031623 -0.001335
8.036624 0.001443
8.041625 0.013120
8.046626 0.024446
8.051627 0.028663
8.056628 0.028295
8.061629 0.028575
8.066630 0.027742
8.071631 0.021957
8.076632 0.009544
8.081633 -0.007814
8.086634 -0.021857
8.091635 -0.025232
8.096636 -0.019201
8.101637 -0.009672
8.106638 -0.001318
8.111639 0.004652
8.116640 0.010368
8.121641 0.015031
8.126642 0.015023
8.131643 0.009544
8.136644 0.002031
8.141645 -0.002826
8.146646 -0.005429
8.151647 -0.007761
8.156648 -0.009374
8.161649 -0.009269
8.166650 -0.007305
8.171651 -0.002764
8.176652 0.003898
8.181653 0.008325
8.186654 0.008667
8.191655 0.006853
8.196656 0.004152
8.201657 -0.001230
8.206658 -0.010461
8.211659 -0.019674
8.216660 -0.026030
8.221661 -0.028511
8.226662 -0.025986
8.231663 -0.019280
8.236664 -0.010058
8.241665 -0.002343
8.246666 -0.000853
8.251667 -0.003430
8.256668 -0.003009
8.261669 0.001479
8.266670 0.004705
8.271671 0.004871
8.276672 0.005003
8.281673 0.006984
8.286674 0.010640
8.291675 0.014620
8.296676 0.017784
8.301677 0.019406
8.306678 0.018056
8.311679 0.013182
8.316680 0.006134
8.321681 0.001479
8.326682 0.002136
8.331684 0.005415
8.336685 0.007861
8.341686 0.008474
8.346687 0.007764
8.351688 0.005538
8.356689 0.002803
8.361690 0.001488
8.366691 0.002250
8.371692 0.005871
8.376693 0.011271
8.381694 0.016163
8.386695 0.019178
8.391696 0.019494
8.396697 0.018793
8.401698 0.018617
8.406699 0.018652
8.411700 0.019336
8.416701 0.019275
8.421702 0.015207
8.426703 0.007808
8.431704 0.001681
8.436705 -0.001335
8.441706 -0.003290
8.446707 -0.006428
8.451708 -0.012082
8.456709 -0.019876
8.461710 -0.028721
8.466711 -0.037040
8.471712 -0.041826
8.476713 -0.042940
8.481714 -0.041318
8.486715 -0.035883
8.491716 -0.027283
8.496717 -0.018157
8.501718 -0.012284
8.506719 -0.011539
8.511720 -0.013529
8.516721 -0.013818
8.521722 -0.009435
8.526723 -0.002948
8.531724 0.002058
8.536725 0.006064
8.541726 0.012621
8.546727 0.023325
8.551728 0.032153
8.556729 0.031995
8.561730 0.024543
8.566731 0.017846
8.571732 0.016917
8.576733 0.019214
8.581734 0.017855
8.586735 0.009422
8.591736 -0.001668
8.596737 -0.009829
8.601738 -0.014449
8.606739 -0.017044
8.611740 -0.018394
8.616741 -0.019437
8.621742 -0.020533
8.626743 -0.020217
8.631744 -0.016597
8.636745 -0.008733
8.641746 0.002873
8.646747 0.016067
8.651748 0.027191
8.656749 0.032275
8.661750 0.029742
8.666751 0.020511
8.671752 0.006871
8.676753 -0.006586
8.681754 -0.016053
8.686755 -0.020015
8.691756 -0.020182
8.696757 -0.020375
8.701758 -0.022268
8.706759 -0.025792
8.711760 -0.029728
8.716761 -0.031797
8.721762 -0.030526
8.726763 -0.025941
8.731764 -0.019086
8.736765 -0.011722
8.741766 -0.004981
8.746767 -0.000151
8.751768 0.000840
8.756769 -0.001448
8.761770 -0.004455
8.766771 -0.004613
8.771772 -0.000300
8.776773 0.007835
8.781774 0.018127
8.786775 0.026104
8.791776 0.028287
8.796777 0.025692
8.801778 0.022536
8.806780 0.022431
8.811781 0.024482
8.816782 0.026253
8.821783 0.028383
8.826784 0.030636
8.831785 0.031890
8.836786 0.033328
8.841787 0.035011
8.846788 0.035721
8.851789 0.033976
8.856790 0.029348
8.861791 0.023203
8.866792 0.015208
8.871793 0.005679
8.876794 -0.002149
8.881795 -0.005253
8.886796 -0.002930
8.891797 0.001953
8.896798 0.005714
8.901799 0.005504
8.906800 0.001155
8.911801 -0.005489
8.916802 -0.013581
8.921803 -0.021584
8.926804 -0.028422
8.931805 -0.032218
8.936806 -0.032437
8.941807 -0.032428
8.946808 -0.034278
8.951809 -0.037548
8.956810 -0.040511
8.961811 -0.042737
8.966812 -0.045411
8.971813 -0.048050
8.976814 -0.049856
8.981815 -0.048996
8.986816 -0.043316
8.991817 -0.034883
8.996818 -0.027089
9.001819 -0.021935
9.006820 -0.019270
9.011821 -0.017701
9.016822 -0.016903
9.021823 -0.015904
9.026824 -0.013300
9.031825 -0.008969
9.036826 -0.005559
9.041827 -0.005235
9.046828 -0.006927
9.051829 -0.008724
9.056830 -0.008172
9.061831 -0.003753
9.066832 0.004180
9.071833 0.013849
9.076834 0.023071
9.081835 0.030909
9.086836 0.036370
9.091837 0.038640
9.096838 0.040017
9.101839 0.043085
9.106840 0.047205
9.111841 0.051246
9.116842 0.054183
9.121843 0.054621
9.126844 0.052018
9.131845 0.046486
9.136846 0.039596
9.141847 0.032977
9.146848 0.026289
9.151849 0.018741
9.156850 0.009799
9.161851 0.000060
9.166852 -0.007847
9.171853 -0.011354
9.176854 -0.010679
9.181855 -0.007610
9.186856 -0.002877
9.191857 0.003470
9.196858 0.009887
9.201859 0.013587
9.206860 0.013394
9.211861 0.009379
9.216862 0.002252
9.221863 -0.005629
9.226864 -0.011222
9.231865 -0.012967
9.236866 -0.012537
9.241867 -0.012704
9.246868 -0.014062
9.251869 -0.015658
9.256870 -0.016491
9.261871 -0.016911
9.266872 -0.018042
9.271873 -0.020891
9.276874 -0.026379
9.281876 -0.031937
9.286877 -0.033760
9.291878 -0.030806
9.296879 -0.024257
9.301880 -0.017306
9.306881 -0.012020
9.311882 -0.008452
9.316883 -0.006479
9.321884 -0.005927
9.326885 -0.007207
9.331886 -0.009179
9.336887 -0.009363
9.341888 -0.008382
9.346889 -0.008005
9.351890 -0.007996
9.356891 -0.006514
9.361892 -0.002534
9.366893 0.002366
9.371894 0.006784
9.376895 0.008984
9.381896 0.006933
9.386897 0.000507
9.391898 -0.008408
9.396899 -0.016815
9.401900 -0.023240
9.406901 -0.026545
9.411902 -0.025528
9.416903 -0.019971
9.421904 -0.009793
9.426905 0.004260
9.431906 0.019478
9.436907 0.033399
9.441908 0.045189
9.446909 0.053710
9.451910 0.058479
9.456911 0.059750
9.461912 0.059066
9.466913 0.058409
9.471914 0.056857
9.476915 0.051738
9.481916 0.042069
9.486917 0.029130
9.491918 0.016217
9.496919 0.005715
9.501920 -0.003595
9.506921 -0.012081
9.511922 -0.018489
9.516923 -0.022153
9.521924 -0.021943
9.526925 -0.017866
9.531926 -0.011616
9.536927 -0.005182
9.541928 0.000008
9.546929 0.003944
9.551930 0.006530
9.556931 0.006837
9.561932 0.005189
9.566933 0.002568
9.571934 0.000543
9.576935 0.000780
9.581936 0.002016
9.586937 0.002559
9.591938 0.001753
9.596939 -0.000123
9.601940 -0.001859
9.606941 -0.003551
9.611942 -0.005690
9.616943 -0.008302
9.621944 -0.011660
9.626945 -0.015578
9.631946 -0.018506
9.636947 -0.020102
9.641948 -0.021154
9.646949 -0.022048
9.651950 -0.023678
9.656951 -0.025966
9.661952 -0.027860
9.666953 -0.027623
9.671954 -0.024651
9.676955 -0.021075
9.681956 -0.019628
9.686957 -0.021005
9.691958 -0.023371
9.696959 -0.023924
9.701960 -0.020838
9.706961 -0.014333
9.711962 -0.006444
9.716963 -0.000763
9.721964 0.002103
9.726965 0.004453
9.731966 0.006732
9.736967 0.008564
9.741968 0.008328
9.746969 0.005969
9.751970 0.003734
9.756972 0.002831
9.761973 0.003646
9.766974 0.005566
9.771975 0.007994
9.776976 0.010274
9.781977 0.011378
9.786978 0.010949
9.791979 0.009274
9.796980 0.006829
9.801981 0.003839
9.806982 0.001464
9.811983 0.000438
9.816984 0.000569
9.821985 0.001788
9.826986 0.003708
9.831987 0.006829
9.836988 0.010844
9.841989 0.015087
9.846990 0.020057
9.851991 0.024738
9.856992 0.028271
9.861993 0.030147
9.866994 0.030024
9.871995 0.028341
9.876996 0.025168
9.881997 0.019882
9.886998 0.011712
9.891999 0.001332
9.897000 -0.009292
9.902001 -0.017393
9.907002 -0.020855
9.912003 -0.019759
9.917004 -0.015455
9.922005 -0.009021
9.927006 -0.001999
9.932007 0.004462
9.937008 0.010607
9.942009 0.015762
9.947010 0.019864
9.952011 0.023222
9.957012 0.025501
9.962013 0.026036
9.967014 0.023765
9.972015 0.018339
9.977016 0.009564
9.982017 -0.001780
9.987018 -0.013483
9.992019 -0.023204
9.997020 -0.029201
10.002021 -0.032172
10.007022 -0.034504
10.012023 -0.037239
10.017024 -0.039913
10.022025 -0.040930
10.027026 -0.038747
10.032027 -0.032874
10.037028 -0.024309
10.042029 -0.014876
10.047030 -0.005356
10.052031 0.003594
10.057032 0.011002
10.062033 0.015963
10.067034 0.019225
10.072035 0.021232
10.077036 0.021530
10.082037 0.020338
10.087038 0.017243
10.092039 0.012834
10.097040 0.007855
10.102041 0.002595
10.107042 -0.002674
10.112043 -0.007600
10.117044 -0.011370
10.122045 -0.014184
10.127046 -0.016866
10.132047 -0.019242
10.137048 -0.020574
10.142049 -0.020303
10.147050 -0.017839
10.152051 -0.013254
10.157052 -0.007337
10.162053 -0.000745
10.167054 0.006224
10.172055 0.012904
10.177056 0.018883
10.182057 0.022793
10.187058 0.023441
10.192059 0.022030
10.197060 0.019479
10.202061 0.017296
10.207062 0.016227
10.212063 0.016472
10.217064 0.018059
10.222065 0.019356
10.227066 0.020391
10.232068 0.020952
10.237069 0.020382
10.242070 0.018804
10.247071 0.016709
10.252072 0.014798
10.257073 0.012019
10.262074 0.006654
10.267075 -0.001630
10.272076 -0.010861
10.277077 -0.017953
10.282078 -0.021030
10.287079 -0.020793
10.292080 -0.018996
10.297081 -0.017348
10.302082 -0.017795
10.307083 -0.019759
10.312084 -0.020881
10.317085 -0.019548
10.322086 -0.015306
10.327087 -0.008959
10.332088 -0.002016
10.337089 0.004200
10.342090 0.009249
10.347091 0.012966
10.352092 0.015675
10.357093 0.017849
10.362094 0.018830
10.367095 0.017831
10.372096 0.014982
10.377097 0.010073
10.382098 0.002823
10.387099 -0.005890
10.392100 -0.014175
10.397101 -0.020898
10.402102 -0.026255
10.407103 -0.029814
10.412104 -0.030410
10.417105 -0.027929
10.422106 -0.022871
10.427107 -0.015823
10.432108 -0.008380
10.437109 -0.001647
10.442110 0.003779
10.447111 0.007320
10.452112 0.009337
10.457113 0.009968
10.462114 0.009670
10.467115 0.009372
10.472116 0.009354
10.477117 0.009021
10.482118 0.007890
10.487119 0.006242
10.492120 0.004024
10.497121 0.001184
10.502122 -0.001972
10.507123 -0.004514
10.512124 -0.004724
10.517125 -0.002121
10.522126 0.001228
10.527127 0.002876
10.532128 0.002289
10.537129 0.000737
10.542130 0.000448
10.547131 0.002061
10.552132 0.004463
10.557133 0.006304
10.562134 0.006576
10.567135 0.005199
10.572136 0.003043
10.577137 0.001158
10.582138 -0.000858
10.587139 -0.003225
10.592140 -0.005951
10.597141 -0.008932
10.602142 -0.011378
10.607143 -0.012254
10.612144 -0.010457
10.617145 -0.006986
10.622146 -0.002734
10.627147 0.001702
10.632148 0.004866
10.637149 0.006707
10.642150 0.006926
10.647151 0.005287
10.652152 0.003595
10.657153 0.003455
10.662154 0.005129
10.667155 0.007908
10.672156 0.010494
10.677157 0.011520
10.682158 0.011222
10.687159 0.011169
10.692160 0.011695
10.697161 0.012379
10.702162 0.013133
10.707164 0.014115
10.712165 0.015684
10.717166 0.018060
10.722167 0.020847
10.727168 0.022101
10.732169 0.020172
10.737170 0.015596
10.742171 0.009863
10.747172 0.004893
10.752173 0.000957
10.757174 -0.002822
10.762175 -0.006880
10.767176 -0.011842
10.772177 -0.016865
10.777178 -0.020687
10.782179 -0.023466
10.787180 -0.024702
10.792181 -0.023922
10.797182 -0.021853
10.802183 -0.018697
10.807184 -0.015594
10.812185 -0.013490
10.817186 -0.012368
10.822187 -0.012280
10.827188 -0.012026
10.832189 -0.010974
10.837190 -0.009484
10.842191 -0.007178
10.847192 -0.003979
10.852193 0.000036
10.857194 0.004902
10.862195 0.008864
10.867196 0.010871
10.872197 0.011582
10.877198 0.011029
10.882199 0.009986
10.887200 0.008846
10.892201 0.007400
10.897202 0.005919
10.902203 0.004840
10.907204 0.005103
10.912205 0.006883
10.917206 0.008689
10.922207 0.009206
10.927208 0.008075
10.932209 0.005612
10.937210 0.002842
10.942211 0.000843
10.947212 -0.000227
10.952213 -0.001165
10.957214 -0.002813
10.962215 -0.005399
10.967216 -0.007503
10.972217 -0.008598
10.977218 -0.009002
10.982219 -0.008265
10.987220 -0.007169
10.992221 -0.005854
10.997222 -0.004101
11.002223 -0.002576
11.007224 -0.001200
11.012225 0.000519
11.017226 0.002246
11.022227 0.002675
11.027228 0.002009
11.032229 0.001308
11.037230 0.000694
11.042231 0.000326
11.047232 0.000019
11.052233 -0.000980
11.057234 -0.003338
11.062235 -0.007266
11.067236 -0.011789
11.072237 -0.015936
11.077238 -0.018846
11.082239 -0.019828
11.087240 -0.019346
11.092241 -0.017698
11.097242 -0.015602
11.102243 -0.013349
11.107244 -0.010509
11.112245 -0.007459
11.117246 -0.004715
11.122247 -0.003023
11.127248 -0.002330
11.132249 -0.001901
11.137250 -0.000928
11.142251 0.000905
11.147252 0.003245
11.152253 0.005709
11.157254 0.008093
11.162255 0.010539
11.167256 0.012616
11.172257 0.014326
11.177258 0.015956
11.182259 0.017341
11.187261 0.018350
11.192262 0.018946
11.197263 0.019156
11.202264 0.018446
11.207265 0.016921
11.212266 0.015378
11.217267 0.013756
11.222268 0.012161
11.227269 0.010644
11.232270 0.009364
11.237271 0.008523
11.242272 0.007769
11.247273 0.006761
11.252274 0.005130
11.257275 0.002956
11.262276 0.000300
11.267277 -0.002698
11.272278 -0.005398
11.277279 -0.007222
11.282280 -0.008160
11.287281 -0.008317
11.292282 -0.007704
11.297283 -0.006468
11.302284 -0.004600
11.307285 -0.002882
11.312286 -0.002198
11.317287 -0.002830
11.322288 -0.004627
11.327289 -0.006459
11.332290 -0.007064
11.337291 -0.006047
11.342292 -0.003934
11.347293 -0.000919
11.352294 0.002649
11.357295 0.005691
11.362296 0.007278
11.367297 0.007260
11.372298 0.006980
11.377299 0.006875
11.382300 0.006103
11.387301 0.004429
11.392302 0.002115
11.397303 -0.000550
11.402304 -0.003767
11.407305 -0.007563
11.412306 -0.011298
11.417307 -0.014629
11.422308 -0.017276
11.427309 -0.018407
11.432310 -0.017644
11.437311 -0.015462
11.442312 -0.012271
11.447313 -0.008703
11.452314 -0.005670
11.457315 -0.003329
11.462316 -0.002198
11.467317 -0.002014
11.472318 -0.002040
11.477319 -0.002540
11.482320 -0.003171
11.487321 -0.003724
11.492322 -0.003732
11.497323 -0.003075
11.502324 -0.002400
11.507325 -0.001865
11.512326 -0.001602
11.517327 -0.001392
11.522328 -0.001102
11.527329 -0.000489
11.532330 0.000292
11.537331 0.000835
11.542332 0.000817
11.547333 -0.000243
11.552334 -0.001567
11.557335 -0.003005
11.562336 -0.004320
11.567337 -0.004547
11.572338 -0.003636
11.577339 -0.001058
11.582340 0.002878
11.587341 0.007331
11.592342 0.011626
11.597343 0.014475
11.602344 0.015913
11.607345 0.016597
11.612346 0.016746
11.617347 0.016325
11.622348 0.015510
11.627349 0.014546
11.632350 0.013792
11.637351 0.013546
11.642352 0.012933
11.647353 0.011925
11.652354 0.010259
11.657355 0.008094
11.662357 0.006428
11.667358 0.004824
11.672359 0.003491
11.677360 0.001913
11.682361 -0.000725
11.687362 -0.004030
11.692363 -0.007186
11.697364 -0.009640
11.702365 -0.011578
11.707366 -0.012726
11.712367 -0.012770
11.717368 -0.011639
11.722369 -0.010368
11.727370 -0.009299
11.732371 -0.008001
11.737372 -0.007563
11.742373 -0.007764
11.747374 -0.008413
11.752375 -0.009141
11.757376 -0.009000
11.762377 -0.007931
11.767378 -0.005897
11.772379 -0.003530
11.777380 -0.001084
11.782381 0.000739
11.787382 0.001098
11.792383 0.000169
11.797384 -0.002040
11.802385 -0.005468
11.807386 -0.009044
11.812387 -0.011569
11.817388 -0.013629
11.822389 -0.015303
11.827390 -0.016189
11.832391 -0.015970
11.837392 -0.014427
11.842393 -0.012165
11.847394 -0.009105
11.852395 -0.005362
11.857396 -0.001049
11.862397 0.004158
11.867398 0.009961
11.872399 0.015633
11.877400 0.020691
11.882401 0.024469
11.887402 0.026670
11.892403 0.027301
11.897404 0.025942
11.902405 0.022839
11.907406 0.018771
11.912407 0.014415
11.917408 0.010154
11.922409 0.006008
11.927410 0.002107
11.932411 -0.001373
11.937412 -0.004731
11.942413 -0.007703
11.947414 -0.009605
11.952415 -0.009973
11.957416 -0.009053
11.962417 -0.007773
11.967418 -0.006660
11.972419 -0.006493
11.977420 -0.007606
11.982421 -0.009815
11.987422 -0.012831
11.992423 -0.015680
11.997424 -0.017740
12.002425 -0.018731
12.007426 -0.018327
12.012427 -0.016259
12.017428 -0.012498
12.022429 -0.007352
12.027430 -0.001838
12.032431 0.003133
12.037432 0.007253
12.042433 0.010075
12.047434 0.011732
12.052435 0.012504
12.057436 0.012854
12.062437 0.013170
12.067438 0.013196
12.072439 0.012591
12.077440 0.011320
12.082441 0.009497
12.087442 0.007384
12.092443 0.005491
12.097444 0.003773
12.102445 0.002221
12.107446 0.001037
12.112447 0.000380
12.117448 0.000187
12.122449 0.000196
12.127450 0.000424
12.132451 0.000520
12.137453 0.000433
12.142454 -0.000137
12.147455 -0.001364
12.152456 -0.002636
12.157457 -0.003810
12.162458 -0.004441
12.167459 -0.004433
12.172460 -0.004029
12.177461 -0.003354
12.182462 -0.002460
12.187463 -0.001294
12.192464 0.000687
12.197465 0.003571
12.202466 0.006376
12.207467 0.008734
12.212468 0.009883
12.217469 0.009708
12.222470 0.008550
12.227471 0.005964
12.232472 0.002318
12.237473 -0.001697
12.242474 -0.005677
12.247475 -0.008640
12.252476 -0.009771
12.257477 -0.009175
12.262478 -0.007317
12.267479 -0.004774
12.272480 -0.001478
12.277481 0.002502
12.282482 0.006376
12.287483 0.009962
12.292484 0.013039
12.297485 0.015204
12.302486 0.016458
12.307487 0.016370
12.312488 0.015502
12.317489 0.014091
12.322490 0.011680
12.327491 0.008691
12.332492 0.005368
12.337493 0.001950
12.342494 -0.001461
12.347495 -0.004730
12.352496 -0.007728
12.357497 -0.010481
12.362498 -0.013199
12.367499 -0.015276
12.372500 -0.016311
12.377501 -0.016863
12.382502 -0.017082
12.387503 -0.017336
12.392504 -0.017555
12.397505 -0.017967
12.402506 -0.018432
12.407507 -0.018493
12.412508 -0.017748
12.417509 -0.015451
12.422510 -0.012059
12.427511 -0.008412
12.432512 -0.005212
12.437513 -0.002547
12.442514 -0.000689
12.447515 0.000538
12.452516 0.001582
12.457517 0.002739
12.462518 0.004606
12.467519 0.006587
12.472520 0.008481
12.477521 0.010006
12.482522 0.011128
12.487523 0.012583
12.492524 0.013889
12.497525 0.014827
12.502526 0.015809
12.507527 0.016318
12.512528 0.015879
12.517529 0.015266
12.522530 0.014144
12.527531 0.011821
12.532532 0.008814
12.537533 0.005211
12.542534 0.001091
12.547535 -0.002731
12.552536 -0.005475
12.557537 -0.007167
12.562538 -0.008263
12.567539 -0.009280
12.572540 -0.010069
12.577541 -0.010858
12.582542 -0.011699
12.587543 -0.011655
12.592544 -0.010551
12.597545 -0.008201
12.602546 -0.005142
12.607547 -0.002249
12.612549 0.000135
12.617550 0.001854
12.622551 0.002388
12.627552 0.001503
12.632553 0.000021
12.637554 -0.002056
12.642555 -0.004572
12.647556 -0.006764
12.652557 -0.008026
12.657558 -0.008324
12.662559 -0.008228
12.667560 -0.007447
12.672561 -0.006229
12.677562 -0.004958
12.682563 -0.003231
12.687564 -0.001355
12.692565 0.000249
12.697566 0.001968
12.702567 0.003686
12.707568 0.005036
12.712569 0.006412
12.717570 0.007718
12.722571 0.008770
12.727572 0.009288
12.732573 0.008963
12.737574 0.008446
12.742575 0.007701
12.747576 0.007394
12.752577 0.008402
12.757578 0.008937
12.762579 0.008744
12.767580 0.008832
12.772581 0.008727
12.777582 0.008490
12.782583 0.007666
12.787584 0.006360
12.792585 0.005167
12.797586 0.003625
12.802587 0.002134
12.807588 0.000995
12.812589 -0.000005
12.817590 -0.000794
12.822591 -0.001740
12.827592 -0.003143
12.832593 -0.004712
12.837594 -0.006194
12.842595 -0.007219
12.847596 -0.007798
12.852597 -0.008324
12.857598 -0.008297
12.862599 -0.007561
12.867600 -0.006097
12.872601 -0.004195
12.877602 -0.002976
12.882603 -0.001951
12.887604 -0.000785
12.892605 0.000101
12.897606 0.001232
12.902607 0.002511
12.907608 0.003458
12.912609 0.004335
12.917610 0.004458
12.922611 0.004010
12.927612 0.003940
12.932613 0.003818
12.937614 0.003897
12.942615 0.003958
12.947616 0.003888
12.952617 0.003730
12.957618 0.002871
12.962619 0.002021
12.967620 0.001170
12.972621 -0.000679
12.977622 -0.002555
12.982623 -0.003774
12.987624 -0.005299
12.992625 -0.006386
12.997626 -0.007298
13.002627 -0.008341
13.007628 -0.008218
13.012629 -0.007123
13.017630 -0.005343
13.022631 -0.003607
13.027632 -0.002731
13.032633 -0.001863
13.037634 -0.000934
13.042635 -0.000302
13.047636 0.000478
13.052637 0.001319
13.057638 0.002126
13.062639 0.002634
13.067640 0.003073
13.072641 0.003932
13.077642 0.005089
13.082643 0.006202
13.087645 0.006842
13.092646 0.006921
13.097647 0.006395
13.102648 0.005703
13.107649 0.004493
13.112650 0.002477
13.117651 0.000346
13.122652 -0.001617
13.127653 -0.002950
13.132654 -0.003677
13.137655 -0.003826
13.142656 -0.003870
13.147657 -0.004326
13.152658 -0.005167
13.157659 -0.006044
13.162660 -0.006807
13.167661 -0.008227
13.172662 -0.009095
13.177663 -0.009051
13.182664 -0.009174
13.187665 -0.008954
13.192666 -0.008262
13.197667 -0.006833
13.202668 -0.004799
13.207669 -0.002643
13.212670 -0.000390
13.217671 0.001968
13.222672 0.004590
13.227673 0.006983
13.232674 0.008973
13.237675 0.010805
13.242676 0.012698
13.247677 0.014732
13.252678 0.016433
13.257679 0.017739
13.262680 0.018291
13.267681 0.018116
13.272682 0.017160
13.277683 0.014872
13.282684 0.011743
13.287685 0.008000
13.292686 0.004449
13.297687 0.001855
13.302688 -0.000469
13.307689 -0.003046
13.312690 -0.005474
13.317691 -0.007701
13.322692 -0.010138
13.327693 -0.012443
13.332694 -0.014267
13.337695 -0.015336
13.342696 -0.015652
13.347697 -0.015266
13.352698 -0.014319
13.357699 -0.013232
13.362700 -0.011751
13.367701 -0.010085
13.372702 -0.008796
13.377703 -0.007254
13.382704 -0.005290
13.387705 -0.003361
13.392706 -0.001704
13.397707 -0.000407
13.402708 0.000803
13.407709 0.001749
13.412710 0.002486
13.417711 0.003433
13.422712 0.004178
13.427713 0.004292
13.432714 0.004362
13.437715 0.004397
13.442716 0.003783
13.447717 0.002986
13.452718 0.002565
13.457719 0.002688
13.462720 0.003065
13.467721 0.003608
13.472722 0.004713
13.477723 0.006720
13.482724 0.009140
13.487725 0.011173
13.492726 0.013014
13.497727 0.014776
13.502728 0.016047
13.507729 0.016793
13.512730 0.016731
13.517731 0.015057
13.522732 0.012033
13.527733 0.008210
13.532734 0.003985
13.537735 -0.000328
13.542736 -0.004080
13.547737 -0.006736
13.552738 -0.008735
13.557739 -0.010164
13.562741 -0.011251
13.567742 -0.012162
13.572743 -0.012671
13.577744 -0.012636
13.582745 -0.011934
13.587746 -0.010891
13.592747 -0.010032
13.597748 -0.008621
13.602749 -0.006640
13.607750 -0.005263
13.612751 -0.003931
13.617752 -0.002782
13.622753 -0.002248
13.627754 -0.001801
13.632755 -0.001722
13.637756 -0.001888
13.642757 -0.001853
13.647758 -0.002353
13.652759 -0.002852
13.657760 -0.002625
13.662761 -0.002283
13.667762 -0.001406
13.672763 0.000119
13.677764 0.001776
13.682765 0.003310
13.687766 0.004362
13.692767 0.005511
13.697768 0.006852
13.702769 0.007509
13.707770 0.007781
13.712771 0.007948
13.717772 0.007781
13.722773 0.007509
13.727774 0.007027
13.732775 0.006414
13.737776 0.005414
13.742777 0.003880
13.747778 0.002530
13.752779 0.001417
13.757780 0.000163
13.762781 -0.001283
13.767782 -0.002738
13.772783 -0.003492
13.777784 -0.003510
13.782785 -0.003326
13.787786 -0.002537
13.792787 -0.000950
13.797788 0.000987
13.802789 0.003056
13.807790 0.004994
13.812791 0.006624
13.817792 0.008044
13.822793 0.008921
13.827794 0.008702
13.832795 0.007317
13.837796 0.005283
13.842797 0.002811
13.847798 -0.000187
13.852799 -0.003150
13.857800 -0.005955
13.862801 -0.008585
13.867802 -0.010391
13.872803 -0.011285
13.877804 -0.011557
13.882805 -0.011724
13.887806 -0.011732
13.892807 -0.011084
13.897808 -0.009751
13.902809 -0.008243
13.907810 -0.006762
13.912811 -0.004886
13.917812 -0.003115
13.922813 -0.001607
13.927814 -0.000047
13.932815 0.001023
13.937816 0.001671
13.942817 0.001943
13.947818 0.001549
13.952819 0.000935
13.957820 -0.000029
13.962821 -0.001563
13.967822 -0.002966
13.972823 -0.003957
13.977824 -0.004526
13.982825 -0.005105
13.987826 -0.005683
13.992827 -0.005464
13.997828 -0.004763
14.002829 -0.004219
14.007830 -0.003693
14.012831 -0.002598
14.017832 -0.000958
14.022833 0.000795
14.027834 0.002425
14.032835 0.004065
14.037836 0.005643
14.042838 0.006738
14.047839 0.007282
14.052840 0.007177
14.057841 0.007010
14.062842 0.006616
14.067843 0.006037
14.072844 0.005651
14.077845 0.005073
14.082846 0.004231
14.087847 0.002995
14.092848 0.001882
14.097849 0.000602
14.102850 -0.000678
14.107851 -0.001624
14.112852 -0.002387
14.117853 -0.002203
14.122854 -0.001966
14.127855 -0.001677
14.132856 -0.000722
14.137857 0.000699
14.142858 0.002180
14.147859 0.003285
14.152860 0.004284
14.157861 0.004924
14.162862 0.005432
14.167863 0.006029
14.172864 0.006853
14.177865 0.007563
14.182866 0.007966
14.187867 0.008571
14.192868 0.008869
14.197869 0.008571
14.202870 0.007624
14.207871 0.006213
14.212872 0.004565
14.217873 0.002785
14.222874 0.000769
14.227875 -0.001589
14.232876 -0.003868
14.237877 -0.005727
14.242878 -0.007094
14.247879 -0.008453
14.252880 -0.009190
14.257881 -0.009374
14.262882 -0.009821
14.267883 -0.010215
14.272884 -0.010443
14.277885 -0.010145
14.282886 -0.009198
14.287887 -0.007927
14.292888 -0.005972
14.297889 -0.003693
14.302890 -0.001510
14.307891 0.000699
14.312892 0.002803
14.317893 0.004802
14.322894 0.006301
14.327895 0.007335
14.332896 0.008536
14.337897 0.009535
14.342898 0.009921
14.347899 0.010026
14.352900 0.009763
14.357901 0.008834
14.362902 0.007186
14.367903 0.004784
14.372904 0.002110
14.377905 -0.000388
14.382906 -0.002352
14.387907 -0.004280
14.392908 -0.006314
14.397909 -0.007533
14.402910 -0.008506
14.407911 -0.009321
14.412912 -0.009233
14.417913 -0.008707
14.422914 -0.008129
14.427915 -0.007848
14.432916 -0.007340
14.437917 -0.005990
14.442918 -0.004640
14.447919 -0.003404
14.452920 -0.002597
14.457921 -0.002159
14.462922 -0.001948
14.467923 -0.002299
14.472924 -0.002553
14.477925 -0.002737
14.482926 -0.003044
14.487927 -0.003158
14.492928 -0.003027
14.497929 -0.002834
14.502930 -0.002650
14.507931 -0.002483
14.512932 -0.002141
14.517934 -0.001852
14.522935 -0.001869
14.527936 -0.001861
14.532937 -0.001484
14.537938 -0.000616
14.542939 0.000314
14.547940 0.001453
14.552941 0.003049
14.557942 0.004732
14.562943 0.006187
14.567944 0.007283
14.572945 0.007940
14.577946 0.008545
14.582947 0.009246
14.587948 0.009597
14.592949 0.010000
14.597950 0.010439
14.602951 0.010325
14.607952 0.009632
14.612953 0.008571
14.617954 0.007423
14.622955 0.006126
14.627956 0.004706
14.632957 0.003943
14.637958 0.003855
14.642959 0.003662
14.647960 0.003592
14.652961 0.003794
14.657962 0.003811
14.662963 0.003610
14.667964 0.003136
14.672965 0.002488
14.677966 0.001594
14.682967 0.000358
14.687968 -0.001036
14.692969 -0.002798
14.697970 -0.004885
14.702971 -0.007006
14.707972 -0.009347
14.712973 -0.011372
14.717974 -0.012660
14.722975 -0.013677
14.727976 -0.013993
14.732977 -0.013914
14.737978 -0.013616
14.742979 -0.012827
14.747980 -0.011582
14.752981 -0.009531
14.757982 -0.007181
14.762983 -0.004911
14.767984 -0.002956
14.772985 -0.001457
14.777986 -0.000230
14.782987 0.000551
14.787988 0.000892
14.792989 0.001103
14.797990 0.001497
14.802991 0.001813
14.807992 0.001760
14.812993 0.001848
14.817994 0.002006
14.822995 0.002216
14.827996 0.002628
14.832997 0.002821
14.837998 0.003163
14.842999 0.003461
14.848000 0.003540
14.853001 0.003934
14.858002 0.004250
14.863003 0.004496
14.868004 0.004399
14.873005 0.003619
14.878006 0.002926
14.883007 0.002321
14.888008 0.001568
14.893009 0.000849
14.898010 0.000218
14.903011 -0.000457
14.908012 -0.001466
14.913013 -0.002316
14.918014 -0.002789
14.923015 -0.002903
14.928016 -0.002693
14.933017 -0.002456
14.938018 -0.001553
14.943019 -0.000273
14.948020 0.000901
14.953021 0.002190
14.958022 0.003391
14.963023 0.004347
14.968024 0.004759
14.973025 0.005258
14.978026 0.006065
14.983027 0.006573
14.988028 0.006836
14.993030 0.006889
14.998031 0.006512
15.003032 0.005819
15.008033 0.004724
15.013034 0.003523
15.018035 0.002751
15.023036 0.001813
15.028037 0.001129
15.033038 0.000849
15.038039 0.000507
15.043040 0.000270
15.048041 -0.000510
15.053042 -0.001325
15.058043 -0.002044
15.063044 -0.002956
15.068045 -0.003508
15.073046 -0.003780
15.078047 -0.003446
15.083048 -0.002859
15.088049 -0.002386
15.093050 -0.001807
15.098051 -0.001264
15.103052 -0.001500
15.108053 -0.002394
15.113054 -0.003227
15.118055 -0.004323
15.123056 -0.005445
15.128057 -0.006716
15.133058 -0.008014
15.138059 -0.009048
15.143060 -0.009942
15.148061 -0.010372
15.153062 -0.010293
15.158063 -0.009732
15.163064 -0.008908
15.168065 -0.007496
15.173066 -0.005524
15.178067 -0.003052
15.183068 -0.000431
15.188069 0.001884
15.193070 0.004242
15.198071 0.006521
15.203072 0.008590
15.208073 0.009870
15.213074 0.010457
15.218075 0.010659
15.223076 0.010308
15.228077 0.009808
15.233078 0.009046
15.238079 0.008415
15.243080 0.007652
15.248081 0.006407
15.253082 0.005180
15.258083 0.003655
15.263084 0.002024
15.268085 0.000350
15.273086 -0.001000
15.278087 -0.001667
15.283088 -0.002561
15.288089 -0.003332
15.293090 -0.003727
15.298091 -0.004235
15.303092 -0.004831
15.308093 -0.005383
15.313094 -0.005822
15.318095 -0.006137
15.323096 -0.006427
15.328097 -0.006830
15.333098 -0.006760
15.338099 -0.006435
15.343100 -0.005980
15.348101 -0.005024
15.353102 -0.003586
15.358103 -0.001500
15.363104 0.000586
15.368105 0.002550
15.373106 0.004444
15.378107 0.006074
15.383108 0.007521
15.388109 0.008231
15.393110 0.008467
15.398111 0.008546
15.403112 0.007810
15.408113 0.006495
15.413114 0.005347
15.418115 0.004374
15.423116 0.003541
15.428117 0.002699
15.433118 0.002068
15.438119 0.001814
15.443120 0.001472
15.448121 0.001069
15.453122 0.000815
15.458123 0.000727
15.463124 0.000446
15.468126 -0.000272
15.473127 -0.001289
15.478128 -0.002490
15.483129 -0.003665
15.488130 -0.004954
15.493131 -0.005821
15.498132 -0.005988
15.503133 -0.006374
15.508134 -0.006873
15.513135 -0.007189
15.518136 -0.007312
15.523137 -0.007119
15.528138 -0.006935
15.533139 -0.006479
15.538140 -0.005690
15.543141 -0.005243
15.548142 -0.004752
15.553143 -0.003884
15.558144 -0.002920
15.563145 -0.001955
15.568146 -0.001552
15.573147 -0.001333
15.578148 -0.000895
15.583149 -0.000798
15.588150 -0.001412
15.593151 -0.002069
15.598152 -0.002271
15.603153 -0.002481
15.608154 -0.002455
15.613155 -0.002253
15.618156 -0.001929
15.623157 -0.001245
15.628158 -0.000851
15.633159 -0.000255
15.638160 0.000639
15.643161 0.001639
15.648162 0.002629
15.653163 0.003585
15.658164 0.005137
15.663165 0.006539
15.668166 0.007635
15.673167 0.008994
15.678168 0.010081
15.683169 0.010782
15.688170 0.011107
15.693171 0.010817
15.698172 0.010361
15.703173 0.009678
15.708174 0.008696
15.713175 0.007924
15.718176 0.006951
15.723177 0.005864
15.728178 0.004883
15.733179 0.003909
15.738180 0.003059
15.743181 0.002086
15.748182 0.000745
15.753183 -0.000553
15.758184 -0.001429
15.763185 -0.002367
15.768186 -0.003182
15.773187 -0.003779
15.778188 -0.004006
15.783189 -0.003945
15.788190 -0.003989
15.793191 -0.003814
15.798192 -0.003884
15.803193 -0.003971
15.808194 -0.003866
15.813195 -0.003638
15.818196 -0.003103
15.823197 -0.002639
15.828198 -0.002244
15.833199 -0.002490
15.838200 -0.002849
15.843201 -0.003130
15.848202 -0.003849
15.853203 -0.004155
15.858204 -0.004024
15.863205 -0.003778
15.868206 -0.003629
15.873207 -0.003445
15.878208 -0.003033
15.883209 -0.002937
15.888210 -0.003103
15.893211 -0.003235
15.898212 -0.002797
15.903213 -0.002113
15.908214 -0.001674
15.913215 -0.001157
15.918216 -0.000500
15.923217 0.000175
15.928218 0.000491
15.933219 0.000833
15.938220 0.001429
15.943222 0.001894
15.948223 0.002498
15.953224 0.003217
15.958225 0.003980
15.963226 0.004550
15.968227 0.004418
15.973228 0.003875
15.978229 0.003331
15.983230 0.002604
15.988231 0.001631
15.993232 0.000701
15.998233 -0.000044
16.003234 -0.000596
16.008235 -0.001201
16.013236 -0.001867
16.018237 -0.002323
16.023238 -0.002603
16.028239 -0.002735
16.033240 -0.002796
16.038241 -0.002866
16.043242 -0.002937
16.048243 -0.003208
16.053244 -0.003480
16.058245 -0.003612
16.063246 -0.003848
16.068247 -0.003962
16.073248 -0.003796
16.078249 -0.003287
16.083250 -0.002428
16.088251 -0.001920
16.093252 -0.001350
16.098253 0.000114
16.103254 0.001289
16.108255 0.001938
16.113256 0.002692
16.118257 0.003340
16.123258 0.003691
16.128259 0.003700
16.133260 0.003647
16.138261 0.003630
16.143262 0.003866
16.148263 0.004401
16.153264 0.005269
16.158265 0.006645
16.163266 0.008293
16.168267 0.009731
16.173268 0.010783
16.178269 0.011905
16.183270 0.012562
16.188271 0.012422
16.193272 0.011940
16.198273 0.011011
16.203274 0.009889
16.208275 0.008346
16.213276 0.006663
16.218277 0.004725
16.223278 0.002253
16.228279 -0.000052
16.233280 -0.002445
16.238281 -0.004681
16.243282 -0.006513
16.248283 -0.007863
16.253284 -0.008731
16.258285 -0.009116
16.263286 -0.008617
16.268287 -0.007898
16.273288 -0.007162
16.278289 -0.006101
16.283290 -0.005066
16.288291 -0.004006
16.293292 -0.002849
16.298293 -0.001849
16.303294 -0.001095
16.308295 -0.000736
16.313296 -0.000788
16.318297 -0.000894
16.323298 -0.000894
16.328299 -0.001244
16.333300 -0.001735
16.338301 -0.001656
16.343302 -0.001349
16.348303 -0.000964
16.353304 -0.000517
16.358305 -0.000192
16.363306 0.000036
16.368307 -0.000052
16.373308 -0.000183
16.378309 -0.000131
16.383310 -0.000254
16.388311 -0.000666
16.393312 -0.000850
16.398313 -0.000727
16.403314 -0.000858
16.408315 -0.001262
16.413316 -0.002033
16.418318 -0.003032
16.423319 -0.004233
16.428320 -0.005610
16.433321 -0.006662
16.438322 -0.007354
16.443323 -0.007547
16.448324 -0.007284
16.453325 -0.006548
16.458326 -0.005303
16.463327 -0.004216
16.468328 -0.003181
16.473329 -0.002077
16.478330 -0.000999
16.483331 0.000001
16.488332 0.000763
16.493333 0.001824
16.498334 0.002806
16.503335 0.003753
16.508336 0.004805
16.513337 0.005506
16.518338 0.006085
16.523339 0.006278
16.528340 0.006155
16.533341 0.006058
16.538342 0.005813
16.543343 0.005620
16.548344 0.005147
16.553345 0.004437
16.558346 0.003639
16.563347 0.002543
16.568348 0.001421
16.573349 0.000544
16.578350 -0.000008
16.583351 -0.000481
16.588352 -0.000674
16.593353 -0.000700
16.598354 -0.000630
16.603355 -0.000534
16.608356 -0.000402
16.613357 0.000290
16.618358 0.000623
16.623359 0.000588
16.628360 0.001088
16.633361 0.001816
16.638362 0.002412
16.643363 0.002692
16.648364 0.002806
16.653365 0.002771
16.658366 0.002701
16.663367 0.002552
16.668368 0.002166
16.673369 0.001623
16.678370 0.001149
16.683371 0.000799
16.688372 0.000238
16.693373 -0.000244
16.698374 -0.000455
16.703375 -0.000691
16.708376 -0.001077
16.713377 -0.001235
16.718378 -0.001296
16.723379 -0.001586
16.728380 -0.001787
16.733381 -0.001998
16.738382 -0.002164
16.743383 -0.002103
16.748384 -0.002024
16.753385 -0.001971
16.758386 -0.001770
16.763387 -0.001270
16.768388 -0.000946
16.773389 -0.000402
16.778390 0.000685
16.783391 0.001693
16.788392 0.002657
16.793393 0.003332
16.798394 0.003806
16.803395 0.003964
16.808396 0.003464
16.813397 0.002982
16.818398 0.002570
16.823399 0.001842
16.828400 0.000632
16.833401 -0.000472
16.838402 -0.001322
16.843403 -0.002480
16.848404 -0.003961
16.853405 -0.005469
16.858406 -0.006889
16.863407 -0.008581
16.868408 -0.010071
16.873409 -0.010921
16.878410 -0.011158
16.883411 -0.010930
16.888412 -0.010729
16.893414 -0.009668
16.898415 -0.007862
16.903416 -0.006047
16.908417 -0.003873
16.913418 -0.001524
16.918419 0.000729
16.923420 0.002710
16.928421 0.004095
16.933422 0.005217
16.938423 0.006278
16.943424 0.006638
16.948425 0.006252
16.953426 0.005665
16.958427 0.005261
16.963428 0.004858
16.968429 0.004393
16.973430 0.003973
16.978431 0.003850
16.983432 0.004104
16.988433 0.004236
16.993434 0.004455
16.998435 0.004648
17.003436 0.004665
17.008437 0.004569
17.013438 0.004253
17.018439 0.003605
17.023440 0.002693
17.028441 0.001685
17.033442 0.000615
17.038443 0.000019
17.043444 -0.000568
17.048445 -0.001077
17.053446 -0.001182
17.058447 -0.001252
17.063448 -0.001410
17.068449 -0.001717
17.073450 -0.001804
17.078451 -0.001822
17.083452 -0.002093
17.088453 -0.002777
17.093454 -0.003233
17.098455 -0.003505
17.103456 -0.003996
17.108457 -0.003873
17.113458 -0.003882
17.118459 -0.003680
17.123460 -0.003128
17.128461 -0.002681
17.133462 -0.001690
17.138463 -0.000708
17.143464 0.000493
17.148465 0.001597
17.153466 0.002483
17.158467 0.003578
17.163468 0.004297
17.168469 0.004850
17.173470 0.005349
17.178471 0.006068
17.183472 0.006647
17.188473 0.006822
17.193474 0.006796
17.198475 0.006515
17.203476 0.006130
17.208477 0.005393
17.213478 0.004613
17.218479 0.003710
17.223480 0.002527
17.228481 0.001369
17.233482 -0.000016
17.238483 -0.001418
17.243484 -0.002882
17.248485 -0.004627
17.253486 -0.006143
17.258487 -0.007002
17.263488 -0.007756
17.268489 -0.008133
17.273490 -0.007826
17.278491 -0.007239
17.283492 -0.006301
17.288493 -0.005433
17.293494 -0.004197
17.298495 -0.003057
17.303496 -0.002365
17.308497 -0.001444
17.313498 -0.000857
17.318499 -0.000287
17.323500 0.000072
17.328501 -0.000077
17.333502 -0.000340
17.338503 -0.000761
17.343504 -0.001024
17.348505 -0.001453
17.353506 -0.001979
17.358507 -0.002233
17.363508 -0.002417
17.368509 -0.002680
17.373511 -0.003075
17.378512 -0.003241
17.383513 -0.003434
17.388514 -0.003557
17.393515 -0.003320
17.398516 -0.002935
17.403517 -0.002119
17.408518 -0.001234
17.413519 -0.000357
17.418520 0.000809
17.423521 0.001808
17.428522 0.002711
17.433523 0.003588
17.438524 0.004394
17.443525 0.005157
17.448526 0.005534
17.453527 0.005858
17.458528 0.006261
17.463529 0.006595
17.468530 0.006831
17.473531 0.006980
17.478532 0.007182
17.483533 0.007296
17.488534 0.007208
17.493535 0.006656
17.498536 0.006261
17.503537 0.006156
17.508538 0.005604
17.513539 0.005139
17.518540 0.004657
17.523541 0.003860
17.528542 0.003053
17.533543 0.001948
17.538544 0.000967
17.543545 0.000134
17.548546 -0.000743
17.553547 -0.001356
17.558548 -0.001988
17.563549 -0.002645
17.568550 -0.003224
17.573551 -0.003872
17.578552 -0.004284
17.583553 -0.004460
17.588554 -0.004635
17.593555 -0.004503
17.598556 -0.003907
17.603557 -0.003337
17.608558 -0.002803
17.613559 -0.001979
17.618560 -0.001155
17.623561 -0.000374
17.628562 0.000169
17.633563 0.000607
17.638564 0.001177
17.643565 0.001545
17.648566 0.001642
17.653567 0.001580
17.658568 0.001379
17.663569 0.000818
17.668570 -0.000225
17.673571 -0.001347
17.678572 -0.002154
17.683573 -0.003039
17.688574 -0.003925
17.693575 -0.004459
17.698576 -0.005117
17.703577 -0.005511
17.708578 -0.005757
17.713579 -0.005888
17.718580 -0.005827
17.723581 -0.005862
17.728582 -0.005731
17.733583 -0.005678
17.738584 -0.005327
17.743585 -0.004740
17.748586 -0.004249
17.753587 -0.003591
17.758588 -0.002583
17.763589 -0.001409
17.768590 -0.000488
17.773591 0.000459
17.778592 0.001326
17.783593 0.001984
17.788594 0.002449
17.793595 0.002869
17.798596 0.003343
17.803597 0.003334
17.808598 0.002992
17.813599 0.002782
17.818600 0.002484
17.823601 0.002054
17.828602 0.001414
17.833603 0.000459
17.838604 -0.000418
17.843605 -0.001426
17.848607 -0.002522
17.853608 -0.003065
17.858609 -0.003425
17.863610 -0.003530
17.868611 -0.003162
17.873612 -0.002478
17.878613 -0.001251
17.883614 0.000047
17.888615 0.001178
17.893616 0.002291
17.898617 0.003562
17.903618 0.004903
17.908619 0.005920
17.913620 0.006657
17.918621 0.007034
17.923622 0.007121
17.928623 0.006499
17.933624 0.005508
17.938625 0.004597
17.943626 0.003343
17.948627 0.002265
17.953628 0.001265
17.958629 0.000459
17.963630 -0.000120
17.968631 -0.000768
17.973632 -0.000961
17.978633 -0.000882
17.983634 -0.000760
17.988635 -0.000532
17.993636 0.000047
17.998637 0.000801
18.003638 0.001485
18.008639 0.002089
18.013640 0.002195
18.018641 0.001993
18.023642 0.001283
18.028643 0.000108
18.033644 -0.001075
18.038645 -0.002197
18.043646 -0.003039
18.048647 -0.003933
18.053648 -0.004459
18.058649 -0.004380
18.063650 -0.004415
18.068651 -0.004354
18.073652 -0.004064
18.078653 -0.003582
18.083654 -0.002785
18.088655 -0.001934
18.093656 -0.000795
18.098657 0.000415
18.103658 0.001090
18.108659 0.001713
18.113660 0.002484
18.118661 0.002914
18.123662 0.003229
18.128663 0.003475
18.133664 0.003413
18.138665 0.003036
18.143666 0.002291
18.148667 0.001283
18.153668 0.000030
18.158669 -0.001312
18.163670 -0.002478
18.168671 -0.003459
18.173672 -0.004318
18.178673 -0.004695
18.183674 -0.004660
18.188675 -0.004573
18.193676 -0.004152
18.198677 -0.003337
18.203678 -0.002530
18.208679 -0.001741
18.213680 -0.000584
18.218681 0.000582
18.223682 0.001730
18.228683 0.003054
18.233684 0.004124
18.238685 0.005009
18.243686 0.005482
18.248687 0.005728
18.253688 0.005868
18.258689 0.006035
18.263690 0.006236
18.268691 0.005666
18.273692 0.005018
18.278693 0.004430
18.283694 0.003352
18.288695 0.002169
18.293696 0.000792
18.298697 -0.000522
18.303698 -0.001522
18.308699 -0.002565
18.313700 -0.003512
18.318701 -0.004353
18.323703 -0.005090
18.328704 -0.005782
18.333705 -0.006212
18.338706 -0.006036
18.343707 -0.005642
18.348708 -0.004958
18.353709 -0.003985
18.358710 -0.002898
18.363711 -0.002030
18.368712 -0.001346
18.373713 -0.000636
18.378714 -0.000207
18.383715 -0.000084
18.388716 -0.000566
18.393717 -0.001215
18.398718 -0.001592
18.403719 -0.002363
18.408720 -0.003336
18.413721 -0.003985
18.418722 -0.004485
18.423723 -0.004739
18.428724 -0.004835
18.433725 -0.004923
18.438726 -0.004432
18.443727 -0.003757
18.448728 -0.002968
18.453729 -0.001592
18.458730 -0.000093
18.463731 0.001547
18.468732 0.003265
18.473733 0.004685
18.478734 0.006315
18.483735 0.008121
18.488736 0.009357
18.493737 0.010138
18.498738 0.010892
18.503739 0.011374
18.508740 0.011111
18.513741 0.010409
18.518742 0.009638
18.523743 0.008577
18.528744 0.007026
18.533745 0.005281
18.538746 0.003519
18.543747 0.001687
18.548748 -0.000005
18.553749 -0.001372
18.558750 -0.002530
18.563751 -0.003485
18.568752 -0.004029
18.573753 -0.004239
18.578754 -0.004046
18.583755 -0.003818
18.588756 -0.003678
18.593757 -0.003424
18.598758 -0.002942
18.603759 -0.002451
18.608760 -0.002275
18.613761 -0.001916
18.618762 -0.001627
18.623763 -0.001600
18.628764 -0.001688
18.633765 -0.002205
18.638766 -0.002722
18.643767 -0.003257
18.648768 -0.004011
18.653769 -0.004458
18.658770 -0.004572
18.663771 -0.004756
18.668772 -0.004712
18.673773 -0.004511
18.678774 -0.004195
18.683775 -0.003704
18.688776 -0.003406
18.693777 -0.002906
18.698778 -0.002187
18.703779 -0.001425
18.708780 -0.000715
18.713781 -0.000110
18.718782 0.000644
18.723783 0.001258
18.728784 0.001749
18.733785 0.002038
18.738786 0.002178
18.743787 0.002222
18.748788 0.001784
18.753789 0.001319
18.758790 0.000855
18.763791 -0.000075
18.768792 -0.001162
18.773793 -0.002056
18.778794 -0.002897
18.783795 -0.003546
18.788796 -0.004116
18.793797 -0.004414
18.798799 -0.004028
18.803800 -0.003301
18.808801 -0.002371
18.813802 -0.001223
18.818803 0.000197
18.823804 0.001933
18.828805 0.003581
18.833806 0.005229
18.838807 0.007061
18.843808 0.008402
18.848809 0.009226
18.853810 0.009691
18.858811 0.009779
18.863812 0.009656
18.868813 0.008946
18.873814 0.007876
18.878815 0.006789
18.883816 0.005290
18.888817 0.003581
18.893818 0.001854
18.898819 0.000127
18.903820 -0.001293
18.908821 -0.002564
18.913822 -0.003432
18.918823 -0.003528
18.923824 -0.003467
18.928825 -0.003607
18.933826 -0.003379
18.938827 -0.002687
18.943828 -0.001705
18.948829 -0.000785
18.953830 -0.000092
18.958831 0.000925
18.963832 0.002152
18.968833 0.002932
18.973834 0.003274
18.978835 0.003511
18.983836 0.003511
18.988837 0.003195
18.993838 0.002643
18.998839 0.001802
19.003840 0.000890
19.008841 -0.000206
19.013842 -0.001284
19.018843 -0.002266
19.023844 -0.003379
19.028845 -0.004475
19.033846 -0.005431
19.038847 -0.005816
19.043848 -0.005930
19.048849 -0.005983
19.053850 -0.005834
19.058851 -0.005334
19.063852 -0.004501
19.068853 -0.003817
19.073854 -0.002941
19.078855 -0.001915
19.083856 -0.001205
19.088857 -0.000565
19.093858 0.000119
19.098859 0.000548
19.103860 0.000829
19.108861 0.000873
19.113862 0.000548
19.118863 0.000198
19.123864 -0.000285
19.128865 -0.000653
19.133866 -0.001047
19.138867 -0.001512
19.143868 -0.001749
19.148869 -0.002020
19.153870 -0.002423
19.158871 -0.002537
19.163872 -0.002581
19.168873 -0.002748
19.173874 -0.002695
19.178875 -0.002739
19.183876 -0.002555
19.188877 -0.002239
19.193878 -0.001985
19.198879 -0.001284
19.203880 -0.000521
19.208881 0.000198
19.213882 0.000952
19.218883 0.001837
19.223884 0.002880
19.228885 0.003722
19.233886 0.004476
19.238887 0.005133
19.243888 0.005422
19.248889 0.005484
19.253890 0.005396
19.258891 0.005177
19.263892 0.004677
19.268893 0.003757
19.273895 0.002924
19.278896 0.002267
19.283897 0.001635
19.288898 0.001145
19.293899 0.000619
19.298900 0.000259
19.303901 0.000119
19.308902 -0.000013
19.313903 0.000119
19.318904 0.000592
19.323905 0.001022
19.328906 0.001355
19.333907 0.001671
19.338908 0.001767
19.343909 0.001636
19.348910 0.001381
19.353911 0.001259
19.358912 0.001346
19.363913 0.001241
19.368914 0.001294
19.373915 0.001311
19.378916 0.001031
19.383917 0.000794
19.388918 0.000128
19.393919 -0.000424
19.398920 -0.000766
19.403921 -0.001134
19.408922 -0.001266
19.413923 -0.001345
19.418924 -0.001257
19.423925 -0.001371
19.428926 -0.001555
19.433927 -0.001617
19.438928 -0.001809
19.443929 -0.001783
19.448930 -0.001573
19.453931 -0.001222
19.458932 -0.000906
19.463933 -0.000617
19.468934 -0.000442
19.473935 -0.000249
19.478936 0.000181
19.483937 0.000277
19.488938 0.000321
19.493939 0.000216
19.498940 0.000119
19.503941 0.000084
19.508942 -0.000468
19.513943 -0.000635
19.518944 -0.000766
19.523945 -0.000915
19.528946 -0.000608
19.533947 -0.000398
19.538948 0.000032
19.543949 0.000242
19.548950 0.000295
19.553951 0.000488
19.558952 0.000321
19.563953 0.000128
19.568954 -0.000196
19.573955 -0.000810
19.578956 -0.001274
19.583957 -0.001695
19.588958 -0.002107
19.593959 -0.002212
19.598960 -0.002186
19.603961 -0.002230
19.608962 -0.001941
19.613963 -0.001327
19.618964 -0.000748
19.623965 -0.000056
19.628966 0.000689
19.633967 0.001294
19.638968 0.001908
19.643969 0.002285
19.648970 0.002285
19.653971 0.002320
19.658972 0.002504
19.663973 0.002495
19.668974 0.002416
19.673975 0.002390
19.678976 0.002311
19.683977 0.002066
19.688978 0.001531
19.693979 0.001022
19.698980 0.000777
19.703981 0.000505
19.708982 -0.000161
19.713983 -0.000976
19.718984 -0.001537
19.723985 -0.001993
19.728986 -0.002212
19.733987 -0.001984
19.738988 -0.001511
19.743989 -0.001002
19.748991 -0.000459
19.753992 0.000199
19.758993 0.000865
19.763994 0.001522
19.768995 0.002022
19.773996 0.002373
19.778997 0.002899
19.783998 0.003118
19.788999 0.002820
19.794000 0.002478
19.799001 0.002110
19.804002 0.001636
19.809003 0.000944
19.814004 0.000356
19.819005 0.000269
19.824006 0.000128
19.829007 -0.000205
19.834008 -0.000397
19.839009 -0.000266
19.844010 -0.000196
19.849011 -0.000240
19.854012 -0.000020
19.859013 0.000146
19.864014 0.000330
19.869015 0.000356
19.874016 0.000243
19.879017 0.000348
19.884018 0.000295
19.889019 -0.000099
19.894020 -0.000555
19.899021 -0.000941
19.904022 -0.001458
19.909023 -0.001923
19.914024 -0.002370
19.919025 -0.002738
19.924026 -0.002843
19.929027 -0.003132
19.934028 -0.003167
19.939029 -0.002940
19.944030 -0.002975
19.949031 -0.003089
19.954032 -0.002983
19.959033 -0.002405
19.964034 -0.001914
19.969035 -0.001651
19.974036 -0.001239
19.979037 -0.000590
19.984038 -0.000003
19.989039 0.000067
19.994040 0.000330
19.999041 0.000742
20.004042 0.000935
20.009043 0.000891
20.014044 0.000295
20.019045 -0.000143
20.024046 -0.000248
20.029047 -0.000669
20.034048 -0.001107
20.039049 -0.001221
20.044050 -0.001475
20.049051 -0.002001
20.054052 -0.002484
20.059053 -0.002834
20.064054 -0.003211
20.069055 -0.003658
20.074056 -0.003904
20.079057 -0.003728
20.084058 -0.003308
20.089059 -0.002834
20.094060 -0.002317
20.099061 -0.001677
20.104062 -0.000616
20.109063 0.000322
20.114064 0.001067
20.119065 0.001996
20.124066 0.002654
20.129067 0.003083
20.134068 0.003390
20.139069 0.003741
20.144070 0.003951
20.149071 0.003574
20.154072 0.003285
20.159073 0.003092
20.164074 0.002785
20.169075 0.002478
20.174076 0.001944
20.179077 0.001584
20.184078 0.001339
20.189079 0.001032
20.194080 0.000857
20.199081 0.000681
20.204082 0.000532
20.209083 0.000085
20.214084 -0.000327
20.219085 -0.000327
20.224086 -0.000502
20.229088 -0.000949
20.234089 -0.001282
20.239090 -0.001563
20.244091 -0.001896
20.249092 -0.001940
20.254093 -0.001764
20.259094 -0.001379
20.264095 -0.000765
20.269096 -0.000371
20.274097 0.000164
20.279098 0.000813
20.284099 0.001251
20.289100 0.001646
20.294101 0.001988
20.299102 0.002479
20.304103 0.002724
20.309104 0.002365
20.314105 0.002067
20.319106 0.001812
20.324107 0.001260
20.329108 0.000778
20.334109 0.000682
20.339110 0.000673
20.344111 0.000717
20.349112 0.000848
20.354113 0.001181
20.359114 0.001698
20.364115 0.002146
20.369116 0.002628
20.374117 0.003013
20.379118 0.003399
20.384119 0.003522
20.389120 0.003610
20.394121 0.003811
20.399122 0.003811
20.404123 0.003741
20.409124 0.003259
20.414125 0.002970
20.419126 0.002786
20.424127 0.002382
20.429128 0.001970
20.434129 0.001348
20.439130 0.000839
20.444131 0.000059
20.449132 -0.000695
20.454133 -0.001343
20.459134 -0.002071
20.464135 -0.002711
20.469136 -0.003623
20.474137 -0.004508
20.479138 -0.005332
20.484139 -0.005893
20.489140 -0.006244
20.494141 -0.006717
20.499142 -0.006787
20.504143 -0.006656
20.509144 -0.006594
20.514145 -0.006209
20.519146 -0.005402
20.524147 -0.004604
20.529148 -0.003701
20.534149 -0.002614
20.539150 -0.001554
20.544151 -0.000589
20.549152 0.000375
20.554153 0.001383
20.559154 0.002163
20.564155 0.002716
20.569156 0.003049
20.574157 0.003172
20.579158 0.003163
20.584159 0.003101
20.589160 0.002786
20.594161 0.002277
20.599162 0.001778
20.604163 0.001173
20.609164 0.000629
20.614165 0.000086
20.619166 -0.000221
20.624167 -0.000379
20.629168 -0.000861
20.634169 -0.001176
20.639170 -0.001255
20.644171 -0.001176
20.649172 -0.001071
20.654173 -0.001071
20.659174 -0.000791
20.664175 -0.000878
20.669176 -0.001220
20.674177 -0.001247
20.679178 -0.001238
20.684179 -0.001168
20.689180 -0.001238
20.694181 -0.001238
20.699182 -0.001185
20.704184 -0.001115
20.709185 -0.001106
20.714186 -0.001168
20.719187 -0.000922
20.724188 -0.000922
20.729189 -0.000808
20.734190 -0.000659
20.739191 -0.000659
20.744192 -0.000352
20.749193 -0.000291
20.754194 -0.000203
20.759195 0.000253
20.764196 0.000779
20.769197 0.001164
20.774198 0.001515
20.779199 0.002023
20.784200 0.002435
20.789201 0.002602
20.794202 0.002751
20.799203 0.003137
20.804204 0.003181
20.809205 0.003110
20.814206 0.003321
20.819207 0.003417
20.824208 0.003636
20.829209 0.003654
20.834210 0.003452
20.839211 0.003812
20.844212 0.004180
20.849213 0.004031
20.854214 0.004110
20.859215 0.004110
20.864216 0.003698
20.869217 0.003382
20.874218 0.002813
20.879219 0.002102
20.884220 0.001375
20.889221 0.000525
20.894222 -0.000238
20.899223 -0.001018
20.904224 -0.001728
20.909225 -0.002430
20.914226 -0.003061
20.919227 -0.003631
20.924228 -0.004051
20.929229 -0.004463
20.934230 -0.004902
20.939231 -0.004884
20.944232 -0.004779
20.949233 -0.004989
20.954234 -0.005121
20.959235 -0.005095
20.964236 -0.004963
20.969237 -0.004919
20.974238 -0.005165
20.979239 -0.005156
20.984240 -0.004981
20.989241 -0.004840
20.994242 -0.004595
20.999243 -0.004200
21.004244 -0.003622
21.009245 -0.003052
21.014246 -0.002175
21.019247 -0.001158
21.024248 -0.000466
21.029249 -0.000036
21.034250 0.000341
21.039251 0.000630
21.044252 0.000788
21.049253 0.000998
21.054254 0.000972
21.059255 0.001165
21.064256 0.001621
21.069257 0.001805
21.074258 0.002147
21.079259 0.002629
21.084260 0.003128
21.089261 0.003567
21.094262 0.003917
21.099263 0.004224
21.104264 0.004417
21.109265 0.004242
21.114266 0.003839
21.119267 0.003777
21.124268 0.003549
21.129269 0.002778
21.134270 0.002041
21.139271 0.001805
21.144272 0.001366
21.149273 0.000762
21.154274 0.000350
21.159275 0.000104
21.164276 0.000008
21.169277 -0.000448
21.174278 -0.000737
21.179280 -0.000518
21.184281 -0.000360
21.189282 -0.000387
21.194283 -0.000185
21.199284 0.000095
21.204285 0.000525
21.209286 0.000797
21.214287 0.000683
21.219288 0.000928
21.224289 0.000832
21.229290 0.000665
21.234291 0.000665
21.239292 0.000359
21.244293 0.000437
21.249294 0.000166
21.254295 -0.000132
21.259296 0.000139
21.264297 -0.000071
21.269298 -0.000378
21.274299 -0.000352
21.279300 -0.000474
21.284301 -0.000509
21.289302 -0.000763
21.294303 -0.001088
21.299304 -0.000991
21.304305 -0.001044
21.309306 -0.000930
21.314307 -0.000869
21.319308 -0.000912
21.324309 -0.000597
21.329310 -0.000720
21.334311 -0.000921
21.339312 -0.000816
21.344313 -0.000614
21.349314 -0.000325
21.354315 -0.000010
21.359316 0.000516
21.364317 0.000964
21.369318 0.001200
21.374319 0.001384
21.379320 0.001665
21.384321 0.001744
21.389322 0.001411
21.394323 0.001253
21.399324 0.000867
21.404325 0.000201
21.409326 -0.000597
21.414327 -0.001579
21.419328 -0.002122
21.424329 -0.002587
21.429330 -0.003183
21.434331 -0.003428
21.439332 -0.003604
21.444333 -0.003630
21.449334 -0.003481
21.454335 -0.003419
21.459336 -0.002990
21.464337 -0.002499
21.469338 -0.002087
21.474339 -0.001447
21.479340 -0.001079
21.484341 -0.000658
21.489342 -0.000123
21.494343 0.000236
21.499344 0.000710
21.504345 0.000946
21.509346 0.000762
21.514347 0.000718
21.519348 0.000885
21.524349 0.000902
21.529350 0.000718
21.534351 0.000701
21.539352 0.001043
21.544353 0.001236
21.549354 0.000990
21.554355 0.000824
21.559356 0.000841
21.564357 0.000903
21.569358 0.000999
21.574359 0.001087
21.579360 0.001437
21.584361 0.001718
21.589362 0.001542
21.594363 0.001341
21.599364 0.000999
21.604365 0.000596
21.609366 0.000131
21.614367 -0.000430
21.619368 -0.000938
21.624369 -0.001350
21.629370 -0.001832
21.634371 -0.002481
21.639372 -0.002893
21.644373 -0.003191
21.649374 -0.003551
21.654376 -0.003726
21.659377 -0.003393
21.664378 -0.002876
21.669379 -0.002306
21.674380 -0.001315
21.679381 -0.000298
21.684382 0.000780
21.689383 0.001613
21.694384 0.002191
21.699385 0.003086
21.704386 0.003761
21.709387 0.004392
21.714388 0.004883
21.719389 0.005321
21.724390 0.005672
21.729391 0.005409
21.734392 0.005040
21.739393 0.004541
21.744394 0.004006
21.749395 0.003208
21.754396 0.002349
21.759397 0.001806
21.764398 0.001122
21.769399 0.000447
21.774400 -0.000333
21.779401 -0.000973
21.784402 -0.001359
21.789403 -0.001894
21.794404 -0.002279
21.799405 -0.002481
21.804406 -0.002472
21.809407 -0.002393
21.814408 -0.002218
21.819409 -0.001701
21.824410 -0.001254
21.829411 -0.000754
21.834412 -0.000368
21.839413 -0.000053
21.844414 0.000622
21.849415 0.001034
21.854416 0.001473
21.859417 0.002095
21.864418 0.002560
21.869419 0.002735
21.874420 0.002744
21.879421 0.002805
21.884422 0.002683
21.889423 0.002306
21.894424 0.001692
21.899425 0.001280
21.904426 0.000885
21.909427 0.000123
21.914428 -0.000710
21.919429 -0.001534
21.924430 -0.002051
21.929431 -0.002218
21.934432 -0.002507
21.939433 -0.002656
21.944434 -0.002279
21.949435 -0.001867
21.954436 -0.001683
21.959437 -0.001525
21.964438 -0.001315
21.969439 -0.001175
21.974440 -0.001157
21.979441 -0.001025
21.984442 -0.001218
21.989443 -0.001622
21.994444 -0.001727
21.999445 -0.002077
22.004446 -0.002560
22.009447 -0.002936
22.014448 -0.003164
22.019449 -0.003164
22.024450 -0.003085
22.029451 -0.002665
22.034452 -0.002156
22.039453 -0.001569
22.044454 -0.000780
22.049455 0.000018
22.054456 0.000719
22.059457 0.001534
22.064458 0.002323
22.069459 0.002876
22.074460 0.003323
22.079461 0.003656
22.084462 0.003814
22.089463 0.003498
22.094464 0.003174
22.099465 0.003060
22.104466 0.002779
22.109467 0.002385
22.114468 0.001920
22.119469 0.001657
22.124470 0.001263
22.129472 0.000737
22.134473 0.000509
22.139474 0.000281
22.144475 0.000176
22.149476 -0.000026
22.154477 -0.000201
22.159478 -0.000061
22.164479 -0.000070
22.169480 -0.000070
22.174481 0.000027
22.179482 0.000228
22.184483 0.000299
22.189484 0.000123
22.194485 0.000088
22.199486 0.000097
22.204487 0.000106
22.209488 -0.000131
22.214489 -0.000473
22.219490 -0.000508
22.224491 -0.000578
22.229492 -0.000850
22.234493 -0.001122
22.239494 -0.001069
22.244495 -0.000955
22.249496 -0.001043
22.254497 -0.000981
22.259498 -0.000736
22.264499 -0.000482
22.269500 -0.000517
22.274501 -0.000534
22.279502 -0.000219
22.284503 -0.000131
22.289504 -0.000341
22.294505 -0.000157
22.299506 0.000097
22.304507 0.000106
22.309508 0.000185
22.314509 0.000167
22.319510 0.000527
22.324511 0.000746
22.329512 0.000606
22.334513 0.000939
22.339514 0.001246
22.344515 0.001351
22.349516 0.001316
22.354517 0.001254
22.359518 0.001456
22.364519 0.001465
22.369520 0.001088
22.374521 0.000869
22.379522 0.000457
22.384523 -0.000280
22.389524 -0.000850
22.394525 -0.001130
22.399526 -0.001305
22.404527 -0.001779
22.409528 -0.002410
22.414529 -0.002761
22.419530 -0.002883
22.424531 -0.003278
22.429532 -0.003681
22.434533 -0.003821
22.439534 -0.003970
22.444535 -0.003918
22.449536 -0.003821
22.454537 -0.003707
22.459538 -0.003216
22.464539 -0.002760
22.469540 -0.002401
22.474541 -0.001796
22.479542 -0.001428
22.484543 -0.001112
22.489544 -0.000770
22.494545 -0.000446
22.499546 -0.000104
22.504547 -0.000052
22.509548 0.000010
22.514549 -0.000104
22.519550 -0.000130
22.524551 -0.000060
22.529552 -0.000183
22.534553 0.000027
22.539554 0.000413
22.544555 0.000808
22.549556 0.001202
22.554557 0.001781
22.559558 0.002631
22.564559 0.003586
22.569560 0.004349
22.574561 0.005112
22.579562 0.006155
22.584563 0.006760
22.589564 0.006909
22.594565 0.007225
22.599566 0.007365
22.604568 0.007128
22.609569 0.006646
22.614570 0.005743
22.619571 0.004656
22.624572 0.003850
22.629573 0.002964
22.634574 0.001947
22.639575 0.001202
22.644576 0.000387
22.649577 -0.000498
22.654578 -0.001209
22.659579 -0.001682
22.664580 -0.001875
22.669581 -0.002085
22.674582 -0.002199
22.679583 -0.002322
22.684584 -0.002348
22.689585 -0.002418
22.694586 -0.002646
22.699587 -0.002681
22.704588 -0.002795
22.709589 -0.003102
22.714590 -0.003488
22.719591 -0.003540
22.724592 -0.003707
22.729593 -0.003847
22.734594 -0.003830
22.739595 -0.003952
22.744596 -0.003794
22.749597 -0.003891
22.754598 -0.003759
22.759599 -0.003461
22.764600 -0.003242
22.769601 -0.002725
22.774602 -0.002313
22.779603 -0.001629
22.784604 -0.000866
22.789605 -0.000402
22.794606 -0.000086
22.799607 0.000685
22.804608 0.001544
22.809609 0.001842
22.814610 0.002351
22.819611 0.002991
22.824612 0.003429
22.829613 0.003657
22.834614 0.003631
22.839615 0.003683
22.844616 0.003499
22.849617 0.003000
22.854618 0.002666
22.859619 0.002246
22.864620 0.001676
22.869621 0.001045
22.874622 0.000405
22.879623 0.000072
22.884624 -0.000375
22.889625 -0.000779
22.894626 -0.000866
22.899627 -0.000972
22.904628 -0.000752
22.909629 -0.000524
22.914630 -0.000279
22.919631 0.000186
22.924632 0.000519
22.929633 0.000808
22.934634 0.000887
22.939635 0.000826
22.944636 0.000852
22.949637 0.000756
22.954638 0.000379
22.959639 0.000256
22.964640 0.000256
22.969641 -0.000349
22.974642 -0.000752
22.979643 -0.001068
22.984644 -0.001655
22.989645 -0.002067
22.994646 -0.002541
22.999647 -0.002716
23.004648 -0.002847
23.009649 -0.003119
23.014650 -0.002996
23.019651 -0.002865
23.024652 -0.002646
23.029653 -0.002181
23.034654 -0.001752
23.039655 -0.001076
23.044656 -0.000437
23.049657 0.000186
23.054658 0.000896
23.059659 0.001466
23.064660 0.002088
23.069661 0.002676
23.074662 0.003114
23.079664 0.003386
23.084665 0.003605
23.089666 0.003657
23.094667 0.003377
23.099668 0.002921
23.104669 0.002649
23.109670 0.002202
23.114671 0.001440
23.119672 0.000808
23.124673 0.000265
23.129674 -0.000270
23.134675 -0.000848
23.139676 -0.001041
23.144677 -0.001111
23.149678 -0.001068
23.154679 -0.000954
23.159680 -0.000962
23.164681 -0.000594
23.169682 -0.000393
23.174683 -0.000165
23.179684 0.000239
23.184685 0.000405
23.189686 0.000607
23.194687 0.000686
23.199688 0.000686
23.204689 0.000826
23.209690 0.000887
23.214691 0.000809
23.219692 0.000607
23.224693 0.000326
23.229694 0.000169
23.234695 -0.000121
23.239696 -0.000384
23.244697 -0.000603
23.249698 -0.001050
23.254699 -0.001322
23.259700 -0.001436
23.264701 -0.001488
23.269702 -0.001532
23.274703 -0.001602
23.279704 -0.001488
23.284705 -0.001304
23.289706 -0.001243
23.294707 -0.001164
23.299708 -0.001024
23.304709 -0.000988
23.309710 -0.000962
23.314711 -0.001050
23.319712 -0.001102
23.324713 -0.001181
23.329714 -0.001295
23.334715 -0.001243
23.339716 -0.001409
23.344717 -0.001532
23.349718 -0.001392
23.354719 -0.001313
23.359720 -0.000945
23.364721 -0.000357
23.369722 0.000037
23.374723 0.000739
23.379724 0.001493
23.384725 0.002159
23.389726 0.002597
23.394727 0.002702
23.399728 0.003035
23.404729 0.003237
23.409730 0.003316
23.414731 0.003281
23.419732 0.003281
23.424733 0.003298
23.429734 0.002983
23.434735 0.002720
23.439736 0.002404
23.444737 0.001843
23.449738 0.001414
23.454739 0.001116
23.459740 0.000572
23.464741 0.000186
23.469742 -0.000208
23.474743 -0.000734
23.479744 -0.000883
23.484745 -0.000936
23.489746 -0.001067
23.494747 -0.001050
23.499748 -0.000646
23.504749 -0.000296
23.509750 -0.000076
23.514751 0.000178
23.519752 0.000555
23.524753 0.000879
23.529754 0.000888
23.534755 0.001090
23.539756 0.001221
23.544757 0.001177
23.549758 0.000879
23.554759 0.000511
23.559761 0.000274
23.564762 -0.000217
23.569763 -0.000681
23.574764 -0.001190
23.579765 -0.001532
23.584766 -0.001777
23.589767 -0.002259
23.594768 -0.002487
23.599769 -0.002636
23.604770 -0.002794
23.609771 -0.002873
23.614772 -0.002890
23.619773 -0.002592
23.624774 -0.002277
23.629775 -0.002215
23.634776 -0.002022
23.639777 -0.001567
23.644778 -0.001207
23.649779 -0.001128
23.654780 -0.000891
23.659781 -0.000471
23.664782 -0.000181
23.669783 -0.000146
23.674784 -0.000085
23.679785 0.000239
23.684786 0.000187
23.689787 -0.000295
23.694788 -0.000541
23.699789 -0.000804
23.704790 -0.001137
23.709791 -0.001382
23.714792 -0.001724
23.719793 -0.001856
23.724794 -0.001900
23.729795 -0.002057
23.734796 -0.001970
23.739797 -0.001742
23.744798 -0.001575
23.749799 -0.001295
23.754800 -0.000944
23.759801 -0.000304
23.764802 0.000336
23.769803 0.000616
23.774804 0.001327
23.779805 0.001958
23.784806 0.002308
23.789807 0.002791
23.794808 0.002905
23.799809 0.002931
23.804810 0.002861
23.809811 0.002624
23.814812 0.002414
23.819813 0.002133
23.824814 0.001747
23.829815 0.001239
23.834816 0.000862
23.839817 0.000722
23.844818 0.000582
23.849819 0.000424
23.854820 0.000336
23.859821 0.000573
23.864822 0.000932
23.869823 0.001002
23.874824 0.001222
23.879825 0.001274
23.884826 0.001397
23.889827 0.001616
23.894828 0.001485
23.899829 0.001449
23.904830 0.001187
23.909831 0.000967
23.914832 0.000520
23.919833 0.000231
23.924834 0.000170
23.929835 -0.000453
23.934836 -0.000987
23.939837 -0.001400
23.944838 -0.001286
23.949839 -0.001373
23.954840 -0.001794
23.959841 -0.001470
23.964842 -0.001215
23.969843 -0.001145
23.974844 -0.000909
23.979845 -0.000602
23.984846 -0.000172
23.989847 0.000126
23.994848 0.000441
23.999849 0.001239
24.004850 0.001862
24.009851 0.002046
24.014852 0.002493
24.019853 0.002703
24.024854 0.002651
24.029855 0.002677
24.034857 0.002361
24.039858 0.002195
24.044859 0.001914
24.049860 0.001511
24.054861 0.001134
24.059862 0.000538
24.064863 0.000003
24.069864 -0.000637
24.074865 -0.001145
24.079866 -0.001504
24.084867 -0.001908
24.089868 -0.002381
24.094869 -0.002741
24.099870 -0.002881
24.104871 -0.002907
24.109872 -0.002740
24.114873 -0.002802
24.119874 -0.002723
24.124875 -0.002469
24.129876 -0.002495
24.134877 -0.002451
24.139878 -0.002346
24.144879 -0.002232
24.149880 -0.002214
24.154881 -0.002337
24.159882 -0.002197
24.164883 -0.002048
24.169884 -0.002241
24.174885 -0.002495
24.179886 -0.002723
24.184887 -0.002635
24.189888 -0.002512
24.194889 -0.002600
24.199890 -0.002162
24.204891 -0.001890
24.209892 -0.001767
24.214893 -0.001346
24.219894 -0.000934
24.224895 -0.000216
24.229896 0.000267
24.234897 0.000661
24.239898 0.001432
24.244899 0.002011
24.249900 0.002344
24.254901 0.002669
24.259902 0.002984
24.264903 0.003414
24.269904 0.003545
24.274905 0.003335
24.279906 0.003309
24.284907 0.003046
24.289908 0.002712
24.294909 0.002292
24.299910 0.001766
24.304911 0.001468
24.309912 0.001319
24.314913 0.001073
24.319914 0.000530
24.324915 0.000372
24.329916 0.000232
24.334917 0.000048
24.339918 0.000170
24.344919 0.000223
24.349920 0.000188
24.354921 0.000170
24.359922 0.000267
24.364923 0.000363
24.369924 0.000460
24.374925 0.000556
24.379926 0.000758
24.384927 0.001135
24.389928 0.001310
24.394929 0.001301
24.399930 0.001538
24.404931 0.001661
24.409932 0.001564
24.414933 0.001573
24.419934 0.001687
24.424935 0.001757
24.429936 0.001652
24.434937 0.001389
24.439938 0.000933
24.444939 0.000591
24.449940 0.000092
24.454941 -0.000373
24.459942 -0.000645
24.464943 -0.000995
24.469944 -0.001180
24.474945 -0.001565
24.479946 -0.001758
24.484947 -0.001592
24.489948 -0.001548
24.494949 -0.001653
24.499950 -0.001478
24.504951 -0.001109
24.509953 -0.001118
24.514954 -0.000820
24.519955 -0.000259
24.524956 0.000030
24.529957 0.000188
24.534958 0.000188
24.539959 0.000258
24.544960 0.000530
24.549961 0.000556
24.554962 0.000530
24.559963 0.000679
24.564964 0.000732
24.569965 0.000705
24.574966 0.000793
24.579967 0.001021
24.584968 0.000986
24.589969 0.000819
24.594970 0.000872
24.599971 0.000723
24.604972 0.000434
24.609973 0.000311
24.614974 -0.000013
24.619975 -0.000373
24.624976 -0.000566
24.629977 -0.001109
24.634978 -0.001714
24.639979 -0.002012
24.644980 -0.002503
24.649981 -0.002880
24.654982 -0.003064
24.659983 -0.003204
24.664984 -0.002994
24.669985 -0.002915
24.674986 -0.002906
24.679987 -0.002556
24.684988 -0.002222
24.689989 -0.001968
24.694990 -0.001530
24.699991 -0.001232
24.704992 -0.000890
24.709993 -0.000566
24.714994 -0.000522
24.719995 -0.000259
24.724996 -0.000048
24.729997 0.000197
24.734998 0.000232
24.739999 0.000443
24.745000 0.000811
