0.000000 0.000000
0.005001 -0.001656
0.010002 -0.000710
0.015003 0.001965
0.020004 0.000703
0.025005 -0.001183
0.030006 -0.001237
0.035007 0.002200
0.040008 -0.000308
0.045009 -0.001322
0.050010 0.001297
0.055011 0.000490
0.060012 -0.000834
0.065013 -0.001076
0.070014 0.001566
0.075015 0.000204
0.080016 -0.000863
0.085017 -0.000281
0.090018 -0.000327
0.095019 0.001531
0.100020 -0.000026
0.105021 -0.001289
0.110022 -0.000307
0.115023 0.001526
0.120024 -0.000668
0.125025 -0.001602
0.130026 0.001079
0.135027 0.000073
0.140028 0.000381
0.145029 -0.001741
0.150030 -0.000062
0.155031 0.002101
0.160032 -0.001594
0.165033 -0.001210
0.170034 0.001450
0.175035 0.001056
0.180036 -0.001008
0.185037 0.000047
0.190038 -0.000951
0.195039 0.001705
0.200040 0.001060
0.205041 -0.002832
0.210042 0.001754
0.215043 0.000760
0.220044 -0.000777
0.225045 -0.000885
0.230046 -0.000259
0.235047 0.002305
0.240048 -0.000585
0.245049 -0.001831
0.250050 0.000830
0.255051 0.001419
0.260052 -0.001004
0.265053 -0.001238
0.270054 0.000843
0.275055 0.000610
0.280056 0.000279
0.285057 -0.000465
0.290058 -0.002172
0.295059 0.002362
0.300060 0.000693
0.305061 -0.003323
0.310062 0.002255
0.315063 0.000489
0.320064 -0.001178
0.325065 0.000147
0.330066 -0.000074
0.335067 0.001019
0.340068 -0.000093
0.345069 -0.000563
0.350070 -0.000888
0.355071 0.001273
0.360072 0.000236
0.365073 -0.001327
0.370074 0.000834
0.375075 -0.000319
0.380076 -0.000036
0.385077 -0.000763
0.390078 0.000584
0.395079 0.001189
0.400080 -0.001832
0.405081 0.000775
0.410082 0.000193
0.415083 -0.000154
0.420084 0.000285
0.425085 -0.001253
0.430086 0.000665
0.435087 0.000535
0.440088 -0.000085
0.445089 -0.000215
0.450090 -0.000549
0.455091 0.000312
0.460092 0.000050
0.465093 -0.000986
0.470094 0.000494
0.475095 0.001213
0.480096 -0.000319
0.485097 -0.001896
0.490098 -0.000068
0.495099 0.002606
0.500100 -0.001325
0.505101 -0.001549
0.510102 0.001323
0.515103 0.000771
0.520104 -0.000160
0.525105 -0.001574
0.530106 0.000008
0.535107 0.001423
0.540108 0.000211
0.545109 -0.002318
0.550110 0.000239
0.555111 0.002640
0.560112 -0.001461
0.565113 -0.000508
0.570114 -0.000416
0.575115 0.000816
0.580116 -0.000115
0.585117 -0.002237
0.590118 0.001841
0.595119 -0.000056
0.600120 0.000258
0.605121 -0.001139
0.610122 -0.000569
0.615123 0.002484
0.620124 -0.000948
0.625125 -0.001279
0.630126 -0.000603
0.635127 0.001660
0.640128 -0.000673
0.645129 -0.001343
0.650130 0.000792
0.655131 0.000265
0.660132 0.000352
0.665133 -0.001505
0.670134 0.000710
0.675135 0.000463
0.680136 -0.000359
0.685137 -0.000334
0.690138 -0.001013
0.695139 0.001604
0.700140 0.000045
0.705141 -0.002642
0.710142 0.000462
0.715143 0.002288
0.720144 -0.001276
0.725145 -0.001745
0.730146 0.000395
0.735147 0.001456
0.740148 -0.000982
0.745149 -0.002125
0.750150 0.001327
0.755151 0.001156
0.760152 -0.001491
0.765153 -0.000757
0.770154 0.001555
0.775155 -0.000447
0.780156 -0.000594
0.785157 0.000207
0.790158 -0.000846
0.795159 0.001263
0.800160 -0.000140
0.805161 -0.000913
0.810162 0.001146
0.815163 -0.000233
0.820164 -0.000875
0.825165 -0.000566
0.830166 0.000505
0.835167 0.001651
0.840168 -0.001450
0.845169 -0.001427
0.850170 0.001281
0.855171 0.000241
0.860172 0.000170
0.865173 -0.001578
0.870174 -0.000430
0.875175 0.001878
0.880176 -0.001063
0.885177 -0.000977
0.890178 0.000861
0.895179 0.000216
0.900180 -0.001097
0.905181 0.000114
0.910182 -0.000170
0.915183 0.000980
0.920184 0.000010
0.925185 -0.002249
0.930186 0.001982
0.935187 0.000098
0.940188 -0.001048
0.945189 0.000202
0.950190 -0.000523
0.955191 0.000907
0.960192 -0.000018
0.965193 -0.001852
0.970194 0.000409
0.975195 0.002068
0.980196 -0.002144
0.985197 -0.000635
0.990198 0.001206
0.995199 0.000095
1.000200 -0.000054
1.005201 -0.001540
1.010202 0.000600
1.015203 0.001016
1.020204 0.000220
1.025205 -0.001586
1.030206 -0.000561
1.035207 0.001734
1.040208 -0.000993
1.045209 -0.000294
1.050210 0.000034
1.055211 -0.000030
1.060212 0.000526
1.065213 -0.000993
1.070214 -0.000218
1.075215 0.000712
1.080216 0.000058
1.085217 -0.001009
1.090218 -0.000492
1.095219 0.001527
1.100220 0.000200
1.105221 -0.002158
1.110222 0.000804
1.115223 0.001365
1.120224 -0.001364
1.125225 0.000305
1.130226 -0.000423
1.135228 0.000634
1.140229 0.000946
1.145230 -0.002312
1.150231 0.001278
1.155232 0.001385
1.160233 -0.000658
1.165234 -0.001155
1.170235 0.000050
1.175236 0.002599
1.180237 -0.000275
1.185238 -0.001494
1.190239 -0.000190
1.195240 0.002278
1.200241 -0.000587
1.205242 -0.002370
1.210243 0.002547
1.215244 -0.000089
1.220245 -0.000971
1.225246 -0.000008
1.230247 -0.000120
1.235248 0.001238
1.240249 -0.001344
1.245250 -0.000610
1.250251 0.000697
1.255252 0.000727
1.260253 0.000300
1.265254 -0.001547
1.270255 0.000152
1.275256 0.001045
1.280257 -0.000695
1.285258 -0.000643
1.290259 -0.000047
1.295260 0.001561
1.300261 0.001020
1.305262 -0.002596
1.310263 0.000880
1.315264 0.001385
1.320265 -0.001140
1.325266 -0.000404
1.330267 -0.000802
1.335268 0.002262
1.340269 -0.000956
1.345270 -0.000831
1.350271 0.001509
1.355272 -0.000965
1.360273 0.000452
1.365274 -0.001627
1.370275 0.001594
1.375276 0.001230
1.380277 -0.001578
1.385278 0.000129
1.390279 -0.001071
1.395280 0.001708
1.400281 -0.001077
1.405282 -0.001461
1.410283 0.001621
1.415284 0.000566
1.420285 -0.000097
1.425286 -0.002400
1.430287 0.001185
1.435288 0.001333
1.440289 -0.001523
1.445290 0.000028
1.450291 0.000111
1.455292 0.000573
1.460293 -0.000589
1.465294 -0.000510
1.470295 -0.000007
1.475296 0.001087
1.480297 0.000152
1.485298 -0.002442
1.490299 0.000989
1.495300 0.001641
1.500301 -0.001218
1.505302 -0.002426
1.510303 0.002032
1.515304 0.001670
1.520305 -0.002014
1.525306 0.000800
1.530307 -0.000998
1.535308 0.000970
1.540309 0.001373
1.545310 -0.002938
1.550311 0.000584
1.555312 0.002274
1.560313 -0.000467
1.565314 -0.001536
1.570315 0.000237
1.575316 0.002106
1.580317 -0.000459
1.585318 -0.000856
1.590319 0.000706
1.595320 0.000422
1.600321 0.000169
1.605322 -0.002042
1.610323 0.001516
1.615324 0.001659
1.620325 -0.002063
1.625326 -0.000280
1.630327 0.000875
1.635328 0.001202
1.640329 -0.000764
1.645330 -0.000270
1.650331 0.000175
1.655332 0.001292
1.660333 -0.000464
1.665334 -0.002423
1.670335 0.002257
1.675336 0.000995
1.680337 -0.001046
1.685338 -0.001023
1.690339 0.001412
1.695340 0.000752
1.700341 -0.002100
1.705342 0.000633
1.710343 0.000146
1.715344 0.001321
1.720345 -0.000304
1.725346 -0.002085
1.730347 0.001987
1.735348 0.000442
1.740349 -0.000412
1.745350 -0.000916
1.750351 0.000304
1.755352 0.001769
1.760353 -0.001685
1.765354 -0.000450
1.770355 0.000131
1.775356 0.001013
1.780357 0.000039
1.785358 -0.001965
1.790359 0.001538
1.795360 -0.000141
1.800361 -0.001263
1.805362 0.000358
1.810363 -0.000475
1.815364 0.001187
1.820365 0.000048
1.825366 -0.002487
1.830367 0.001324
1.835368 0.001278
1.840369 -0.000871
1.845370 -0.000652
1.850371 -0.000602
1.855372 0.002114
1.860373 -0.000877
1.865374 -0.001368
1.870375 0.001188
1.875376 0.000263
1.880377 -0.000034
1.885378 -0.001609
1.890379 0.001167
1.895380 0.001189
1.900381 -0.000775
1.905382 -0.001325
1.910383 0.000248
1.915384 0.001835
1.920385 -0.001740
1.925386 0.000054
1.930387 0.000611
1.935388 0.000823
1.940389 -0.000305
1.945390 -0.001718
1.950391 0.001848
1.955392 -0.000018
1.960393 -0.000002
1.965394 -0.000503
1.970395 -0.000519
1.975396 0.002168
1.980397 -0.000702
1.985398 -0.001179
1.990399 0.001147
1.995400 0.000531
2.000401 -0.000600
2.005402 -0.000879
2.010403 0.000598
2.015404 0.001614
2.020405 -0.001301
2.025406 -0.000914
2.030407 0.001098
2.035408 0.000275
2.040409 0.000013
2.045410 -0.000624
2.050411 0.000185
2.055412 0.000798
2.060413 -0.000632
2.065414 -0.001027
2.070415 0.000548
2.075416 0.001544
2.080417 -0.000119
2.085418 -0.002152
2.090419 -0.000087
2.095420 0.002163
2.100421 -0.001124
2.105422 -0.001171
2.110423 0.001295
2.115424 0.000492
2.120425 -0.000616
2.125426 -0.000715
2.130427 -0.000275
2.135428 0.000568
2.140429 0.000538
2.145430 -0.001622
2.150431 0.000511
2.155432 0.001105
2.160433 -0.000965
2.165434 -0.000054
2.170435 0.000090
2.175436 0.000848
2.180437 -0.000670
2.185438 -0.000566
2.190439 0.000320
2.195440 0.000157
2.200441 0.000444
2.205442 -0.000880
2.210443 -0.000134
2.215444 -0.000303
2.220445 0.000586
2.225446 -0.000352
2.230447 0.000042
2.235448 0.001483
2.240449 -0.001285
2.245450 -0.000819
2.250451 -0.000588
2.255452 0.000910
2.260453 0.000367
2.265454 -0.001397
2.270455 0.000230
2.275456 0.001119
2.280457 -0.001036
2.285458 -0.000791
2.290459 0.001078
2.295460 -0.000494
2.300461 0.000693
2.305462 -0.001276
2.310463 -0.000104
2.315464 0.001737
2.320465 -0.001218
2.325466 -0.000777
2.330467 0.000571
2.335468 0.001123
2.340469 -0.000596
2.345470 -0.000051
2.350471 -0.000045
2.355472 -0.000487
2.360473 -0.000251
2.365474 0.000676
2.370475 0.000481
2.375476 -0.000973
2.380477 0.000597
2.385478 -0.002042
2.390479 0.000621
2.395480 0.002191
2.400481 -0.002422
2.405482 -0.000061
2.410483 0.000255
2.415484 0.001135
2.420485 -0.000864
2.425486 -0.001635
2.430487 0.001792
2.435488 -0.000093
2.440489 0.000175
2.445490 -0.000880
2.450491 0.000152
2.455492 0.001293
2.460493 -0.001212
2.465494 -0.000441
2.470495 0.000255
2.475496 0.000458
2.480497 0.000524
2.485498 -0.001537
2.490499 0.000441
2.495500 0.000958
2.500501 -0.001071
2.505502 0.000347
2.510503 -0.000443
2.515504 0.001453
2.520505 -0.001488
2.525506 -0.001922
2.530507 0.001511
2.535508 -0.000165
2.540509 0.000078
2.545510 -0.002377
2.550511 0.001318
2.555512 0.001446
2.560513 -0.002109
2.565514 0.000515
2.570515 -0.000713
2.575516 -0.000047
2.580517 0.000502
2.585518 -0.001319
2.590519 -0.000356
2.595520 0.001088
2.600521 0.000002
2.605522 -0.001228
2.610523 -0.000191
2.615524 0.001251
2.620525 -0.000242
2.625526 -0.002244
2.630527 0.000853
2.635528 0.001515
2.640529 -0.001869
2.645530 -0.000488
2.650531 0.001411
2.655532 -0.000062
2.660533 -0.000056
2.665534 -0.000775
2.670535 -0.000590
2.675536 0.001968
2.680537 -0.000924
2.685538 -0.000802
2.690539 -0.000028
2.695540 0.000262
2.700541 0.001277
2.705542 -0.002916
2.710543 0.001002
2.715544 0.001027
2.720545 -0.000729
2.725546 -0.000217
2.730547 -0.000666
2.735548 0.001994
2.740549 -0.001546
2.745550 -0.000304
2.750551 0.000615
2.755552 0.000860
2.760553 0.000053
2.765554 -0.001438
2.770555 0.001574
2.775556 -0.000190
2.780557 -0.000137
2.785558 -0.000576
2.790559 -0.000335
2.795560 0.001835
2.800561 -0.001325
2.805562 -0.002202
2.810563 0.002741
2.815564 0.001043
2.820565 -0.002387
2.825566 -0.000152
2.830567 0.000337
2.835568 0.000865
2.840569 -0.001242
2.845570 -0.000384
2.850571 0.001364
2.855572 -0.000532
2.860573 -0.000231
2.865574 -0.001304
2.870575 0.000701
2.875576 0.001107
2.880577 -0.001381
2.885578 -0.000994
2.890579 0.000220
2.895580 0.000311
2.900581 -0.000512
2.905582 -0.000613
2.910583 0.000230
2.915584 0.001083
2.920585 -0.001520
2.925586 -0.000078
2.930587 0.000016
2.935588 -0.000163
2.940589 0.000179
2.945590 -0.002076
2.950591 0.001787
2.955592 -0.000087
2.960593 -0.000603
2.965594 -0.000701
2.970595 -0.000935
2.975596 0.002801
2.980597 -0.001797
2.985598 -0.001679
2.990599 0.002389
2.995600 0.000811
3.000601 -0.002268
3.005602 -0.000981
3.010603 0.001203
3.015604 0.001154
3.020605 -0.000033
3.025606 -0.002247
3.030607 0.000879
3.035608 0.001246
3.040609 -0.001419
3.045610 -0.000686
3.050611 0.000773
3.055612 0.000193
3.060613 -0.001030
3.065614 -0.000190
3.070615 -0.000123
3.075616 0.000184
3.080617 0.000440
3.085618 -0.000318
3.090619 -0.000814
3.095620 0.001330
3.100621 -0.000462
3.105622 -0.001833
3.110623 0.001875
3.115624 0.000736
3.120625 -0.001333
3.125626 -0.000391
3.130627 0.001414
3.135628 -0.000903
3.140629 -0.000697
3.145630 0.000482
3.150631 -0.000248
3.155632 0.001631
3.160633 -0.001176
3.165634 -0.001271
3.170635 0.001654
3.175636 0.000512
3.180637 -0.001322
3.185638 -0.000087
3.190639 0.000760
3.195640 -0.000203
3.200641 -0.000087
3.205642 -0.000997
3.210643 0.000746
3.215644 0.001022
3.220645 -0.001390
3.225646 -0.000663
3.230647 0.000683
3.235648 0.000525
3.240649 -0.000866
3.245650 -0.000218
3.250651 0.000655
3.255652 -0.000229
3.260653 0.000248
3.265654 -0.000821
3.270655 -0.000231
3.275656 0.001216
3.280657 -0.001632
3.285658 -0.000050
3.290659 0.000301
3.295660 -0.000191
3.300661 0.000217
3.305662 -0.002149
3.310663 0.000971
3.315664 0.000794
3.320665 -0.001630
3.325666 -0.000900
3.330667 0.001348
3.335668 -0.000718
3.340669 -0.001264
3.345670 0.001123
3.350671 -0.001298
3.355672 0.001264
3.360673 -0.001118
3.365674 -0.000792
3.370675 0.001008
3.375676 0.000033
3.380677 0.000708
3.385678 -0.002464
3.390679 0.001297
3.395680 0.000973
3.400681 -0.001570
3.405683 -0.000458
3.410684 0.001150
3.415685 0.000884
3.420686 -0.001469
3.425687 -0.000211
3.430688 0.000037
3.435689 0.001268
3.440690 -0.000797
3.445691 -0.001616
3.450692 0.001388
3.455693 0.001143
3.460694 -0.000866
3.465695 -0.001715
3.470696 0.001924
3.475697 0.000525
3.480698 -0.002107
3.485699 0.000273
3.490700 0.000267
3.495701 0.000179
3.500702 0.000166
3.505703 -0.000607
3.510704 -0.000910
3.515705 0.000852
3.520706 0.000306
3.525707 -0.001110
3.530708 0.000591
3.535709 -0.000113
3.540710 0.000140
3.545711 -0.000505
3.550712 -0.000246
3.555713 0.000660
3.560714 -0.000613
3.565715 -0.001579
3.570716 0.000468
3.575717 0.003209
3.580718 -0.002851
3.585719 -0.000542
3.590720 0.001802
3.595721 -0.001408
3.600722 0.000953
3.605723 -0.002064
3.610724 0.001385
3.615725 0.001642
3.620726 -0.002962
3.625727 0.000195
3.630728 0.000547
3.635729 0.000588
3.640730 -0.001031
3.645731 -0.001131
3.650732 0.001457
3.655733 0.000063
3.660734 -0.000575
3.665735 -0.000870
3.670736 0.000238
3.675737 0.001324
3.680738 -0.001441
3.685739 -0.000907
3.690740 0.000475
3.695741 0.001186
3.700742 -0.000095
3.705743 -0.001809
3.710744 0.001063
3.715745 0.000749
3.720746 -0.000852
3.725747 -0.001007
3.730748 0.000851
3.735749 0.001086
3.740750 -0.001432
3.745751 -0.000387
3.750752 0.000887
3.755753 0.000347
3.760754 -0.001008
3.765755 -0.000316
3.770756 0.000392
3.775757 0.000777
3.780758 -0.000607
3.785759 -0.001439
3.790760 0.001379
3.795761 0.000025
3.800762 -0.001129
3.805763 0.000012
3.810764 0.000548
3.815765 0.000573
3.820766 -0.001113
3.825767 -0.001355
3.830768 0.001691
3.835769 0.000788
3.840770 -0.001649
3.845771 -0.000048
3.850772 0.000223
3.855773 0.000939
3.860774 -0.000999
3.865775 -0.001285
3.870776 0.001364
3.875777 0.000787
3.880778 -0.000590
3.885779 -0.001606
3.890780 0.001224
3.895781 0.000108
3.900782 -0.000554
3.905783 -0.000366
3.910784 -0.001165
3.915785 0.002753
3.920786 -0.001188
3.925787 -0.001274
3.930788 0.002205
3.935789 -0.000440
3.940790 -0.000349
3.945791 -0.001502
3.950792 0.000804
3.955793 0.001415
3.960794 -0.001715
3.965795 0.000082
3.970796 0.000362
3.975797 0.000930
3.980798 0.000091
3.985799 -0.002645
3.990800 0.000930
3.995801 0.001665
4.000802 -0.000561
4.005803 -0.000749
4.010804 -0.001144
4.015805 0.002135
4.020806 -0.000963
4.025807 -0.001336
4.030808 0.001691
4.035809 -0.000268
4.040810 0.000276
4.045811 -0.001600
4.050812 0.001289
4.055813 0.000644
4.060814 -0.001853
4.065815 -0.000177
4.070816 0.000192
4.075817 0.001277
4.080818 -0.001026
4.085819 -0.001009
4.090820 0.000494
4.095821 0.000872
4.100822 -0.000978
4.105823 -0.000712
4.110824 0.000789
4.115825 -0.000183
4.120826 -0.000408
4.125827 -0.000958
4.130828 0.001175
4.135829 0.000102
4.140830 -0.001803
4.145831 0.000754
4.150832 -0.000453
4.155833 0.000630
4.160834 -0.000077
4.165835 -0.002208
4.170836 0.001769
4.175837 0.000618
4.180838 -0.001018
4.185839 -0.001092
4.190840 0.000919
4.195841 0.000597
4.200842 -0.000658
4.205843 0.000071
4.210844 -0.000481
4.215845 0.002492
4.220846 -0.001630
4.225847 -0.001282
4.230848 0.002251
4.235849 -0.000172
4.240850 -0.000750
4.245851 -0.001104
4.250852 0.002091
4.255853 0.000561
4.260854 -0.001708
4.265855 0.000074
4.270856 0.000037
4.275857 0.001249
4.280858 -0.001019
4.285859 -0.000667
4.290860 0.001947
4.295861 -0.000145
4.300862 -0.000563
4.305863 -0.000929
4.310864 0.000099
4.315865 0.001212
4.320866 -0.001095
4.325867 -0.000974
4.330868 0.000767
4.335869 0.000273
4.340870 0.000063
4.345871 -0.001067
4.350872 0.000171
4.355873 0.000981
4.360874 -0.000393
4.365875 -0.000217
4.370876 -0.001334
4.375877 0.002669
4.380878 -0.000538
4.385879 -0.003370
4.390880 0.002840
4.395881 0.000006
4.400882 -0.001450
4.405883 0.000283
4.410884 0.000960
4.415885 0.000691
4.420886 -0.001652
4.425887 0.000261
4.430888 0.000826
4.435889 0.000428
4.440890 0.000191
4.445891 -0.001845
4.450892 0.001323
4.455893 0.000727
4.460894 -0.001506
4.465895 0.000308
4.470896 -0.000014
4.475897 0.001249
4.480898 -0.000047
4.485899 -0.001127
4.490900 0.000731
4.495901 0.000638
4.500902 -0.000619
4.505903 -0.000338
4.510904 0.001191
4.515905 0.000042
4.520906 -0.001006
4.525907 -0.000032
4.530908 0.000201
4.535909 0.000706
4.540910 0.000027
4.545911 -0.001089
4.550912 0.000396
4.555913 0.000629
4.560914 0.000386
4.565915 -0.001483
4.570916 0.000857
4.575917 0.001659
4.580918 -0.002020
4.585919 0.000269
4.590920 0.000591
4.595921 0.000918
4.600922 -0.000470
4.605923 -0.001532
4.610924 0.001164
4.615925 0.001024
4.620926 -0.000984
4.625927 -0.001021
4.630928 0.000854
4.635929 0.000191
4.640930 -0.000667
4.645931 -0.000433
4.650932 0.000902
4.655933 0.000498
4.660934 -0.001416
4.665935 0.000075
4.670936 0.001443
4.675937 0.000174
4.680938 0.000053
4.685939 -0.001185
4.690940 -0.000193
4.695941 0.001974
4.700942 -0.000734
4.705943 -0.000695
4.710944 0.000240
4.715945 0.001243
4.720946 0.000688
4.725947 -0.000678
4.730948 0.001078
4.735949 0.001111
4.740950 -0.000512
4.745951 -0.000240
4.750952 0.000601
4.755953 0.000112
4.760954 -0.000218
4.765955 -0.001711
4.770956 0.000164
4.775957 0.000807
4.780958 -0.000071
4.785959 -0.000375
4.790960 -0.000159
4.795961 0.002269
4.800962 -0.000893
4.805963 0.000101
4.810964 0.001144
4.815965 0.000624
4.820966 -0.000022
4.825967 -0.002424
4.830968 0.002484
4.835969 0.000451
4.840970 -0.001919
4.845971 -0.000819
4.850972 -0.000170
4.855973 0.002298
4.860974 -0.002575
4.865975 -0.002743
4.870976 -0.000427
4.875977 -0.001278
4.880978 -0.000718
4.885979 0.000521
4.890980 0.001895
4.895981 -0.000567
4.900982 -0.002990
4.905983 -0.002653
4.910984 0.000575
4.915985 0.002666
4.920986 0.000302
4.925987 -0.001086
4.930988 -0.001161
4.935989 -0.003502
4.940990 -0.002872
4.945991 -0.001433
4.950992 0.001163
4.955993 0.003791
4.960994 -0.001253
4.965995 -0.002075
4.970996 0.000262
4.975997 0.001347
4.980998 0.003476
4.985999 0.002825
4.991000 0.003509
4.996001 0.000839
5.001002 -0.003140
5.006003 -0.002781
5.011004 -0.003850
5.016005 -0.003392
5.021006 -0.005082
5.026007 -0.004726
5.031008 -0.000844
5.036009 0.000053
5.041010 0.003108
5.046011 0.004184
5.051012 0.004453
5.056013 0.003511
5.061014 0.005674
5.066015 0.008068
5.071016 0.008483
5.076017 0.007665
5.081018 -0.001637
5.086019 -0.006257
5.091020 -0.010734
5.096021 -0.011008
5.101022 -0.005702
5.106023 -0.006516
5.111024 -0.005771
5.116025 -0.005976
5.121026 -0.004261
5.126027 0.001248
5.131028 0.003515
5.136029 0.004254
5.141030 0.000624
5.146031 -0.003833
5.151032 0.002711
5.156033 0.008777
5.161034 0.009223
5.166035 0.007115
5.171036 0.000871
5.176037 -0.007482
5.181038 -0.015577
5.186039 -0.016087
5.191040 -0.007105
5.196041 0.010750
5.201042 0.015617
5.206043 0.003919
5.211044 -0.004778
5.216045 -0.011548
5.221046 -0.008886
5.226047 0.008355
5.231048 0.027106
5.236049 0.023224
5.241050 0.001631
5.246051 -0.014088
5.251052 -0.016538
5.256053 -0.003969
5.261054 0.005770
5.266055 0.007701
5.271056 0.001743
5.276057 -0.016595
5.281058 -0.028842
5.286059 -0.020988
5.291060 0.001905
5.296061 0.016947
5.301062 0.013627
5.306063 0.003697
5.311064 0.002625
5.316065 0.012875
5.321066 0.024657
5.326067 0.030022
5.331068 0.019263
5.336069 -0.000116
5.341070 -0.013182
5.346071 -0.011877
5.351072 -0.006255
5.356073 -0.005876
5.361074 -0.011402
5.366075 -0.022391
5.371076 -0.020676
5.376077 -0.010381
5.381078 0.002402
5.386079 0.014178
5.391080 0.012882
5.396081 0.002937
5.401082 -0.003173
5.406083 0.007552
5.411084 0.019981
5.416085 0.016679
5.421086 0.001004
5.426087 -0.017577
5.431088 -0.023333
5.436089 -0.011665
5.441090 0.004824
5.446091 0.006286
5.451092 -0.005808
5.456093 -0.011908
5.461094 -0.004705
5.466095 0.013742
5.471096 0.029737
5.476097 0.027248
5.481098 0.009884
5.486099 -0.005194
5.491100 -0.011270
5.496101 -0.009473
5.501102 -0.007124
5.506103 -0.007359
5.511104 -0.009552
5.516105 -0.022074
5.521106 -0.028919
5.526107 -0.022469
5.531108 -0.010419
5.536109 -0.000486
5.541110 0.002351
5.546111 0.011789
5.551112 0.019147
5.556113 0.019691
5.561114 0.016799
5.566115 0.013808
5.571116 0.015708
5.576117 0.010910
5.581118 0.005508
5.586119 0.007447
5.591120 0.007877
5.596121 -0.004434
5.601122 -0.019253
5.606123 -0.024088
5.611124 -0.016748
5.616125 -0.002539
5.621126 0.000031
5.626127 -0.001015
5.631128 0.001272
5.636129 0.001430
5.641130 0.001875
5.646131 0.007126
5.651132 0.013647
5.656133 0.009675
5.661134 -0.003375
5.666135 -0.010161
5.671137 -0.005485
5.676138 -0.005459
5.681139 -0.010736
5.686140 -0.011157
5.691141 -0.005840
5.696142 -0.006480
5.701143 -0.010316
5.706144 -0.004695
5.711145 0.002463
5.716146 0.008037
5.721147 0.007546
5.726148 0.005981
5.731149 0.007248
5.736150 0.006115
5.741151 0.001609
5.746152 -0.007170
5.751153 -0.009758
5.756154 -0.011749
5.761155 -0.015849
5.766156 -0.010168
5.771157 -0.009778
5.776158 -0.014000
5.781159 -0.008696
5.786160 -0.007097
5.791161 -0.007901
5.796162 -0.005127
5.801163 -0.000261
5.806164 0.008396
5.811165 0.010244
5.816166 0.004741
5.821167 0.001223
5.826168 0.003521
5.831169 0.007881
5.836170 0.011420
5.841171 0.011150
5.846172 0.008589
5.851173 0.011394
5.856174 0.006607
5.861175 -0.001046
5.866176 -0.000578
5.871177 0.002175
5.876178 0.006022
5.881179 0.005122
5.886180 -0.000138
5.891181 -0.006795
5.896182 -0.013399
5.901183 -0.011994
5.906184 0.006511
5.911185 0.024950
5.916186 0.022613
5.921187 0.005893
5.926188 -0.008818
5.931189 -0.011673
5.936190 -0.010769
5.941191 -0.010625
5.946192 -0.002200
5.951193 0.008251
5.956194 0.003468
5.961195 -0.005658
5.966196 -0.006152
5.971197 0.001280
5.976198 0.011892
5.981199 0.016629
5.986200 0.018059
5.991201 0.013238
5.996202 0.000195
6.001203 -0.009830
6.006204 -0.010381
6.011205 -0.007289
6.016206 -0.004079
6.021207 -0.006619
6.026208 -0.015832
6.031209 -0.018765
6.036210 -0.019651
6.041211 -0.015609
6.046212 -0.007959
6.051213 -0.003316
6.056214 0.004981
6.061215 0.010907
6.066216 0.017311
6.071217 0.018312
6.076218 0.015395
6.081219 0.011139
6.086220 0.002199
6.091221 -0.000427
6.096222 -0.003238
6.101223 -0.003300
6.106224 -0.004431
6.111225 -0.006451
6.116226 -0.010144
6.121227 -0.018293
6.126228 -0.013956
6.131229 -0.003474
6.136230 0.011415
6.141231 0.023037
6.146232 0.021484
6.151233 0.014875
6.156234 0.001495
6.161235 -0.012378
6.166236 -0.011232
6.171237 -0.002894
6.176238 -0.001222
6.181239 -0.009007
6.186240 -0.021530
6.191241 -0.020806
6.196242 -0.009034
6.201243 0.003279
6.206244 0.012024
6.211245 0.009502
6.216246 0.002582
6.221247 -0.002249
6.226248 -0.006225
6.231249 -0.004766
6.236250 0.001926
6.241251 0.002887
6.246252 -0.001235
6.251253 -0.002369
6.256254 -0.003937
6.261255 -0.005669
6.266256 -0.006623
6.271257 -0.010600
6.276258 -0.013667
6.281259 -0.010590
6.286260 -0.005876
6.291261 -0.002221
6.296262 -0.003476
6.301263 -0.010124
6.306264 -0.017270
6.311265 -0.021961
6.316266 -0.015319
6.321267 -0.004450
6.326268 0.009605
6.331269 0.015836
6.336270 0.005274
6.341271 -0.004466
6.346272 -0.004098
6.351273 0.007177
6.356274 0.009060
6.361275 0.002675
6.366276 -0.003758
6.371277 -0.006468
6.376278 -0.006376
6.381279 -0.007766
6.386280 0.001802
6.391281 0.010904
6.396282 0.013000
6.401283 0.005442
6.406284 -0.007263
6.411285 -0.016886
6.416286 -0.019623
6.421287 -0.008367
6.426288 0.005110
6.431289 0.014929
6.436290 0.007474
6.441291 -0.009960
6.446292 -0.016546
6.451293 -0.014044
6.456294 -0.002877
6.461295 0.004545
6.466296 0.010960
6.471297 0.022029
6.476298 0.034472
6.481299 0.040537
6.486300 0.036236
6.491301 0.030846
6.496302 0.022855
6.501303 0.017085
6.506304 0.016662
6.511305 0.015923
6.516306 0.005464
6.521307 -0.010526
6.526308 -0.019922
6.531309 -0.016470
6.536310 -0.005303
6.541311 0.004311
6.546312 0.014314
6.551313 0.013185
6.556314 0.000543
6.561315 -0.007988
6.566316 -0.005487
6.571317 0.003539
6.576318 0.006013
6.581319 -0.003121
6.586320 -0.012656
6.591321 -0.014547
6.596322 -0.008712
6.601323 -0.001730
6.606324 -0.005159
6.611325 -0.020544
6.616326 -0.037190
6.621327 -0.040315
6.626328 -0.029070
6.631329 -0.009687
6.636330 -0.000851
6.641331 -0.007876
6.646332 -0.020161
6.651333 -0.026328
6.656334 -0.023144
6.661335 -0.022924
6.666336 -0.019379
6.671337 -0.017336
6.676338 -0.015951
6.681339 -0.009417
6.686340 -0.002462
6.691341 0.007448
6.696342 0.014096
6.701343 0.019049
6.706344 0.029474
6.711345 0.045215
6.716346 0.055677
6.721347 0.058199
6.726348 0.055018
6.731349 0.048382
6.736350 0.044023
6.741351 0.035762
6.746352 0.028454
6.751353 0.018395
6.756354 -0.003184
6.761355 -0.021076
6.766356 -0.027204
6.771357 -0.021811
6.776358 -0.018588
6.781359 -0.025498
6.786360 -0.031086
6.791361 -0.029877
6.796362 -0.026858
6.801363 -0.028130
6.806364 -0.027201
6.811365 -0.027039
6.816366 -0.023624
6.821367 -0.016088
6.826368 -0.010966
6.831369 -0.007109
6.836370 -0.012056
6.841371 -0.017276
6.846372 -0.012994
6.851373 0.002348
6.856374 0.021904
6.861375 0.038425
6.866376 0.047976
6.871377 0.048488
6.876378 0.046648
6.881379 0.038752
6.886380 0.027166
6.891381 0.013950
6.896382 -0.004856
6.901383 -0.026069
6.906384 -0.046296
6.911385 -0.060827
6.916386 -0.073952
6.921387 -0.085508
6.926388 -0.091774
6.931389 -0.091693
6.936390 -0.078461
6.941391 -0.056844
6.946392 -0.029981
6.951393 -0.011322
6.956394 -0.010002
6.961395 -0.015419
6.966396 -0.018127
6.971397 -0.005730
6.976398 0.013628
6.981399 0.029538
6.986400 0.035455
6.991401 0.032013
6.996402 0.027664
7.001403 0.028275
7.006404 0.037711
7.011405 0.040721
7.016406 0.034432
7.021407 0.021915
7.026408 0.010542
7.031409 0.010066
7.036410 0.013732
7.041411 0.011604
7.046412 0.002197
7.051413 -0.011268
7.056414 -0.022716
7.061415 -0.020364
7.066416 -0.008278
7.071417 0.007286
7.076418 0.013748
7.081419 0.014136
7.086420 0.024970
7.091421 0.049356
7.096422 0.087489
7.101423 0.129201
7.106424 0.170245
7.111425 0.207981
7.116426 0.240696
7.121427 0.268573
7.126428 0.298450
7.131429 0.324986
7.136430 0.338545
7.141431 0.340000
7.146432 0.323236
7.151433 0.295826
7.156434 0.254649
7.161435 0.208271
7.166436 0.169288
7.171437 0.121491
7.176438 0.073222
7.181439 0.034022
7.186440 0.002067
7.191441 -0.017085
7.196442 -0.032551
7.201443 -0.048384
7.206444 -0.068885
7.211445 -0.096071
7.216446 -0.122609
7.221447 -0.151118
7.226448 -0.170292
7.231449 -0.188057
7.236450 -0.210866
7.241451 -0.229567
7.246452 -0.254107
7.251453 -0.280095
7.256454 -0.302326
7.261455 -0.313249
7.266456 -0.316364
7.271457 -0.309742
7.276458 -0.288623
7.281459 -0.264369
7.286460 -0.227564
7.291461 -0.194227
7.296462 -0.172595
7.301463 -0.155977
7.306464 -0.143647
7.311465 -0.121322
7.316466 -0.100204
7.321467 -0.080426
7.326468 -0.060464
7.331469 -0.051790
7.336470 -0.051432
7.341471 -0.054645
7.346472 -0.057158
7.351473 -0.067949
7.356474 -0.089818
7.361475 -0.113334
7.366476 -0.130201
7.371477 -0.133846
7.376478 -0.122154
7.381479 -0.095660
7.386480 -0.059396
7.391481 -0.019753
7.396482 0.009812
7.401483 0.029966
7.406484 0.047140
7.411485 0.053172
7.416486 0.054472
7.421487 0.054557
7.426488 0.055506
7.431489 0.062875
7.436490 0.072567
7.441491 0.094538
7.446492 0.125097
7.451493 0.155600
7.456494 0.183202
7.461495 0.195596
7.466496 0.200577
7.471497 0.200694
7.476498 0.195850
7.481499 0.188356
7.486500 0.179670
7.491501 0.176993
7.496502 0.170097
7.501503 0.160656
7.506504 0.148313
7.511505 0.127941
7.516506 0.101553
7.521507 0.064867
7.526508 0.033000
7.531509 0.010554
7.536510 -0.007159
7.541511 -0.015910
7.546512 -0.018162
7.551513 -0.018592
7.556514 -0.022098
7.561515 -0.027681
7.566516 -0.033090
7.571517 -0.034932
7.576518 -0.032885
7.581519 -0.027218
7.586520 -0.018897
7.591521 -0.008084
7.596522 0.002327
7.601523 0.009142
7.606524 0.015369
7.611525 0.014521
7.616526 0.010713
7.621527 -0.000020
7.626528 -0.019796
7.631529 -0.036780
7.636530 -0.061966
7.641531 -0.088667
7.646532 -0.102844
7.651533 -0.114622
7.656534 -0.121148
7.661535 -0.122309
7.666536 -0.124197
7.671537 -0.121602
7.676538 -0.117937
7.681539 -0.107397
7.686540 -0.088521
7.691541 -0.067960
7.696542 -0.046603
7.701543 -0.029212
7.706544 -0.012562
7.711545 0.005466
7.716546 0.022209
7.721547 0.038872
7.726548 0.056511
7.731549 0.070977
7.736550 0.078291
7.741551 0.077794
7.746552 0.073108
7.751553 0.061461
7.756554 0.042330
7.761555 0.017904
7.766556 -0.008563
7.771557 -0.025126
7.776558 -0.038117
7.781559 -0.048733
7.786560 -0.052213
7.791561 -0.057428
7.796562 -0.059126
7.801563 -0.053721
7.806564 -0.043501
7.811565 -0.021519
7.816566 0.003188
7.821567 0.021468
7.826568 0.041943
7.831569 0.059607
7.836570 0.071084
7.841571 0.080876
7.846572 0.085639
7.851573 0.087610
7.856574 0.085916
7.861575 0.078110
7.866576 0.071790
7.871577 0.063747
7.876578 0.052920
7.881579 0.043145
7.886580 0.032529
7.891581 0.029304
7.896582 0.025760
7.901583 0.022842
7.906584 0.023091
7.911585 0.018255
7.916586 0.010551
7.921587 -0.006100
7.926588 -0.022288
7.931589 -0.033853
7.936590 -0.045307
7.941592 -0.050825
7.946593 -0.049412
7.951594 -0.045053
7.956595 -0.042104
7.961596 -0.040457
7.966597 -0.036683
7.971598 -0.028750
7.976599 -0.016111
7.981600 0.002760
7.986601 0.025323
7.991602 0.045414
7.996603 0.059774
8.001604 0.071242
8.006605 0.079281
8.011606 0.086928
8.016607 0.088747
8.021608 0.086918
8.026609 0.087013
8.031610 0.073957
8.036611 0.056502
8.041612 0.035579
8.046613 0.016616
8.051614 0.004687
8.056615 -0.008978
8.061616 -0.012483
8.066617 -0.014934
8.071618 -0.015318
8.076619 -0.013225
8.081620 -0.014796
8.086621 -0.012607
8.091622 -0.013050
8.096623 -0.018389
8.101624 -0.029316
8.106625 -0.037346
8.111626 -0.037810
8.116627 -0.038800
8.121628 -0.037490
8.126629 -0.033119
8.131630 -0.029429
8.136631 -0.027037
8.141632 -0.026944
8.146633 -0.023007
8.151634 -0.016240
8.156635 -0.011306
8.161636 -0.005410
8.166637 0.000615
8.171638 0.007975
8.176639 0.009412
8.181640 0.003615
8.186641 -0.006962
8.191642 -0.020165
8.196643 -0.032250
8.201644 -0.046090
8.206645 -0.057328
8.211646 -0.064003
8.216647 -0.068702
8.221648 -0.071744
8.226649 -0.063198
8.231650 -0.050170
8.236651 -0.037145
8.241652 -0.022435
8.246653 -0.006780
8.251654 0.011809
8.256655 0.020398
8.261656 0.032384
8.266657 0.039524
8.271658 0.043149
8.276659 0.048627
8.281660 0.041466
8.286661 0.038300
8.291662 0.032041
8.296663 0.023608
8.301664 0.017289
8.306665 0.015231
8.311666 0.019629
8.316667 0.024839
8.321668 0.030777
8.326669 0.030488
8.331670 0.029870
8.336671 0.026399
8.341672 0.020111
8.346673 0.015121
8.351674 0.010364
8.356675 0.001709
8.361676 -0.012422
8.366677 -0.025368
8.371678 -0.038823
8.376679 -0.047612
8.381680 -0.056943
8.386681 -0.064975
8.391682 -0.065668
8.396683 -0.068256
8.401684 -0.064667
8.406685 -0.056709
8.411686 -0.041326
8.416687 -0.022977
8.421688 -0.009318
8.426689 0.011939
8.431690 0.029370
8.436691 0.043541
8.441692 0.052182
8.446693 0.055644
8.451694 0.056455
8.456695 0.048224
8.461696 0.037809
8.466697 0.024605
8.471698 0.015566
8.476699 0.003038
8.481700 -0.013126
8.486701 -0.024797
8.491702 -0.036228
8.496703 -0.045434
8.501704 -0.050959
8.506705 -0.049956
8.511706 -0.047729
8.516707 -0.046516
8.521708 -0.047856
8.526709 -0.050694
8.531710 -0.050765
8.536711 -0.051382
8.541712 -0.049621
8.546713 -0.040508
8.551714 -0.026100
8.556715 -0.012173
8.561716 0.002404
8.566717 0.018294
8.571718 0.031499
8.576719 0.039069
8.581720 0.037610
8.586721 0.035081
8.591722 0.032760
8.596723 0.023823
8.601724 0.014371
8.606725 0.008445
8.611726 0.005665
8.616727 0.002779
8.621728 -0.001494
8.626729 -0.001364
8.631730 -0.002936
8.636731 -0.008475
8.641732 -0.011233
8.646733 -0.017087
8.651734 -0.021372
8.656735 -0.019311
8.661736 -0.016823
8.666737 -0.008377
8.671738 0.005732
8.676739 0.016434
8.681740 0.023089
8.686741 0.028507
8.691742 0.032463
8.696743 0.034261
8.701744 0.035360
8.706745 0.035791
8.711746 0.037217
8.716747 0.036623
8.721748 0.027341
8.726749 0.020398
8.731750 0.014045
8.736751 0.003177
8.741752 -0.005266
8.746753 -0.012527
8.751754 -0.017683
8.756755 -0.023277
8.761756 -0.021238
8.766757 -0.012550
8.771758 0.000278
8.776759 0.016884
8.781760 0.029178
8.786761 0.045434
8.791762 0.058612
8.796763 0.063878
8.801764 0.064135
8.806765 0.062021
8.811766 0.055285
8.816767 0.039098
8.821768 0.021534
8.826769 0.003665
8.831770 -0.008880
8.836771 -0.017346
8.841772 -0.019147
8.846773 -0.010813
8.851774 0.000097
8.856775 0.010984
8.861776 0.016507
8.866777 0.022933
8.871778 0.030079
8.876779 0.033513
8.881780 0.039575
8.886781 0.046037
8.891782 0.053088
8.896783 0.054959
8.901784 0.047659
8.906785 0.041878
8.911786 0.032710
8.916787 0.018017
8.921788 0.004505
8.926789 -0.005472
8.931790 -0.010703
8.936791 -0.010608
8.941792 -0.007265
8.946793 -0.001937
8.951794 0.007391
8.956795 0.008667
8.961796 0.005886
8.966797 0.005700
8.971798 0.001772
8.976799 -0.000512
8.981800 -0.005508
8.986801 -0.013407
8.991802 -0.021171
8.996803 -0.032762
9.001804 -0.042009
9.006805 -0.048681
9.011806 -0.051705
9.016807 -0.052091
9.021808 -0.059614
9.026809 -0.065768
9.031810 -0.068029
9.036811 -0.075037
9.041812 -0.081446
9.046813 -0.080660
9.051814 -0.078257
9.056815 -0.074927
9.061816 -0.066421
9.066817 -0.056083
9.071818 -0.042199
9.076819 -0.031842
9.081820 -0.024589
9.086821 -0.011551
9.091822 0.000541
9.096823 0.011947
9.101824 0.020605
9.106825 0.029844
9.111826 0.043205
9.116827 0.047153
9.121828 0.043264
9.126829 0.035162
9.131830 0.021754
9.136831 0.005289
9.141832 -0.016339
9.146833 -0.032523
9.151834 -0.043441
9.156835 -0.056896
9.161836 -0.065950
9.166837 -0.069203
9.171838 -0.069497
9.176839 -0.071030
9.181840 -0.067306
9.186841 -0.054687
9.191842 -0.041744
9.196843 -0.024382
9.201844 -0.002325
9.206845 0.020636
9.211846 0.044663
9.216847 0.063111
9.221848 0.077546
9.226849 0.088606
9.231850 0.094510
9.236851 0.096162
9.241852 0.093237
9.246853 0.087263
9.251854 0.080138
9.256855 0.070202
9.261856 0.051991
9.266857 0.038373
9.271858 0.024830
9.276859 0.009490
9.281860 0.002205
9.286861 -0.006479
9.291862 -0.010531
9.296863 -0.015059
9.301864 -0.022162
9.306865 -0.025049
9.311866 -0.025228
9.316867 -0.023173
9.321868 -0.017559
9.326869 -0.006895
9.331870 0.003750
9.336871 0.012896
9.341872 0.017545
9.346873 0.022746
9.351874 0.027426
9.356875 0.027337
9.361876 0.025675
9.366877 0.025342
9.371878 0.024305
9.376879 0.017900
9.381880 0.010552
9.386881 0.000969
9.391882 -0.005879
9.396883 -0.012795
9.401884 -0.022002
9.406885 -0.023537
9.411886 -0.021084
9.416887 -0.020051
9.421888 -0.019258
9.426889 -0.015556
9.431890 -0.012305
9.436891 -0.010271
9.441892 -0.011649
9.446893 -0.013436
9.451894 -0.010498
9.456895 -0.013085
9.461896 -0.019418
9.466897 -0.022320
9.471898 -0.022991
9.476899 -0.022249
9.481900 -0.020994
9.486901 -0.013736
9.491902 -0.001718
9.496903 0.009058
9.501904 0.017938
9.506905 0.028880
9.511906 0.039488
9.516907 0.041804
9.521908 0.041427
9.526909 0.036019
9.531910 0.025032
9.536911 0.007251
9.541912 -0.012626
9.546913 -0.027397
9.551914 -0.042082
9.556915 -0.048997
9.561916 -0.051372
9.566917 -0.046112
9.571918 -0.032643
9.576919 -0.018727
9.581920 -0.003351
9.586921 0.012841
9.591922 0.031625
9.596923 0.041968
9.601924 0.045029
9.606925 0.047356
9.611926 0.041439
9.616927 0.030950
9.621928 0.018613
9.626929 0.009397
9.631930 0.005408
9.636931 -0.001825
9.641932 -0.003086
9.646933 -0.001519
9.651934 0.003576
9.656935 0.013114
9.661936 0.015347
9.666937 0.024835
9.671938 0.029340
9.676939 0.027577
9.681940 0.027981
9.686941 0.021280
9.691942 0.019667
9.696943 0.011547
9.701944 -0.003764
9.706945 -0.011814
9.711946 -0.020489
9.716947 -0.034371
9.721948 -0.041606
9.726949 -0.044075
9.731950 -0.044972
9.736951 -0.038842
9.741952 -0.035201
9.746953 -0.021839
9.751954 -0.007446
9.756955 0.002580
9.761956 0.013063
9.766957 0.016416
9.771958 0.024145
9.776959 0.023734
9.781960 0.019667
9.786961 0.016899
9.791962 0.008199
9.796963 -0.003118
9.801964 -0.018459
9.806965 -0.029920
9.811966 -0.039947
9.816967 -0.048846
9.821968 -0.051569
9.826969 -0.050152
9.831970 -0.048148
9.836971 -0.043209
9.841972 -0.039571
9.846973 -0.038450
9.851974 -0.034214
9.856975 -0.035335
9.861976 -0.036861
9.866977 -0.036788
9.871978 -0.038917
9.876979 -0.037538
9.881980 -0.035125
9.886981 -0.030443
9.891982 -0.021309
9.896983 -0.010600
9.901984 -0.002197
9.906985 0.008420
9.911986 0.021808
9.916987 0.028876
9.921988 0.035982
9.926989 0.044554
9.931990 0.049356
9.936991 0.049515
9.941992 0.045120
9.946993 0.038709
9.951994 0.033284
9.956995 0.025411
9.961996 0.013614
9.966997 0.005663
9.971998 -0.000390
9.976999 -0.006417
9.982000 -0.009906
9.987001 -0.007178
9.992002 -0.001829
9.997003 0.002891
10.002004 0.011509
10.007005 0.021347
10.012006 0.029887
10.017007 0.040470
10.022008 0.049576
10.027009 0.054757
10.032010 0.061566
10.037011 0.063412
10.042012 0.060482
10.047013 0.058719
10.052014 0.056589
10.057015 0.050597
10.062016 0.041850
10.067017 0.037335
10.072018 0.030397
10.077019 0.022515
10.082020 0.016082
10.087021 0.006973
10.092022 0.004012
10.097023 -0.000332
10.102024 -0.006935
10.107025 -0.007584
10.112026 -0.013052
10.117027 -0.020208
10.122028 -0.027190
10.127029 -0.037273
10.132030 -0.042151
10.137031 -0.050755
10.142032 -0.064292
10.147033 -0.068505
10.152034 -0.075202
10.157035 -0.083719
10.162036 -0.085088
10.167037 -0.085665
10.172038 -0.077328
10.177039 -0.066975
10.182040 -0.054245
10.187041 -0.033476
10.192042 -0.014370
10.197043 0.006251
10.202044 0.020644
10.207046 0.034209
10.212047 0.049318
10.217048 0.051729
10.222049 0.049214
10.227050 0.045427
10.232051 0.038138
10.237052 0.027918
10.242053 0.016208
10.247054 0.008071
10.252055 0.003188
10.257056 -0.003597
10.262057 -0.010359
10.267058 -0.012618
10.272059 -0.015075
10.277060 -0.015305
10.282061 -0.014580
10.287062 -0.014125
10.292063 -0.008710
10.297064 -0.007032
10.302065 -0.006592
10.307066 -0.003302
10.312067 0.001594
10.317068 0.004615
10.322069 0.006003
10.327070 0.012693
10.332071 0.017862
10.337072 0.021109
10.342073 0.024789
10.347074 0.030082
10.352075 0.036323
10.357076 0.038519
10.362077 0.039702
10.367078 0.043325
10.372079 0.045460
10.377080 0.045450
10.382081 0.042561
10.387082 0.038071
10.392083 0.033384
10.397084 0.022990
10.402085 0.011663
10.407086 0.001521
10.412087 -0.007516
10.417088 -0.017509
10.422089 -0.028253
10.427090 -0.034285
10.432091 -0.038116
10.437092 -0.041657
10.442093 -0.043695
10.447094 -0.041019
10.452095 -0.036701
10.457096 -0.035218
10.462097 -0.029524
10.467098 -0.021124
10.472099 -0.015938
10.477100 -0.008094
10.482101 -0.003959
10.487102 0.000097
10.492103 0.009292
10.497104 0.013168
10.502105 0.012371
10.507106 0.014816
10.512107 0.019106
10.517108 0.014968
10.522109 0.013844
10.527110 0.013201
10.532111 0.008390
10.537112 0.004713
10.542113 -0.002876
10.547114 -0.007358
10.552115 -0.011041
10.557116 -0.016713
10.562117 -0.024686
10.567118 -0.028257
10.572119 -0.032204
10.577120 -0.038962
10.582121 -0.040423
10.587122 -0.042168
10.592123 -0.039113
10.597124 -0.034895
10.602125 -0.029646
10.607126 -0.022719
10.612127 -0.012656
10.617128 0.000488
10.622129 0.009541
10.627130 0.021099
10.632131 0.034568
10.637132 0.043533
10.642133 0.047383
10.647134 0.051239
10.652135 0.050845
10.657136 0.048776
10.662137 0.044727
10.667138 0.036318
10.672139 0.034462
10.677140 0.027452
10.682141 0.019361
10.687142 0.016958
10.692143 0.012988
10.697144 0.010881
10.702145 0.006322
10.707146 0.003506
10.712147 0.002869
10.717148 -0.002833
10.722149 -0.013353
10.727150 -0.020034
10.732151 -0.024739
10.737152 -0.034720
10.742153 -0.038492
10.747154 -0.039730
10.752155 -0.038255
10.757156 -0.032213
10.762157 -0.027653
10.767158 -0.016407
10.772159 -0.001050
10.777160 0.011588
10.782161 0.024044
10.787162 0.040036
10.792163 0.052054
10.797164 0.059277
10.802165 0.063963
10.807166 0.067048
10.812167 0.068912
10.817168 0.062339
10.822169 0.054466
10.827170 0.043787
10.832171 0.031439
10.837172 0.017560
10.842173 -0.001919
10.847174 -0.017968
10.852175 -0.031026
10.857176 -0.044685
10.862177 -0.058577
10.867178 -0.065074
10.872179 -0.069517
10.877180 -0.074311
10.882181 -0.076139
10.887182 -0.075372
10.892183 -0.068082
10.897184 -0.066547
10.902185 -0.062355
10.907186 -0.052844
10.912187 -0.047068
10.917188 -0.038900
10.922189 -0.032072
10.927190 -0.023184
10.932191 -0.013217
10.937192 -0.004655
10.942193 0.003817
10.947194 0.013466
10.952195 0.022671
10.957196 0.026985
10.962197 0.030954
10.967198 0.032464
10.972199 0.033532
10.977200 0.031944
10.982201 0.023319
10.987202 0.020290
10.992203 0.016083
10.997204 0.004373
11.002205 -0.003656
11.007206 -0.010183
11.012207 -0.015430
11.017208 -0.023007
11.022209 -0.029258
11.027210 -0.028674
11.032211 -0.031449
11.037212 -0.031370
11.042213 -0.028707
11.047214 -0.026647
11.052215 -0.018368
11.057216 -0.010923
11.062217 -0.004648
11.067218 0.006563
11.072219 0.016861
11.077220 0.026832
11.082221 0.036085
11.087222 0.042416
11.092223 0.051160
11.097224 0.054260
11.102225 0.054028
11.107226 0.056148
11.112227 0.054987
11.117228 0.052056
11.122229 0.047774
11.127230 0.045647
11.132231 0.044650
11.137232 0.040173
11.142233 0.036021
11.147234 0.034399
11.152235 0.029734
11.157236 0.022997
11.162237 0.017399
11.167238 0.008987
11.172239 0.001377
11.177240 -0.006346
11.182241 -0.014645
11.187242 -0.020420
11.192243 -0.022363
11.197244 -0.022808
11.202245 -0.025640
11.207246 -0.021715
11.212247 -0.016660
11.217248 -0.016454
11.222249 -0.013911
11.227250 -0.011874
11.232251 -0.013390
11.237252 -0.014062
11.242253 -0.017564
11.247254 -0.023232
11.252255 -0.023672
11.257256 -0.028968
11.262257 -0.034529
11.267258 -0.036352
11.272259 -0.036413
11.277260 -0.037043
11.282261 -0.041533
11.287262 -0.040712
11.292263 -0.041408
11.297264 -0.044469
11.302265 -0.046201
11.307266 -0.048210
11.312267 -0.048549
11.317268 -0.052304
11.322269 -0.057713
11.327270 -0.057496
11.332271 -0.057371
11.337272 -0.057102
11.342273 -0.056221
11.347274 -0.052084
11.352275 -0.042388
11.357276 -0.037793
11.362277 -0.027902
11.367278 -0.016793
11.372279 -0.004473
11.377280 0.009102
11.382281 0.016607
11.387282 0.031990
11.392283 0.044099
11.397284 0.050888
11.402285 0.058685
11.407286 0.064188
11.412287 0.068204
11.417288 0.071088
11.422289 0.069077
11.427290 0.067375
11.432291 0.068853
11.437292 0.061364
11.442293 0.057070
11.447294 0.056872
11.452295 0.055758
11.457296 0.055742
11.462297 0.057053
11.467298 0.062403
11.472299 0.067599
11.477300 0.072274
11.482301 0.071721
11.487302 0.074098
11.492303 0.075204
11.497304 0.069969
11.502305 0.066271
11.507306 0.060226
11.512307 0.054357
11.517308 0.048023
11.522309 0.039035
11.527310 0.033097
11.532311 0.029870
11.537312 0.022653
11.542313 0.017105
11.547314 0.015386
11.552315 0.013276
11.557316 0.009542
11.562317 0.007789
11.567318 0.006387
11.572319 0.002554
11.577320 -0.002371
11.582321 -0.010960
11.587322 -0.017945
11.592323 -0.026093
11.597324 -0.033108
11.602325 -0.041666
11.607326 -0.049266
11.612327 -0.049316
11.617328 -0.052933
11.622329 -0.053321
11.627330 -0.049047
11.632331 -0.045193
11.637332 -0.041304
11.642333 -0.040626
11.647334 -0.039601
11.652335 -0.038003
11.657336 -0.040078
11.662337 -0.045980
11.667338 -0.052261
11.672339 -0.056088
11.677340 -0.061925
11.682341 -0.067267
11.687342 -0.069125
11.692343 -0.068726
11.697344 -0.067618
11.702345 -0.067482
11.707346 -0.062000
11.712347 -0.055157
11.717348 -0.050804
11.722349 -0.044882
11.727350 -0.038323
11.732351 -0.031345
11.737352 -0.024746
11.742353 -0.022589
11.747354 -0.016676
11.752355 -0.011246
11.757356 -0.012038
11.762357 -0.009012
11.767358 -0.008766
11.772359 -0.007780
11.777360 -0.007872
11.782361 -0.008059
11.787362 -0.004249
11.792363 -0.002586
11.797364 0.004460
11.802365 0.009434
11.807366 0.016546
11.812367 0.026756
11.817368 0.030733
11.822369 0.038104
11.827370 0.044335
11.832371 0.047426
11.837372 0.049266
11.842373 0.046126
11.847374 0.041928
11.852375 0.037044
11.857376 0.025355
11.862377 0.014781
11.867378 0.008016
11.872379 -0.001150
11.877380 -0.008166
11.882381 -0.013661
11.887382 -0.014615
11.892383 -0.014109
11.897384 -0.013447
11.902385 -0.009829
11.907386 -0.004383
11.912387 0.002551
11.917388 0.008321
11.922389 0.012893
11.927390 0.018044
11.932391 0.024402
11.937392 0.027569
11.942393 0.030762
11.947394 0.034593
11.952395 0.040069
11.957396 0.044303
11.962397 0.044561
11.967398 0.048554
11.972399 0.052096
11.977400 0.051029
11.982401 0.047544
11.987402 0.045628
11.992403 0.042488
11.997404 0.031057
12.002405 0.022575
12.007406 0.017398
12.012407 0.008051
12.017408 0.000336
12.022409 -0.009217
12.027410 -0.013860
12.032411 -0.016750
12.037412 -0.021828
12.042413 -0.024235
12.047414 -0.025049
12.052415 -0.021752
12.057416 -0.022445
12.062417 -0.018955
12.067418 -0.013463
12.072419 -0.008342
12.077420 0.001458
12.082421 0.008591
12.087422 0.019084
12.092423 0.026275
12.097424 0.033877
12.102425 0.042011
12.107426 0.043931
12.112427 0.048705
12.117428 0.048249
12.122429 0.047536
12.127430 0.044927
12.132431 0.039177
12.137432 0.036960
12.142433 0.026226
12.147434 0.020049
12.152435 0.013858
12.157436 -0.000266
12.162437 -0.008462
12.167438 -0.019160
12.172439 -0.027815
12.177440 -0.036121
12.182441 -0.050515
12.187442 -0.058847
12.192443 -0.067471
12.197444 -0.082313
12.202445 -0.093177
12.207446 -0.099644
12.212447 -0.106695
12.217448 -0.113637
12.222449 -0.119995
12.227450 -0.118126
12.232451 -0.112362
12.237452 -0.108246
12.242453 -0.099642
12.247454 -0.086499
12.252455 -0.070202
12.257456 -0.054944
12.262457 -0.039652
12.267458 -0.021505
12.272459 -0.004864
12.277460 0.005143
12.282461 0.014738
12.287462 0.025161
12.292463 0.029759
12.297464 0.030867
12.302465 0.030944
12.307466 0.027668
12.312467 0.024339
12.317468 0.017519
12.322469 0.006408
12.327470 0.002159
12.332471 -0.003342
12.337472 -0.010314
12.342473 -0.013371
12.347474 -0.013197
12.352475 -0.012001
12.357476 -0.010467
12.362477 -0.003522
12.367478 0.001412
12.372479 0.010053
12.377480 0.020757
12.382481 0.027669
12.387482 0.039134
12.392483 0.051647
12.397484 0.060840
12.402485 0.066593
12.407486 0.075212
12.412487 0.084877
12.417488 0.091024
12.422489 0.096635
12.427490 0.103073
12.432491 0.109701
12.437492 0.110499
12.442493 0.108958
12.447494 0.107841
12.452495 0.104023
12.457496 0.094803
12.462497 0.082528
12.467498 0.072633
12.472499 0.058853
12.477501 0.043451
12.482502 0.029902
12.487503 0.019177
12.492504 0.011367
12.497505 -0.000480
12.502506 -0.005833
12.507507 -0.005264
12.512508 -0.006507
12.517509 -0.002524
12.522510 -0.001445
12.527511 0.000324
12.532512 0.005023
12.537513 0.003665
12.542514 0.001561
12.547515 -0.002532
12.552516 -0.004826
12.557517 -0.011345
12.562518 -0.022042
12.567519 -0.028505
12.572520 -0.036742
12.577521 -0.046279
12.582522 -0.055689
12.587523 -0.059571
12.592524 -0.063226
12.597525 -0.066019
12.602526 -0.066260
12.607527 -0.065439
12.612528 -0.060058
12.617529 -0.057188
12.622530 -0.053852
12.627531 -0.049716
12.632532 -0.043073
12.637533 -0.038603
12.642534 -0.037929
12.647535 -0.035640
12.652536 -0.035539
12.657537 -0.038089
12.662538 -0.043748
12.667539 -0.045158
12.672540 -0.048318
12.677541 -0.053380
12.682542 -0.054880
12.687543 -0.054805
12.692544 -0.052687
12.697545 -0.051194
12.702546 -0.048912
12.707547 -0.045354
12.712548 -0.036327
12.717549 -0.031472
12.722550 -0.026904
12.727551 -0.017553
12.732552 -0.010700
12.737553 -0.004214
12.742554 -0.000078
12.747555 0.006146
12.752556 0.010562
12.757557 0.012829
12.762558 0.014556
12.767559 0.018293
12.772560 0.022606
12.777561 0.023697
12.782562 0.026999
12.787563 0.030215
12.792564 0.033265
12.797565 0.036362
12.802566 0.035513
12.807567 0.036088
12.812568 0.039579
12.817569 0.035471
12.822570 0.032776
12.827571 0.030970
12.832572 0.028952
12.837573 0.026487
12.842574 0.019691
12.847575 0.019871
12.852576 0.020342
12.857577 0.018961
12.862578 0.016712
12.867579 0.019474
12.872580 0.021498
12.877581 0.018654
12.882582 0.020834
12.887583 0.019162
12.892584 0.019835
12.897585 0.019000
12.902586 0.015316
12.907587 0.017228
12.912588 0.015319
12.917589 0.015178
12.922590 0.015045
12.927591 0.013538
12.932592 0.017888
12.937593 0.018970
12.942594 0.016477
12.947595 0.020221
12.952596 0.024359
12.957597 0.022840
12.962598 0.024619
12.967599 0.024279
12.972600 0.023815
12.977601 0.024169
12.982602 0.017849
12.987603 0.015250
12.992604 0.011669
12.997605 0.005138
13.002606 -0.002416
13.007607 -0.007779
13.012608 -0.011714
13.017609 -0.018319
13.022610 -0.022378
13.027611 -0.026182
13.032612 -0.027025
13.037613 -0.029438
13.042614 -0.030534
13.047615 -0.029930
13.052616 -0.026449
13.057617 -0.022741
13.062618 -0.024259
13.067619 -0.016132
13.072620 -0.011614
13.077621 -0.008498
13.082622 -0.002547
13.087623 0.000433
13.092624 0.009144
13.097625 0.011210
13.102626 0.012466
13.107627 0.017976
13.112628 0.019631
13.117629 0.020811
13.122630 0.018197
13.127631 0.018148
13.132632 0.019323
13.137633 0.014068
13.142634 0.011086
13.147635 0.008276
13.152636 0.006377
13.157637 0.002341
13.162638 -0.003929
13.167639 -0.004640
13.172640 -0.006998
13.177641 -0.008846
13.182642 -0.011572
13.187643 -0.012666
13.192644 -0.008372
13.197645 -0.008866
13.202646 -0.008541
13.207647 -0.005238
13.212648 -0.003493
13.217649 -0.001462
13.222650 -0.001947
13.227651 -0.000703
13.232652 0.001393
13.237653 0.000896
13.242654 -0.000196
13.247655 0.000557
13.252656 0.003821
13.257657 0.003124
13.262658 0.003368
13.267659 0.005519
13.272660 0.008446
13.277661 0.009991
13.282662 0.010527
13.287663 0.014586
13.292664 0.015854
13.297665 0.017923
13.302666 0.018948
13.307667 0.019918
13.312668 0.023444
13.317669 0.022493
13.322670 0.019350
13.327671 0.018209
13.332672 0.017035
13.337673 0.012513
13.342674 0.006979
13.347675 0.002212
13.352676 -0.000035
13.357677 -0.004710
13.362678 -0.013005
13.367679 -0.016115
13.372680 -0.018606
13.377681 -0.023899
13.382682 -0.028468
13.387683 -0.031309
13.392684 -0.031805
13.397685 -0.033620
13.402686 -0.035035
13.407687 -0.031892
13.412688 -0.028494
13.417689 -0.026122
13.422690 -0.022764
13.427691 -0.015644
13.432692 -0.010149
13.437693 -0.008558
13.442694 -0.003805
13.447695 -0.000995
13.452696 0.003401
13.457697 0.003364
13.462698 -0.000328
13.467699 0.003775
13.472700 0.002444
13.477701 0.000299
13.482702 -0.002110
13.487703 -0.004521
13.492704 -0.002904
13.497705 -0.007347
13.502706 -0.011823
13.507707 -0.012424
13.512708 -0.013247
13.517709 -0.017289
13.522710 -0.021174
13.527711 -0.020663
13.532712 -0.021324
13.537713 -0.022237
13.542714 -0.023068
13.547715 -0.022461
13.552716 -0.017570
13.557717 -0.016621
13.562718 -0.013850
13.567719 -0.009100
13.572720 -0.005715
13.577721 0.000124
13.582722 -0.000627
13.587723 0.000927
13.592724 0.006298
13.597725 0.002278
13.602726 -0.000564
13.607727 -0.000903
13.612728 -0.004628
13.617729 -0.006484
13.622730 -0.009551
13.627731 -0.011089
13.632732 -0.009190
13.637733 -0.009610
13.642734 -0.009113
13.647735 -0.005095
13.652736 -0.000152
13.657737 0.002728
13.662738 0.005097
13.667739 0.007760
13.672740 0.011427
13.677741 0.014279
13.682742 0.011695
13.687743 0.012462
13.692744 0.015680
13.697745 0.013589
13.702746 0.011784
13.707747 0.014321
13.712748 0.014943
13.717749 0.013487
13.722750 0.016149
13.727751 0.015610
13.732752 0.018024
13.737753 0.019363
13.742754 0.016553
13.747755 0.019859
13.752756 0.018361
13.757757 0.017920
13.762758 0.016652
13.767759 0.014518
13.772760 0.015349
13.777761 0.010421
13.782762 0.008875
13.787763 0.008328
13.792764 0.006199
13.797765 0.004847
13.802766 0.003778
13.807767 0.004859
13.812768 0.004496
13.817769 0.005688
13.822770 0.005861
13.827771 0.005404
13.832772 0.008917
13.837773 0.008443
13.842774 0.007067
13.847775 0.007004
13.852776 0.005976
13.857777 0.004893
13.862778 0.001080
13.867779 0.000370
13.872780 0.001251
13.877781 -0.003225
13.882782 -0.005782
13.887783 -0.003974
13.892784 -0.005745
13.897785 -0.007132
13.902786 -0.009536
13.907787 -0.012247
13.912788 -0.009912
13.917789 -0.013901
13.922790 -0.016992
13.927791 -0.014848
13.932792 -0.014900
13.937793 -0.014280
13.942794 -0.015338
13.947795 -0.012735
13.952796 -0.007013
13.957797 -0.007991
13.962798 -0.006590
13.967799 -0.001548
13.972800 0.002303
13.977801 0.004401
13.982802 0.003422
13.987803 0.007578
13.992804 0.008872
13.997805 0.007510
14.002806 0.005687
14.007807 0.004049
14.012808 0.005507
14.017809 0.000918
14.022810 -0.000625
14.027811 -0.001219
14.032812 0.000690
14.037813 0.002391
14.042814 -0.000241
14.047815 0.003162
14.052816 0.007313
14.057817 0.008967
14.062818 0.007225
14.067819 0.011218
14.072820 0.015053
14.077821 0.011964
14.082822 0.012763
14.087823 0.014354
14.092824 0.013173
14.097825 0.012316
14.102826 0.010656
14.107827 0.009863
14.112828 0.011213
14.117829 0.009628
14.122830 0.010177
14.127831 0.010688
14.132832 0.012467
14.137833 0.014350
14.142834 0.012895
14.147835 0.014524
14.152836 0.016548
14.157837 0.015883
14.162838 0.012030
14.167839 0.011562
14.172840 0.010327
14.177841 0.005187
14.182842 0.001890
14.187843 -0.000328
14.192844 -0.003880
14.197845 -0.007494
14.202846 -0.010000
14.207847 -0.012373
14.212848 -0.011274
14.217849 -0.014035
14.222850 -0.015596
14.227851 -0.013159
14.232852 -0.013652
14.237853 -0.010946
14.242854 -0.011037
14.247855 -0.011048
14.252856 -0.008123
14.257857 -0.008104
14.262858 -0.008946
14.267859 -0.007158
14.272860 -0.005819
14.277861 -0.009034
14.282862 -0.010404
14.287863 -0.010126
14.292864 -0.009011
14.297865 -0.012788
14.302866 -0.015885
14.307867 -0.015301
14.312868 -0.016404
14.317869 -0.017509
14.322870 -0.023168
14.327871 -0.021066
14.332872 -0.020080
14.337873 -0.023569
14.342874 -0.021470
14.347875 -0.023442
14.352876 -0.020346
14.357877 -0.018510
14.362878 -0.019361
14.367879 -0.013894
14.372880 -0.010621
14.377881 -0.007199
14.382882 -0.005370
14.387883 0.000391
14.392884 0.008339
14.397885 0.009460
14.402886 0.012328
14.407887 0.018625
14.412888 0.022905
14.417889 0.022253
14.422890 0.022672
14.427891 0.023557
14.432892 0.023556
14.437893 0.021440
14.442894 0.016981
14.447895 0.017801
14.452896 0.014814
14.457897 0.010379
14.462898 0.008938
14.467899 0.003523
14.472900 0.004184
14.477901 0.003477
14.482902 -0.002369
14.487903 -0.000683
14.492904 -0.000055
14.497905 0.000027
14.502906 -0.001204
14.507907 0.000051
14.512908 0.004335
14.517909 0.000546
14.522910 0.004410
14.527911 0.006936
14.532912 0.004970
14.537913 0.010465
14.542914 0.010236
14.547915 0.008625
14.552916 0.012114
14.557917 0.013369
14.562918 0.010387
14.567919 0.011863
14.572920 0.012544
14.577921 0.009373
14.582922 0.009240
14.587923 0.007354
14.592924 0.006937
14.597925 0.005154
14.602926 0.002072
14.607927 0.001493
14.612928 0.000274
14.617929 -0.000888
14.622930 -0.004040
14.627931 -0.005171
14.632932 -0.006534
14.637933 -0.008214
14.642934 -0.010769
14.647935 -0.014699
14.652936 -0.012748
14.657937 -0.015177
14.662938 -0.018776
14.667939 -0.017733
14.672940 -0.016692
14.677941 -0.018267
14.682942 -0.021020
14.687943 -0.017846
14.692944 -0.018191
14.697945 -0.019722
14.702946 -0.019296
14.707947 -0.018287
14.712948 -0.015881
14.717949 -0.015835
14.722950 -0.015451
14.727951 -0.013548
14.732952 -0.010871
14.737953 -0.010834
14.742954 -0.009415
14.747956 -0.008905
14.752957 -0.007302
14.757958 -0.006968
14.762959 -0.008411
14.767960 -0.007594
14.772961 -0.007733
14.777962 -0.006458
14.782963 -0.010954
14.787964 -0.010330
14.792965 -0.008933
14.797966 -0.013544
14.802967 -0.013901
14.807968 -0.014653
14.812969 -0.014325
14.817970 -0.016644
14.822971 -0.018743
14.827972 -0.016249
14.832973 -0.016005
14.837974 -0.014758
14.842975 -0.012814
14.847976 -0.011359
14.852977 -0.004925
14.857978 -0.001392
14.862979 0.001386
14.867980 0.009139
14.872981 0.015208
14.877982 0.020033
14.882983 0.025424
14.887984 0.031194
14.892985 0.036900
14.897986 0.040159
14.902987 0.039883
14.907988 0.043761
14.912989 0.045365
14.917990 0.042896
14.922991 0.040197
14.927992 0.038753
14.932993 0.038025
14.937994 0.031292
14.942995 0.028804
14.947996 0.023542
14.952997 0.020137
14.957998 0.018605
14.962999 0.010004
14.968000 0.006652
14.973001 0.004754
14.978002 -0.000302
14.983003 -0.006192
14.988004 -0.006408
14.993005 -0.007890
14.998006 -0.013612
15.003007 -0.014118
15.008008 -0.011813
15.013009 -0.012700
15.018010 -0.012514
15.023011 -0.010458
15.028012 -0.007559
15.033013 -0.002763
15.038014 -0.002273
15.043015 -0.000553
15.048016 0.002595
15.053017 0.004196
15.058018 0.004217
15.063019 0.002260
15.068020 0.001695
15.073021 0.001001
15.078022 -0.001218
15.083023 -0.005576
15.088024 -0.005441
15.093025 -0.003525
15.098026 -0.008946
15.103027 -0.008500
15.108028 -0.005647
15.113029 -0.007779
15.118030 -0.006544
15.123031 -0.006854
15.128032 -0.004437
15.133033 -0.001976
15.138034 -0.002804
15.143035 -0.001539
15.148036 -0.001315
15.153037 0.001170
15.158038 0.000176
15.163039 -0.003367
15.168040 -0.001243
15.173041 -0.002406
15.178042 -0.005774
15.183043 -0.007341
15.188044 -0.008232
15.193045 -0.008000
15.198046 -0.009851
15.203047 -0.011084
15.208048 -0.010774
15.213049 -0.009770
15.218050 -0.009029
15.223051 -0.010713
15.228052 -0.010977
15.233053 -0.009283
15.238054 -0.010601
15.243055 -0.012556
15.248056 -0.013314
15.253057 -0.012891
15.258058 -0.014036
15.263059 -0.015848
15.268060 -0.014716
15.273061 -0.013714
15.278062 -0.012335
15.283063 -0.013135
15.288064 -0.008441
15.293065 -0.003850
15.298066 -0.004080
15.303067 0.000339
15.308068 0.003015
15.313069 0.006824
15.318070 0.009440
15.323071 0.009010
15.328072 0.009141
15.333073 0.011639
15.338074 0.012400
15.343075 0.008315
15.348076 0.010114
15.353077 0.011337
15.358078 0.009267
15.363079 0.008744
15.368080 0.009275
15.373081 0.009764
15.378082 0.007459
15.383083 0.003918
15.388084 0.004260
15.393085 0.004700
15.398086 -0.001620
15.403087 -0.004912
15.408088 -0.006495
15.413089 -0.007809
15.418090 -0.008385
15.423091 -0.011336
15.428092 -0.009113
15.433093 -0.006586
15.438094 -0.005958
15.443095 -0.002135
15.448096 0.001188
15.453097 0.004525
15.458098 0.009212
15.463099 0.012176
15.468100 0.015755
15.473101 0.019302
15.478102 0.020065
15.483103 0.019730
15.488104 0.019783
15.493105 0.019879
15.498106 0.017616
15.503107 0.011739
15.508108 0.008441
15.513109 0.008573
15.518110 0.003709
15.523111 -0.001805
15.528112 -0.002039
15.533113 -0.000725
15.538114 -0.004112
15.543115 -0.004992
15.548116 -0.001631
15.553117 -0.000879
15.558118 -0.000133
15.563119 -0.001223
15.568120 0.003151
15.573121 0.004767
15.578122 0.001771
15.583123 0.004231
15.588124 0.003058
15.593125 0.004171
15.598126 0.004123
15.603127 0.002590
15.608128 0.004520
15.613129 0.003617
15.618130 0.005504
15.623131 0.002657
15.628132 0.002752
15.633133 0.006123
15.638134 0.002744
15.643135 0.003391
15.648136 0.001866
15.653137 0.002809
15.658138 -0.000775
15.663139 -0.004339
15.668140 -0.000635
15.673141 -0.004878
15.678142 -0.005544
15.683143 -0.007251
15.688144 -0.007647
15.693145 -0.005949
15.698146 -0.007812
15.703147 -0.004303
15.708148 -0.003530
15.713149 -0.000728
15.718150 0.002059
15.723151 0.000474
15.728152 0.005667
15.733153 0.006847
15.738154 0.004153
15.743155 0.007564
15.748156 0.006928
15.753157 0.006316
15.758158 0.007865
15.763159 0.005360
15.768160 0.007247
15.773161 0.008554
15.778162 0.007596
15.783163 0.007516
15.788164 0.006725
15.793165 0.008951
15.798166 0.006519
15.803167 0.003421
15.808168 0.004185
15.813169 0.000949
15.818170 -0.001364
15.823171 -0.003257
15.828172 -0.007421
15.833173 -0.006597
15.838174 -0.010904
15.843175 -0.014962
15.848176 -0.013786
15.853177 -0.016077
15.858178 -0.014731
15.863179 -0.017771
15.868180 -0.015440
15.873181 -0.012014
15.878182 -0.015933
15.883183 -0.011982
15.888184 -0.010688
15.893185 -0.009471
15.898186 -0.008485
15.903187 -0.010609
15.908188 -0.007943
15.913189 -0.007582
15.918190 -0.007131
15.923191 -0.008081
15.928192 -0.008645
15.933193 -0.004744
15.938194 -0.005485
15.943195 -0.004063
15.948196 -0.004477
15.953197 -0.001975
15.958198 0.002459
15.963199 -0.001902
15.968200 0.001701
15.973201 0.003921
15.978202 0.001928
15.983203 0.002908
15.988204 0.001809
15.993205 0.003350
15.998206 0.003761
16.003207 0.001129
16.008208 0.001106
16.013209 0.001766
16.018210 0.000654
16.023211 -0.001536
16.028212 -0.002080
16.033213 -0.001410
16.038214 -0.002040
16.043215 -0.003204
16.048216 -0.005895
16.053217 -0.003873
16.058218 -0.003902
16.063219 -0.007517
16.068220 -0.005323
16.073221 -0.005069
16.078222 -0.005723
16.083223 -0.006621
16.088224 -0.006371
16.093225 -0.003109
16.098226 -0.003249
16.103227 -0.003783
16.108228 -0.001143
16.113229 0.002602
16.118230 0.002730
16.123231 0.002138
16.128232 0.006328
16.133233 0.009916
16.138234 0.010610
16.143235 0.012031
16.148236 0.013764
16.153237 0.017613
16.158238 0.019141
16.163239 0.017628
16.168240 0.021232
16.173241 0.022129
16.178242 0.021788
16.183243 0.020026
16.188244 0.017833
16.193245 0.019282
16.198246 0.014785
16.203247 0.010874
16.208248 0.008096
16.213249 0.004588
16.218250 0.000754
16.223251 -0.004493
16.228252 -0.006299
16.233253 -0.007265
16.238254 -0.010311
16.243255 -0.012551
16.248256 -0.011594
16.253257 -0.010428
16.258258 -0.010278
16.263259 -0.009852
16.268260 -0.005867
16.273261 -0.003446
16.278262 -0.003396
16.283263 -0.000704
16.288264 0.001344
16.293265 0.003966
16.298266 0.004609
16.303267 0.004181
16.308268 0.005459
16.313269 0.006021
16.318270 0.006318
16.323271 0.004068
16.328272 0.004207
16.333273 0.005118
16.338274 0.001742
16.343275 0.001844
16.348276 0.002794
16.353277 0.002376
16.358278 0.001887
16.363279 0.000526
16.368280 0.002205
16.373281 0.003717
16.378282 0.003711
16.383283 0.004048
16.388284 0.004794
16.393285 0.006067
16.398286 0.005803
16.403287 0.006306
16.408288 0.005877
16.413289 0.006288
16.418290 0.006728
16.423291 0.002669
16.428292 0.003396
16.433293 0.002829
16.438294 -0.002796
16.443295 -0.003046
16.448296 -0.003723
16.453297 -0.007438
16.458298 -0.010137
16.463299 -0.012370
16.468300 -0.013421
16.473301 -0.013521
16.478302 -0.015833
16.483303 -0.018859
16.488304 -0.016340
16.493305 -0.016408
16.498306 -0.018082
16.503307 -0.017311
16.508308 -0.018531
16.513309 -0.015822
16.518310 -0.016046
16.523311 -0.017405
16.528312 -0.016212
16.533313 -0.014335
16.538314 -0.013612
16.543315 -0.014828
16.548316 -0.012000
16.553317 -0.010619
16.558318 -0.008828
16.563319 -0.008018
16.568320 -0.006070
16.573321 -0.002585
16.578322 -0.001850
16.583323 -0.000106
16.588324 0.000464
16.593325 0.002700
16.598326 0.003120
16.603327 0.002146
16.608328 0.001957
16.613329 0.003380
16.618330 0.003399
16.623331 -0.001713
16.628332 0.000535
16.633333 0.001396
16.638334 -0.001184
16.643335 0.000637
16.648336 -0.000425
16.653337 0.002802
16.658338 0.005652
16.663339 0.003451
16.668340 0.007632
16.673341 0.012705
16.678342 0.012768
16.683343 0.014963
16.688344 0.019305
16.693345 0.021502
16.698346 0.022826
16.703347 0.021669
16.708348 0.023391
16.713349 0.026698
16.718350 0.024057
16.723351 0.022500
16.728352 0.023073
16.733353 0.024487
16.738354 0.021024
16.743355 0.018618
16.748356 0.020816
16.753357 0.017390
16.758358 0.015541
16.763359 0.012451
16.768360 0.011276
16.773361 0.010213
16.778362 0.005048
16.783363 0.001640
16.788364 0.000890
16.793365 0.002929
16.798366 -0.002483
16.803367 -0.004098
16.808368 -0.002901
16.813369 -0.002557
16.818370 -0.002242
16.823371 -0.006975
16.828372 -0.003380
16.833373 -0.002345
16.838374 -0.005229
16.843375 -0.007252
16.848376 -0.008011
16.853377 -0.006600
16.858378 -0.011560
16.863379 -0.014539
16.868380 -0.015184
16.873381 -0.015556
16.878382 -0.018349
16.883383 -0.021097
16.888384 -0.020092
16.893385 -0.019603
16.898386 -0.018422
16.903387 -0.019777
16.908388 -0.017315
16.913389 -0.013603
16.918390 -0.013585
16.923391 -0.011791
16.928392 -0.008173
16.933393 -0.003983
16.938394 -0.004922
16.943395 -0.003220
16.948396 0.001013
16.953397 0.001859
16.958398 0.002414
16.963399 0.001640
16.968400 0.005587
16.973401 0.005756
16.978402 0.002953
16.983403 0.006317
16.988404 0.004961
16.993405 0.002767
16.998406 0.003954
17.003407 0.000243
17.008408 -0.001842
17.013410 -0.000050
17.018411 -0.004394
17.023412 -0.007949
17.028413 -0.007757
17.033414 -0.009729
17.038415 -0.012959
17.043416 -0.016139
17.048417 -0.015382
17.053418 -0.013688
17.058419 -0.016580
17.063420 -0.016988
17.068421 -0.012849
17.073422 -0.012106
17.078423 -0.009887
17.083424 -0.006960
17.088425 -0.005541
17.093426 -0.000981
17.098427 0.000781
17.103428 0.002319
17.108429 0.004612
17.113430 0.006496
17.118431 0.009696
17.123432 0.008757
17.128433 0.008027
17.133434 0.012638
17.138435 0.012315
17.143436 0.009411
17.148437 0.012151
17.153438 0.012640
17.158439 0.011330
17.163440 0.008757
17.168441 0.010108
17.173442 0.012810
17.178443 0.008802
17.183444 0.008883
17.188445 0.009338
17.193446 0.010207
17.198447 0.011342
17.203448 0.009106
17.208449 0.011005
17.213450 0.012994
17.218451 0.012220
17.223452 0.011744
17.228453 0.013016
17.233454 0.013342
17.238455 0.013089
17.243456 0.012480
17.248457 0.011432
17.253458 0.010517
17.258459 0.009867
17.263460 0.007690
17.268461 0.004116
17.273462 0.005002
17.278463 0.001916
17.283464 -0.002392
17.288465 -0.003690
17.293466 -0.005369
17.298467 -0.008150
17.303468 -0.011092
17.308469 -0.012044
17.313470 -0.013739
17.318471 -0.014540
17.323472 -0.017655
17.328473 -0.016881
17.333474 -0.015641
17.338475 -0.017054
17.343476 -0.015376
17.348477 -0.015383
17.353478 -0.011847
17.358479 -0.008729
17.363480 -0.010091
17.368481 -0.005880
17.373482 -0.001888
17.378483 -0.001841
17.383484 0.001265
17.388485 0.002369
17.393486 0.004711
17.398487 0.006088
17.403488 0.004548
17.408489 0.006551
17.413490 0.006740
17.418491 0.005421
17.423492 0.003728
17.428493 0.004097
17.433494 0.003965
17.438495 0.000706
17.443496 -0.002235
17.448497 -0.003211
17.453498 -0.001532
17.458499 -0.004492
17.463500 -0.007854
17.468501 -0.006663
17.473502 -0.006004
17.478503 -0.005826
17.483504 -0.006040
17.488505 -0.003482
17.493506 -0.000855
17.498507 -0.000782
17.503508 0.002153
17.508509 0.005288
17.513510 0.007091
17.518511 0.009062
17.523512 0.009977
17.528513 0.011265
17.533514 0.014586
17.538515 0.013916
17.543516 0.012116
17.548517 0.014837
17.553518 0.014797
17.558519 0.013536
17.563520 0.010219
17.568521 0.010035
17.573522 0.010731
17.578523 0.006077
17.583524 0.004025
17.588525 0.000647
17.593526 0.000705
17.598527 -0.001939
17.603528 -0.006914
17.608529 -0.006765
17.613530 -0.008560
17.618531 -0.009839
17.623532 -0.014167
17.628533 -0.012791
17.633534 -0.010857
17.638535 -0.013157
17.643536 -0.012577
17.648537 -0.013143
17.653538 -0.010825
17.658539 -0.009754
17.663540 -0.008780
17.668541 -0.009724
17.673542 -0.007611
17.678543 -0.005345
17.683544 -0.008589
17.688545 -0.004543
17.693546 -0.003570
17.698547 -0.004649
17.703548 -0.002266
17.708549 -0.002250
17.713550 -0.000548
17.718551 0.000703
17.723552 0.000194
17.728553 0.001955
17.733554 0.002889
17.738555 0.003723
17.743556 0.002598
17.748557 0.003380
17.753558 0.006348
17.758559 0.002388
17.763560 0.004032
17.768561 0.003857
17.773562 0.002530
17.778563 0.004137
17.783564 0.000566
17.788565 0.000236
17.793566 0.001121
17.798567 0.000432
17.803568 -0.002524
17.808569 -0.001306
17.813570 -0.001089
17.818571 -0.004278
17.823572 -0.005093
17.828573 -0.006617
17.833574 -0.006044
17.838575 -0.006845
17.843576 -0.010437
17.848577 -0.010619
17.853578 -0.009164
17.858579 -0.010692
17.863580 -0.011313
17.868581 -0.010430
17.873582 -0.008590
17.878583 -0.006974
17.883584 -0.007552
17.888585 -0.005300
17.893586 -0.001222
17.898587 -0.000376
17.903588 -0.000462
17.908589 0.002065
17.913590 0.004792
17.918591 0.003383
17.923592 0.003537
17.928593 0.004402
17.933594 0.006002
17.938595 0.004377
17.943596 -0.000101
17.948597 0.003032
17.953598 0.000576
17.958599 -0.000323
17.963600 -0.001010
17.968601 -0.002963
17.973602 -0.001382
17.978603 -0.003574
17.983604 -0.001915
17.988605 -0.003090
17.993606 -0.001980
17.998607 -0.001427
18.003608 -0.004384
18.008609 -0.002075
18.013610 0.000048
18.018611 -0.002060
18.023612 -0.002436
18.028613 -0.000181
18.033614 -0.001101
18.038615 0.001122
18.043616 -0.000699
18.048617 0.000009
18.053618 0.004100
18.058619 0.002509
18.063620 0.003107
18.068621 0.006002
18.073622 0.008677
18.078623 0.007914
18.083624 0.008545
18.088625 0.010294
18.093626 0.013337
18.098627 0.012012
18.103628 0.010157
18.108629 0.012460
18.113630 0.011822
18.118631 0.011550
18.123632 0.008025
18.128633 0.008963
18.133634 0.009239
18.138635 0.005704
18.143636 0.005774
18.148637 0.005650
18.153638 0.005440
18.158639 0.004700
18.163640 0.003581
18.168641 0.002701
18.173642 0.006382
18.178643 0.005351
18.183644 0.003313
18.188645 0.007165
18.193646 0.008186
18.198647 0.007390
18.203648 0.007360
18.208649 0.010530
18.213650 0.011788
18.218651 0.010951
18.223652 0.009844
18.228653 0.010736
18.233654 0.012516
18.238655 0.008300
18.243656 0.005900
18.248657 0.005874
18.253658 0.004159
18.258659 -0.000530
18.263660 -0.005406
18.268661 -0.006180
18.273662 -0.009153
18.278663 -0.011861
18.283664 -0.015842
18.288665 -0.017544
18.293666 -0.015388
18.298667 -0.018902
18.303668 -0.018811
18.308669 -0.015845
18.313670 -0.014790
18.318671 -0.013577
18.323672 -0.011867
18.328673 -0.008462
18.333674 -0.005117
18.338675 -0.002393
18.343676 -0.002093
18.348677 0.000307
18.353678 0.005513
18.358679 0.005698
18.363680 0.004279
18.368681 0.006262
18.373682 0.007823
18.378683 0.007630
18.383684 0.006166
18.388685 0.005731
18.393686 0.006280
18.398687 0.004837
18.403688 0.002679
18.408689 0.002931
18.413690 0.002030
18.418691 -0.000501
18.423692 -0.001480
18.428693 -0.002920
18.433694 -0.002846
18.438695 -0.004264
18.443696 -0.006803
18.448697 -0.006812
18.453698 -0.005699
18.458699 -0.006455
18.463700 -0.008509
18.468701 -0.006390
18.473702 -0.005227
18.478703 -0.004639
18.483704 -0.002761
18.488705 -0.002859
18.493706 0.000601
18.498707 0.002659
18.503708 0.001129
18.508709 0.004750
18.513710 0.008249
18.518711 0.006775
18.523712 0.005997
18.528713 0.009136
18.533714 0.010145
18.538715 0.006332
18.543716 0.007376
18.548717 0.008943
18.553718 0.006401
18.558719 0.005628
18.563720 0.003781
18.568721 0.002567
18.573722 0.002802
18.578723 0.002062
18.583724 -0.001370
18.588725 -0.001312
18.593726 0.000641
18.598727 -0.002460
18.603728 -0.003961
18.608729 -0.003387
18.613730 -0.002026
18.618731 -0.004066
18.623732 -0.004945
18.628733 -0.003580
18.633734 -0.003466
18.638735 -0.002117
18.643736 -0.003839
18.648737 -0.003455
18.653738 -0.000755
18.658739 -0.000608
18.663740 -0.002259
18.668741 -0.001471
18.673742 0.001346
18.678743 0.000148
18.683744 -0.000157
18.688745 0.000872
18.693746 0.000712
18.698747 0.000480
18.703748 -0.001547
18.708749 -0.002473
18.713750 -0.001300
18.718751 -0.002711
18.723752 -0.005933
18.728753 -0.006710
18.733754 -0.006250
18.738755 -0.007767
18.743756 -0.009614
18.748757 -0.009201
18.753758 -0.008092
18.758759 -0.008367
18.763760 -0.009157
18.768761 -0.006376
18.773762 -0.004814
18.778763 -0.003775
18.783764 -0.002528
18.788765 -0.001350
18.793766 0.003537
18.798767 0.002225
18.803768 0.002338
18.808769 0.005636
18.813770 0.006057
18.818771 0.006717
18.823772 0.004712
18.828773 0.005445
18.833774 0.008760
18.838775 0.007067
18.843776 0.004064
18.848777 0.006126
18.853778 0.006847
18.858779 0.004504
18.863780 0.002739
18.868781 0.003457
18.873782 0.002110
18.878783 -0.000039
18.883784 -0.000819
18.888785 -0.003388
18.893786 -0.000751
18.898787 -0.003817
18.903788 -0.006226
18.908789 -0.003857
18.913790 -0.004717
18.918791 -0.003511
18.923792 -0.007219
18.928793 -0.005201
18.933794 -0.003102
18.938795 -0.006139
18.943796 -0.006456
18.948797 -0.006244
18.953798 -0.004682
18.958799 -0.006694
18.963800 -0.006737
18.968801 -0.008189
18.973802 -0.007383
18.978803 -0.006060
18.983804 -0.010168
18.988805 -0.007819
18.993806 -0.004807
18.998807 -0.006441
19.003808 -0.008691
19.008809 -0.005983
19.013810 -0.002708
19.018811 -0.003146
19.023812 -0.003868
19.028813 -0.003650
19.033814 -0.000489
19.038815 -0.001661
19.043816 -0.002364
19.048817 0.000212
19.053818 0.000311
19.058819 0.001386
19.063820 0.000873
19.068821 0.002792
19.073822 0.005753
19.078823 0.005941
19.083824 0.005329
19.088825 0.008988
19.093826 0.012186
19.098827 0.009481
19.103828 0.012208
19.108829 0.012731
19.113830 0.013897
19.118831 0.013904
19.123832 0.012098
19.128833 0.014777
19.133834 0.013227
19.138835 0.013807
19.143836 0.011292
19.148837 0.010994
19.153838 0.013821
19.158839 0.010527
19.163840 0.009076
19.168841 0.009578
19.173842 0.009542
19.178843 0.008403
19.183844 0.007036
19.188845 0.007099
19.193846 0.008174
19.198847 0.007231
19.203848 0.006282
19.208849 0.007307
19.213850 0.008873
19.218851 0.008158
19.223852 0.005866
19.228853 0.008344
19.233854 0.010380
19.238855 0.008175
19.243856 0.007487
19.248857 0.007640
19.253858 0.008461
19.258859 0.006783
19.263860 0.004021
19.268861 0.004858
19.273862 0.002779
19.278863 0.000591
19.283865 -0.001709
19.288866 -0.004192
19.293867 -0.004981
19.298868 -0.007889
19.303869 -0.011477
19.308870 -0.012906
19.313871 -0.011790
19.318872 -0.015428
19.323873 -0.017032
19.328874 -0.017291
19.333875 -0.017237
19.338876 -0.015401
19.343877 -0.020156
19.348878 -0.017444
19.353879 -0.015586
19.358880 -0.017254
19.363881 -0.014438
19.368882 -0.015825
19.373883 -0.012993
19.378884 -0.010995
19.383885 -0.013263
19.388886 -0.009344
19.393887 -0.008227
19.398888 -0.008881
19.403889 -0.005921
19.408890 -0.006563
19.413891 -0.003643
19.418892 -0.003926
19.423893 -0.006285
19.428894 -0.001704
19.433895 -0.001340
19.438896 -0.002008
19.443897 -0.001221
19.448898 -0.001388
19.453899 0.000831
19.458900 0.001253
19.463901 -0.000864
19.468902 0.001263
19.473903 0.002893
19.478904 0.001775
19.483905 0.000823
19.488906 0.002918
19.493907 0.004580
19.498908 0.001059
19.503909 0.001542
19.508910 0.003611
19.513911 0.003562
19.518912 0.002303
19.523913 0.001131
19.528914 0.002418
19.533915 0.004130
19.538916 0.003636
19.543917 0.002206
19.548918 0.004858
19.553919 0.005507
19.558920 0.005448
19.563921 0.006506
19.568922 0.006340
19.573923 0.009740
19.578924 0.009286
19.583925 0.007090
19.588926 0.008956
19.593927 0.010455
19.598928 0.008645
19.603929 0.005502
19.608930 0.008295
19.613931 0.007470
19.618932 0.004532
19.623933 0.004689
19.628934 0.001891
19.633935 0.003642
19.638936 0.002965
19.643937 -0.000825
19.648938 0.000165
19.653939 0.002159
19.658940 0.001476
19.663941 -0.001535
19.668942 0.000853
19.673943 0.001939
19.678944 0.001384
19.683945 0.002124
19.688946 0.001123
19.693947 0.003877
19.698948 0.002993
19.703949 0.002421
19.708950 0.004661
19.713951 0.003512
19.718952 0.004852
19.723953 0.004890
19.728954 0.004862
19.733955 0.006330
19.738956 0.006070
19.743957 0.004635
19.748958 0.004680
19.753959 0.007513
19.758960 0.004973
19.763961 0.003504
19.768962 0.005343
19.773963 0.004865
19.778964 0.004046
19.783965 0.001114
19.788966 0.001715
19.793967 0.002641
19.798968 -0.000047
19.803969 -0.002668
19.808970 -0.001535
19.813971 0.000368
19.818972 -0.003074
19.823973 -0.004558
19.828974 -0.003523
19.833975 -0.002879
19.838976 -0.005065
19.843977 -0.006460
19.848978 -0.005213
19.853979 -0.005246
19.858980 -0.006558
19.863981 -0.009368
19.868982 -0.008077
19.873983 -0.008255
19.878984 -0.009150
19.883985 -0.010710
19.888986 -0.011452
19.893987 -0.008806
19.898988 -0.012185
19.903989 -0.012343
19.908990 -0.010589
19.913991 -0.010856
19.918992 -0.010102
19.923993 -0.012127
19.928994 -0.011033
19.933995 -0.007910
19.938996 -0.009194
19.943997 -0.009528
19.948998 -0.007612
19.953999 -0.005749
19.959000 -0.005449
19.964001 -0.006434
19.969002 -0.002773
19.974003 -0.001232
19.979004 -0.002483
19.984005 -0.000231
19.989006 0.001244
19.994007 0.002074
19.999008 0.002789
20.004009 0.003073
20.009010 0.004238
20.014011 0.005739
20.019012 0.005380
20.024013 0.003357
20.029014 0.004990
20.034015 0.006637
20.039016 0.004625
20.044017 0.003418
20.049018 0.003325
20.054019 0.004264
20.059020 0.003493
20.064021 0.001209
20.069022 0.001616
20.074023 0.003024
20.079024 0.000936
20.084025 -0.001283
20.089026 0.001077
20.094027 0.000440
20.099028 -0.000544
20.104029 -0.000872
20.109030 -0.002160
20.114031 0.001070
20.119032 0.000154
20.124033 -0.002539
20.129034 -0.000222
20.134035 0.001727
20.139036 0.000427
20.144037 -0.000432
20.149038 0.001184
20.154039 0.003267
20.159040 0.002788
20.164041 0.000646
20.169042 0.004630
20.174043 0.005395
20.179044 0.001850
20.184045 0.004479
20.189046 0.002808
20.194047 0.001438
20.199048 0.002814
20.204049 -0.001503
20.209050 -0.000988
20.214051 -0.000248
20.219052 -0.003059
20.224053 -0.005715
20.229054 -0.006749
20.234055 -0.004227
20.239056 -0.006713
20.244057 -0.007655
20.249058 -0.006112
20.254059 -0.005964
20.259060 -0.005155
20.264061 -0.006004
20.269062 -0.004422
20.274063 -0.002208
20.279064 -0.001639
20.284065 -0.002383
20.289066 -0.000937
20.294067 0.001526
20.299068 0.000438
20.304069 0.000380
20.309070 0.001813
20.314071 0.002094
20.319072 0.001979
20.324073 0.002954
20.329074 0.002220
20.334075 0.005194
20.339076 0.005400
20.344077 0.002739
20.349078 0.007256
20.354079 0.006802
20.359080 0.005959
20.364081 0.007046
20.369082 0.007563
20.374083 0.007426
20.379084 0.007126
20.384085 0.006031
20.389086 0.005364
20.394087 0.007812
20.399088 0.004480
20.404089 0.003659
20.409090 0.003866
20.414091 0.003751
20.419092 0.003817
20.424093 0.001920
20.429094 0.002946
20.434095 0.002562
20.439096 0.002890
20.444097 0.001088
20.449098 0.000105
20.454099 0.002648
20.459100 0.000979
20.464101 -0.000835
20.469102 -0.000645
20.474103 0.000532
20.479104 -0.000903
20.484105 -0.003984
20.489106 -0.002037
20.494107 -0.001570
20.499108 -0.003771
20.504109 -0.005661
20.509110 -0.004965
20.514111 -0.002793
20.519112 -0.004727
20.524113 -0.007227
20.529114 -0.005747
20.534115 -0.004195
20.539116 -0.005011
20.544117 -0.006623
20.549118 -0.007167
20.554119 -0.003851
20.559120 -0.005091
20.564121 -0.007336
20.569122 -0.004151
20.574123 -0.003012
20.579124 -0.003782
20.584125 -0.004268
20.589126 -0.002733
20.594127 -0.001028
20.599128 -0.000099
20.604129 0.000415
20.609130 0.000247
20.614131 0.002658
20.619132 0.003310
20.624133 0.002097
20.629134 0.004441
20.634135 0.005119
20.639136 0.004736
20.644137 0.004962
20.649138 0.005024
20.654139 0.007048
20.659140 0.005728
20.664141 0.004309
20.669142 0.006448
20.674143 0.006239
20.679144 0.005589
20.684145 0.004776
20.689146 0.004405
20.694147 0.006558
20.699148 0.005347
20.704149 0.003128
20.709150 0.005163
20.714151 0.005665
20.719152 0.002992
20.724153 0.001907
20.729154 0.003246
20.734155 0.003547
20.739156 0.001235
20.744157 0.000110
20.749158 -0.000860
20.754159 0.000214
20.759160 -0.000184
20.764161 -0.003879
20.769162 -0.002714
20.774163 -0.001966
20.779164 -0.004207
20.784165 -0.006970
20.789166 -0.005805
20.794167 -0.005229
20.799168 -0.007570
20.804169 -0.009398
20.809170 -0.009024
20.814171 -0.007303
20.819172 -0.010778
20.824173 -0.010734
20.829174 -0.009282
20.834175 -0.009152
20.839176 -0.009556
20.844177 -0.011230
20.849178 -0.010000
20.854179 -0.007361
20.859180 -0.008032
20.864181 -0.010248
20.869182 -0.006482
20.874183 -0.007014
20.879184 -0.007301
20.884185 -0.006084
20.889186 -0.007776
20.894187 -0.003921
20.899188 -0.005650
20.904189 -0.007600
20.909190 -0.004977
20.914191 -0.004772
20.919192 -0.004308
20.924193 -0.005624
20.929194 -0.004053
20.934195 -0.001762
20.939196 -0.003145
20.944197 -0.003560
20.949198 -0.001025
20.954199 0.001504
20.959200 0.000336
20.964201 0.001426
20.969202 0.002745
20.974203 0.003279
20.979204 0.006135
20.984205 0.004512
20.989206 0.006280
20.994207 0.009479
20.999208 0.007517
21.004209 0.008267
21.009210 0.009641
21.014211 0.012241
21.019212 0.011116
21.024213 0.009543
21.029214 0.011779
21.034215 0.013202
21.039216 0.012354
21.044217 0.008911
21.049218 0.011300
21.054219 0.010422
21.059220 0.009911
21.064221 0.009951
21.069222 0.007229
21.074223 0.010155
21.079224 0.007873
21.084225 0.007399
21.089226 0.008733
21.094227 0.007575
21.099228 0.007692
21.104229 0.006981
21.109230 0.006955
21.114231 0.007209
21.119232 0.006168
21.124233 0.004847
21.129234 0.005186
21.134235 0.003454
21.139236 0.003484
21.144237 0.001161
21.149238 0.000298
21.154239 0.002326
21.159240 -0.001221
21.164241 -0.002015
21.169242 -0.002402
21.174243 -0.001368
21.179244 -0.002335
21.184245 -0.004649
21.189246 -0.002429
21.194247 -0.004670
21.199248 -0.003319
21.204249 -0.004633
21.209250 -0.007119
21.214251 -0.002336
21.219252 -0.006387
21.224253 -0.007537
21.229254 -0.005577
21.234255 -0.005702
21.239256 -0.006853
21.244257 -0.009202
21.249258 -0.006139
21.254259 -0.006945
21.259260 -0.007035
21.264261 -0.007742
21.269262 -0.008634
21.274263 -0.005891
21.279264 -0.007167
21.284265 -0.008765
21.289266 -0.007621
21.294267 -0.006534
21.299268 -0.007336
21.304269 -0.009017
21.309270 -0.006477
21.314271 -0.004924
21.319272 -0.008048
21.324273 -0.006334
21.329274 -0.006037
21.334275 -0.004973
21.339276 -0.004062
21.344277 -0.006329
21.349278 -0.003411
21.354279 -0.001190
21.359280 -0.002393
21.364281 -0.002821
21.369282 0.000343
21.374283 0.001307
21.379284 0.001665
21.384285 0.001585
21.389286 0.002382
21.394287 0.005503
21.399288 0.004137
21.404289 0.003870
21.409290 0.005369
21.414291 0.006791
21.419292 0.006109
21.424293 0.005894
21.429294 0.006736
21.434295 0.008554
21.439296 0.008831
21.444297 0.005825
21.449298 0.009144
21.454299 0.008763
21.459300 0.007501
21.464301 0.008872
21.469302 0.006684
21.474303 0.008561
21.479304 0.007807
21.484305 0.004904
21.489306 0.006675
21.494307 0.005503
21.499308 0.005206
21.504309 0.005158
21.509310 0.002060
21.514311 0.006435
21.519312 0.003747
21.524313 0.000900
21.529314 0.004472
21.534315 0.002862
21.539316 0.003042
21.544317 0.000583
21.549319 0.002274
21.554320 0.002789
21.559321 0.001524
21.564322 0.000820
21.569323 0.000141
21.574324 0.001729
21.579325 -0.000332
21.584326 -0.001062
21.589327 -0.002510
21.594328 0.000158
21.599329 -0.000797
21.604330 -0.002244
21.609331 -0.002054
21.614332 -0.000724
21.619333 0.001407
21.624334 -0.003112
21.629335 0.001456
21.634336 0.002376
21.639337 -0.000251
21.644338 0.001915
21.649339 0.002256
21.654340 0.003359
21.659341 0.002344
21.664342 0.001679
21.669343 0.002757
21.674344 0.002578
21.679345 0.000514
21.684346 0.000140
21.689347 -0.000148
21.694348 0.000044
21.699349 -0.000824
21.704350 -0.003379
21.709351 -0.003641
21.714352 -0.001974
21.719353 -0.003877
21.724354 -0.006977
21.729355 -0.004185
21.734356 -0.003999
21.739357 -0.006351
21.744358 -0.007983
21.749359 -0.006804
21.754360 -0.006801
21.759361 -0.009188
21.764362 -0.009752
21.769363 -0.011667
21.774364 -0.009590
21.779365 -0.010771
21.784366 -0.013744
21.789367 -0.011366
21.794368 -0.012030
21.799369 -0.012717
21.804370 -0.013154
21.809371 -0.013824
21.814372 -0.011211
21.819373 -0.012621
21.824374 -0.013728
21.829375 -0.011919
21.834376 -0.011973
21.839377 -0.010633
21.844378 -0.012170
21.849379 -0.011596
21.854380 -0.008213
21.859381 -0.009994
21.864382 -0.010841
21.869383 -0.007912
21.874384 -0.006017
21.879385 -0.006377
21.884386 -0.006373
21.889387 -0.004679
21.894388 -0.002895
21.899389 -0.002569
21.904390 -0.002736
21.909391 -0.001365
21.914392 0.000885
21.919393 0.001020
21.924394 0.001325
21.929395 0.002381
21.934396 0.005547
21.939397 0.005299
21.944398 0.003940
21.949399 0.008864
21.954400 0.008974
21.959401 0.010311
21.964402 0.010571
21.969403 0.010653
21.974404 0.014869
21.979405 0.013584
21.984406 0.012750
21.989407 0.014389
21.994408 0.015718
21.999409 0.015001
22.004410 0.014810
22.009411 0.013857
22.014412 0.015312
22.019413 0.015910
22.024414 0.012310
22.029415 0.012545
22.034416 0.015255
22.039417 0.012696
22.044418 0.009321
22.049419 0.013208
22.054420 0.012523
22.059421 0.010878
22.064422 0.009555
22.069423 0.010004
22.074424 0.010937
22.079425 0.007940
22.084426 0.009591
22.089427 0.007468
22.094428 0.007523
22.099429 0.007499
22.104430 0.003547
22.109431 0.005763
22.114432 0.005293
22.119433 0.003072
22.124434 0.000953
22.129435 0.001815
22.134436 0.003681
22.139437 -0.001100
22.144438 -0.001947
22.149439 -0.002253
22.154440 -0.001375
22.159441 -0.003280
22.164442 -0.007894
22.169443 -0.004678
22.174444 -0.005719
22.179445 -0.007553
22.184446 -0.008976
22.189447 -0.009848
22.194448 -0.008128
22.199449 -0.010016
22.204450 -0.013098
22.209451 -0.010916
22.214452 -0.009159
22.219453 -0.012784
22.224454 -0.011793
22.229455 -0.012379
22.234456 -0.012495
22.239457 -0.010683
22.244458 -0.012209
22.249459 -0.011666
22.254460 -0.009979
22.259461 -0.009030
22.264462 -0.011922
22.269463 -0.009279
22.274464 -0.006274
22.279465 -0.008152
22.284466 -0.007268
22.289467 -0.007643
22.294468 -0.003937
22.299469 -0.004407
22.304470 -0.006056
22.309471 -0.002154
22.314472 -0.000760
22.319473 -0.001385
22.324474 -0.002292
22.329475 0.001355
22.334476 0.002691
22.339477 0.002097
22.344478 0.002393
22.349479 0.003291
22.354480 0.004755
22.359481 0.004146
22.364482 0.004966
22.369483 0.004340
22.374484 0.006192
22.379485 0.006840
22.384486 0.003683
22.389487 0.006277
22.394488 0.007087
22.399489 0.006454
22.404490 0.005685
22.409491 0.005138
22.414492 0.008009
22.419493 0.005507
22.424494 0.004755
22.429495 0.005737
22.434496 0.004859
22.439497 0.005650
22.444498 0.002862
22.449499 0.002115
22.454500 0.004383
22.459501 0.002401
22.464502 0.000922
22.469503 0.000927
22.474504 0.001510
22.479505 0.001879
22.484506 -0.001452
22.489507 0.000575
22.494508 0.002099
22.499509 0.000009
22.504510 0.000917
22.509511 0.000533
22.514512 0.003131
22.519513 0.004109
22.524514 -0.000286
22.529515 0.002010
22.534516 0.005421
22.539517 0.003008
22.544518 0.002208
22.549519 0.002345
22.554520 0.003905
22.559521 0.002996
22.564522 0.001170
22.569523 0.002297
22.574524 0.002687
22.579525 0.000241
22.584526 -0.000842
22.589527 0.001089
22.594528 -0.000414
22.599529 0.000002
22.604530 -0.002584
22.609531 -0.003711
22.614532 -0.000969
22.619533 -0.003015
22.624534 -0.005438
22.629535 -0.005551
22.634536 -0.002928
22.639537 -0.006334
22.644538 -0.006428
22.649539 -0.005376
22.654540 -0.006938
22.659541 -0.004744
22.664542 -0.008026
22.669543 -0.006785
22.674544 -0.005941
22.679545 -0.006391
22.684546 -0.006176
22.689547 -0.007424
22.694548 -0.002987
22.699549 -0.004691
22.704550 -0.005898
22.709551 -0.003924
22.714552 -0.003080
22.719553 -0.001304
22.724554 -0.002917
22.729555 -0.002533
22.734556 0.000834
22.739557 -0.000655
22.744558 -0.001980
22.749559 0.001073
22.754560 0.002148
22.759561 0.000897
22.764562 -0.001173
22.769563 0.002502
22.774564 0.002644
22.779565 0.000570
22.784566 0.002392
22.789567 0.000698
22.794568 0.003061
22.799569 0.002444
22.804570 -0.000667
22.809571 0.002280
22.814572 0.003397
22.819573 0.001564
22.824574 0.001511
22.829575 0.001185
22.834576 0.003254
22.839577 0.002449
22.844578 0.000439
22.849579 0.002972
22.854580 0.001862
22.859581 0.003663
22.864582 0.000097
22.869583 0.000163
22.874584 0.003537
22.879585 -0.000968
22.884586 0.000303
22.889587 -0.001354
22.894588 0.000348
22.899589 -0.001167
22.904590 -0.003725
22.909591 -0.001138
22.914592 -0.002499
22.919593 -0.001170
22.924594 -0.005325
22.929595 -0.004124
22.934596 -0.001627
22.939597 -0.005316
22.944598 -0.005763
22.949599 -0.003773
22.954600 -0.002525
22.959601 -0.005267
22.964602 -0.004361
22.969603 -0.004161
22.974604 -0.003282
22.979605 -0.001910
22.984606 -0.004427
22.989607 -0.002638
22.994608 -0.000552
22.999609 -0.001380
23.004610 -0.001034
23.009611 0.000019
23.014612 0.001246
23.019613 0.002224
23.024614 0.002381
23.029615 0.002472
23.034616 0.004270
23.039617 0.006391
23.044618 0.004052
23.049619 0.004336
23.054620 0.007324
23.059621 0.006862
23.064622 0.005858
23.069623 0.005966
23.074624 0.007705
23.079625 0.005403
23.084626 0.003762
23.089627 0.003730
23.094628 0.003309
23.099629 0.002638
23.104630 -0.001807
23.109631 -0.000656
23.114632 -0.000366
23.119633 -0.001971
23.124634 -0.004462
23.129635 -0.005999
23.134636 -0.001951
23.139637 -0.005436
23.144638 -0.005133
23.149639 -0.003013
23.154640 -0.004124
23.159641 -0.002570
23.164642 -0.003807
23.169643 -0.001636
23.174644 -0.000669
23.179645 -0.001870
23.184646 -0.001270
23.189647 0.000498
23.194648 0.001300
23.199649 0.000000
23.204650 0.000381
23.209651 0.001149
23.214652 0.002544
23.219653 0.001676
23.224654 0.000030
23.229655 0.001089
23.234656 0.002645
23.239657 0.002353
23.244658 0.000056
23.249659 0.001216
23.254660 0.003023
23.259661 0.001383
23.264662 0.000685
23.269663 0.000301
23.274664 0.002124
23.279665 0.002412
23.284666 -0.000407
23.289667 0.001217
23.294668 0.002252
23.299669 0.002593
23.304670 0.000776
23.309671 0.001490
23.314672 0.004222
23.319673 0.002877
23.324674 0.001696
23.329675 0.002735
23.334676 0.005615
23.339677 0.002860
23.344678 0.004150
23.349679 0.003593
23.354680 0.004770
23.359681 0.007368
23.364682 0.002802
23.369683 0.005977
23.374684 0.005216
23.379685 0.007373
23.384686 0.004767
23.389687 0.002445
23.394688 0.008719
23.399689 0.001912
23.404690 0.002173
23.409691 0.004223
23.414692 0.002199
23.419693 0.001968
23.424694 -0.000113
23.429695 0.000757
23.434696 0.000720
23.439697 0.000175
23.444698 -0.003310
23.449699 -0.002847
23.454700 -0.000479
23.459701 -0.004094
23.464702 -0.005199
23.469703 -0.003939
23.474704 -0.004567
23.479705 -0.006594
23.484706 -0.006634
23.489707 -0.006490
23.494708 -0.007450
23.499709 -0.008255
23.504710 -0.009410
23.509711 -0.008617
23.514712 -0.010086
23.519713 -0.011159
23.524714 -0.011580
23.529715 -0.011826
23.534716 -0.010154
23.539717 -0.012758
23.544718 -0.012299
23.549719 -0.011677
23.554720 -0.010727
23.559721 -0.009330
23.564722 -0.012377
23.569723 -0.008865
23.574724 -0.008084
23.579725 -0.009306
23.584726 -0.007034
23.589727 -0.007368
23.594728 -0.005371
23.599729 -0.004022
23.604730 -0.004293
23.609731 -0.003130
23.614732 -0.000907
23.619733 -0.000250
23.624734 -0.000482
23.629735 0.001627
23.634736 0.002882
23.639737 0.003509
23.644738 0.004121
23.649739 0.003144
23.654740 0.004835
23.659741 0.006397
23.664742 0.003318
23.669743 0.004641
23.674744 0.006650
23.679745 0.003107
23.684746 0.003412
23.689747 0.005173
23.694748 0.004083
23.699749 0.004784
23.704750 0.004067
23.709751 0.004140
23.714752 0.006520
23.719753 0.004940
23.724754 0.004762
23.729755 0.005336
23.734756 0.006573
23.739757 0.007462
23.744758 0.005175
23.749759 0.005927
23.754760 0.007465
23.759761 0.008461
23.764762 0.005284
23.769763 0.006085
23.774764 0.009302
23.779765 0.005489
23.784766 0.006025
23.789767 0.005684
23.794768 0.005733
23.799769 0.005782
23.804770 0.001033
23.809771 0.002896
23.814772 0.003777
23.819774 0.000357
23.824775 -0.001005
23.829776 -0.001738
23.834777 -0.000705
23.839778 -0.002585
23.844779 -0.005391
23.849780 -0.004702
23.854781 -0.004690
23.859782 -0.004927
23.864783 -0.007309
23.869784 -0.007830
23.874785 -0.004949
23.879786 -0.006362
23.884787 -0.008213
23.889788 -0.006833
23.894789 -0.005417
23.899790 -0.006109
23.904791 -0.008458
23.909792 -0.006775
23.914793 -0.005057
23.919794 -0.007414
23.924795 -0.006027
23.929796 -0.006233
23.934797 -0.006508
23.939798 -0.004689
23.944799 -0.006584
23.949800 -0.006095
23.954801 -0.004255
23.959802 -0.003787
23.964803 -0.004719
23.969804 -0.003701
23.974805 -0.001107
23.979806 -0.001756
23.984807 -0.001502
23.989808 -0.000238
23.994809 0.002498
23.999810 0.002694
24.004811 0.001151
24.009812 0.003974
24.014813 0.004280
24.019814 0.005819
24.024815 0.004688
24.029816 0.004169
24.034817 0.007710
24.039818 0.005567
24.044819 0.005435
24.049820 0.005868
24.054821 0.008177
24.059822 0.006542
24.064823 0.004283
24.069824 0.007333
24.074825 0.005962
24.079826 0.006384
24.084827 0.005117
24.089828 0.004832
24.094829 0.006238
24.099830 0.004585
24.104831 0.003716
24.109832 0.003031
24.114833 0.003610
24.119834 0.004957
24.124835 0.001975
24.129836 0.000790
24.134837 0.005461
24.139838 0.002403
24.144839 0.000844
24.149840 0.001686
24.154841 0.002627
24.159842 0.003907
24.164843 -0.001912
24.169844 0.000757
24.174845 0.003622
24.179846 0.000092
24.184847 -0.001352
24.189848 0.000325
24.194849 -0.000362
24.199850 -0.002856
24.204851 -0.002832
24.209852 -0.004644
24.214853 -0.003279
24.219854 -0.005102
24.224855 -0.006873
24.229856 -0.006306
24.234857 -0.006170
24.239858 -0.006443
24.244859 -0.009240
24.249860 -0.006647
24.254861 -0.006208
24.259862 -0.008678
24.264863 -0.007662
24.269864 -0.007883
24.274865 -0.006980
24.279866 -0.004803
24.284867 -0.007909
24.289868 -0.006896
24.294869 -0.004120
24.299870 -0.005142
24.304871 -0.004654
24.309872 -0.004809
24.314873 -0.002886
24.319874 -0.004226
24.324875 -0.004505
24.329876 -0.002815
24.334877 -0.003788
24.339878 -0.001894
24.344879 -0.002713
24.349880 -0.004357
24.354881 -0.000992
24.359882 -0.001907
24.364883 -0.003378
24.369884 -0.001514
24.374885 -0.000627
24.379886 0.000860
24.384887 -0.003428
24.389888 0.000091
24.394889 0.003659
24.399890 0.000147
24.404891 0.001927
24.409892 0.001946
24.414893 0.005579
24.419894 0.004599
24.424895 0.003490
24.429896 0.006148
24.434897 0.006488
24.439898 0.007228
24.444899 0.005315
24.449900 0.006148
24.454901 0.007263
24.459902 0.007866
24.464903 0.006407
24.469904 0.006734
24.474905 0.007931
24.479906 0.007102
24.484907 0.007167
24.489908 0.006489
24.494909 0.008820
24.499910 0.006957
24.504911 0.005952
24.509912 0.007547
24.514913 0.006717
24.519914 0.007356
24.524915 0.004020
24.529916 0.005926
24.534917 0.006393
24.539918 0.002629
24.544919 0.003987
24.549920 0.002461
24.554921 0.003565
24.559922 0.001185
24.564923 -0.000926
24.569924 0.000814
24.574925 -0.000307
24.579926 -0.001228
24.584927 -0.003552
24.589928 -0.002953
24.594929 -0.002123
24.599930 -0.003972
24.604931 -0.007158
24.609932 -0.006917
24.614933 -0.005484
24.619934 -0.007772
24.624935 -0.010583
24.629936 -0.009735
24.634937 -0.008725
24.639938 -0.011142
24.644939 -0.011179
24.649940 -0.011025
24.654941 -0.011149
24.659942 -0.010332
24.664943 -0.011373
24.669944 -0.011015
24.674945 -0.006255
24.679946 -0.008457
24.684947 -0.009534
24.689948 -0.006194
24.694949 -0.005552
24.699950 -0.003227
24.704951 -0.005881
24.709952 -0.003623
24.714953 -0.000732
24.719954 -0.001926
24.724955 -0.002286
24.729956 -0.002274
24.734957 0.000897
24.739958 0.000325
24.744959 -0.000935
24.749960 -0.000438
24.754961 0.002245
24.759962 0.001302
24.764963 -0.000870
24.769964 0.002303
24.774965 0.002867
24.779966 0.001811
24.784967 0.000677
24.789968 0.001782
24.794969 0.003684
24.799970 0.002932
24.804971 0.001002
24.809972 0.001598
24.814973 0.003669
24.819974 0.002286
24.824975 0.001856
24.829976 0.003186
24.834977 0.004985
24.839978 0.004027
24.844979 0.003026
24.849980 0.005661
24.854981 0.006989
24.859982 0.006578
24.864983 0.005056
24.869984 0.007316
24.874985 0.008575
24.879986 0.006820
24.884987 0.007496
24.889988 0.007326
24.894989 0.007846
24.899990 0.007559
24.904991 0.006726
24.909992 0.006731
24.914993 0.006751
24.919994 0.007414
24.924995 0.005167
24.929996 0.005275
24.934997 0.006857
24.939998 0.005424
24.944999 0.004988
24.950000 0.003513
