0.000000 0.000000
0.005001 0.002089
0.010003 0.001682
0.015004 0.001019
0.020006 0.000514
0.025007 0.000398
0.030009 0.000629
0.035010 0.001035
0.040012 0.001459
0.045013 0.001780
0.050015 0.001893
0.055016 0.001743
0.060018 0.001391
0.065019 0.001015
0.070021 0.000818
0.075022 0.000897
0.080024 0.001160
0.085025 0.001396
0.090027 0.001466
0.095028 0.001423
0.100030 0.001396
0.105031 0.001385
0.110033 0.001297
0.115034 0.001144
0.120036 0.001061
0.125037 0.001120
0.130039 0.001254
0.135040 0.001378
0.140042 0.001475
0.145043 0.001551
0.150045 0.001611
0.155046 0.001693
0.160048 0.001828
0.165049 0.001948
0.170051 0.001910
0.175052 0.001635
0.180054 0.001219
0.185055 0.000909
0.190057 0.000943
0.195058 0.001336
0.200060 0.001791
0.205061 0.001914
0.210063 0.001601
0.215064 0.001157
0.220066 0.000966
0.225067 0.001083
0.230069 0.001245
0.235070 0.001222
0.240072 0.001037
0.245073 0.000852
0.250075 0.000761
0.255076 0.000752
0.260078 0.000793
0.265079 0.000870
0.270081 0.000935
0.275082 0.000903
0.280084 0.000717
0.285085 0.000461
0.290087 0.000350
0.295088 0.000552
0.300090 0.000970
0.305091 0.001278
0.310093 0.001215
0.315094 0.000812
0.320096 0.000301
0.325097 -0.000102
0.330099 -0.000269
0.335100 -0.000127
0.340102 0.000286
0.345103 0.000762
0.350105 0.001045
0.355106 0.001030
0.360108 0.000805
0.365109 0.000534
0.370111 0.000359
0.375112 0.000369
0.380114 0.000542
0.385115 0.000742
0.390117 0.000861
0.395118 0.000935
0.400120 0.001031
0.405121 0.001055
0.410123 0.000811
0.415124 0.000282
0.420126 -0.000266
0.425127 -0.000486
0.430129 -0.000229
0.435130 0.000365
0.440132 0.000981
0.445133 0.001323
0.450135 0.001287
0.455136 0.000993
0.460138 0.000673
0.465139 0.000520
0.470141 0.000578
0.475142 0.000714
0.480144 0.000697
0.485145 0.000399
0.490147 -0.000035
0.495148 -0.000272
0.500150 -0.000080
0.505151 0.000425
0.510153 0.000854
0.515154 0.000842
0.520156 0.000353
0.525157 -0.000243
0.530159 -0.000422
0.535160 0.000032
0.540162 0.000770
0.545163 0.001163
0.550165 0.000904
0.555166 0.000309
0.560168 -0.000016
0.565169 0.000217
0.570171 0.000733
0.575172 0.001005
0.580174 0.000757
0.585175 0.000162
0.590177 -0.000346
0.595178 -0.000454
0.600180 -0.000205
0.605181 0.000082
0.610183 0.000140
0.615184 0.000012
0.620186 -0.000058
0.625187 0.000053
0.630189 0.000226
0.635190 0.000295
0.640192 0.000265
0.645193 0.000274
0.650195 0.000418
0.655196 0.000638
0.660198 0.000777
0.665199 0.000736
0.670201 0.000609
0.675202 0.000633
0.680204 0.000923
0.685205 0.001267
0.690207 0.001298
0.695208 0.000890
0.700210 0.000278
0.705211 -0.000160
0.710213 -0.000186
0.715214 0.000162
0.720216 0.000589
0.725217 0.000770
0.730219 0.000646
0.735220 0.000450
0.740222 0.000387
0.745223 0.000429
0.750225 0.000457
0.755226 0.000456
0.760228 0.000448
0.765229 0.000370
0.770231 0.000177
0.775232 0.000002
0.780234 0.000013
0.785235 0.000184
0.790237 0.000344
0.795238 0.000403
0.800240 0.000396
0.805241 0.000374
0.810243 0.000361
0.815244 0.000370
0.820246 0.000353
0.825247 0.000226
0.830249 0.000011
0.835250 -0.000097
0.840252 0.000049
0.845253 0.000312
0.850255 0.000384
0.855256 0.000151
0.860258 -0.000163
0.865259 -0.000253
0.870261 -0.000061
0.875262 0.000204
0.880264 0.000278
0.885265 0.000068
0.890267 -0.000267
0.895268 -0.000446
0.900270 -0.000294
0.905271 0.000112
0.910273 0.000514
0.915274 0.000667
0.920276 0.000483
0.925277 0.000050
0.930279 -0.000424
0.935280 -0.000719
0.940282 -0.000724
0.945283 -0.000508
0.950285 -0.000242
0.955286 -0.000034
0.960288 0.000100
0.965289 0.000127
0.970291 -0.000011
0.975292 -0.000273
0.980294 -0.000480
0.985295 -0.000476
0.990296 -0.000267
0.995298 0.000020
1.000299 0.000238
1.005301 0.000293
1.010302 0.000191
1.015304 0.000035
1.020305 -0.000104
1.025307 -0.000239
1.030308 -0.000330
1.035310 -0.000209
1.040311 0.000242
1.045313 0.000886
1.050314 0.001406
1.055316 0.001557
1.060317 0.001304
1.065319 0.000813
1.070320 0.000343
1.075322 0.000072
1.080323 -0.000039
1.085325 -0.000145
1.090326 -0.000278
1.095328 -0.000315
1.100329 -0.000200
1.105331 -0.000052
1.110332 0.000007
1.115334 -0.000020
1.120335 -0.000119
1.125337 -0.000364
1.130338 -0.000755
1.135340 -0.001073
1.140341 -0.001047
1.145343 -0.000657
1.150344 -0.000167
1.155346 0.000106
1.160347 0.000009
1.165349 -0.000372
1.170350 -0.000767
1.175352 -0.000885
1.180353 -0.000635
1.185355 -0.000213
1.190356 0.000055
1.195358 -0.000005
1.200359 -0.000272
1.205361 -0.000478
1.210362 -0.000463
1.215364 -0.000284
1.220365 -0.000118
1.225367 -0.000069
1.230368 -0.000090
1.235370 -0.000061
1.240371 0.000027
1.245373 0.000037
1.250374 -0.000150
1.255376 -0.000487
1.260377 -0.000819
1.265379 -0.001029
1.270380 -0.001054
1.275382 -0.000879
1.280383 -0.000585
1.285385 -0.000350
1.290386 -0.000294
1.295388 -0.000347
1.300389 -0.000342
1.305391 -0.000272
1.310392 -0.000338
1.315394 -0.000668
1.320395 -0.001065
1.325397 -0.001148
1.330398 -0.000743
1.335400 -0.000100
1.340401 0.000268
1.345403 0.000028
1.350404 -0.000629
1.355406 -0.001132
1.360407 -0.001058
1.365409 -0.000515
1.370410 0.000049
1.375412 0.000314
1.380413 0.000295
1.385415 0.000181
1.390416 0.000104
1.395418 0.000078
1.400419 0.000028
1.405421 -0.000126
1.410422 -0.000346
1.415424 -0.000417
1.420425 -0.000135
1.425427 0.000407
1.430428 0.000805
1.435430 0.000727
1.440431 0.000251
1.445433 -0.000233
1.450434 -0.000399
1.455436 -0.000214
1.460437 0.000082
1.465439 0.000160
1.470440 -0.000119
1.475442 -0.000533
1.480443 -0.000694
1.485445 -0.000449
1.490446 -0.000002
1.495448 0.000355
1.500449 0.000509
1.505451 0.000519
1.510452 0.000510
1.515454 0.000613
1.520455 0.000893
1.525457 0.001250
1.530458 0.001452
1.535460 0.001320
1.540461 0.000876
1.545463 0.000314
1.550464 -0.000150
1.555466 -0.000436
1.560467 -0.000642
1.565469 -0.000935
1.570470 -0.001348
1.575472 -0.001700
1.580473 -0.001724
1.585475 -0.001276
1.590476 -0.000420
1.595478 0.000614
1.600479 0.001517
1.605481 0.002039
1.610482 0.002129
1.615484 0.001934
1.620485 0.001618
1.625487 0.001192
1.630488 0.000541
1.635490 -0.000443
1.640491 -0.001721
1.645493 -0.003022
1.650494 -0.003904
1.655496 -0.004002
1.660497 -0.003284
1.665499 -0.002018
1.670500 -0.000459
1.675502 0.001337
1.680503 0.003338
1.685505 0.005276
1.690506 0.006661
1.695508 0.007019
1.700509 0.006110
1.705511 0.004045
1.710512 0.001287
1.715514 -0.001529
1.720515 -0.003888
1.725517 -0.005492
1.730518 -0.006128
1.735520 -0.005595
1.740521 -0.003898
1.745523 -0.001421
1.750524 0.001264
1.755526 0.003750
1.760527 0.005848
1.765529 0.007293
1.770530 0.007587
1.775532 0.006262
1.780533 0.003348
1.785535 -0.000415
1.790536 -0.003875
1.795538 -0.006147
1.800539 -0.007154
1.805541 -0.007465
1.810542 -0.007587
1.815544 -0.007473
1.820545 -0.006703
1.825547 -0.004991
1.830548 -0.002443
1.835550 0.000547
1.840551 0.003480
1.845553 0.005856
1.850554 0.007233
1.855556 0.007251
1.860557 0.005654
1.865559 0.002451
1.870560 -0.001821
1.875562 -0.006077
1.880563 -0.009141
1.885565 -0.010320
1.890566 -0.009558
1.895568 -0.007169
1.900569 -0.003639
1.905571 0.000355
1.910572 0.003978
1.915574 0.006482
1.920575 0.007454
1.925577 0.006882
1.930578 0.005113
1.935580 0.002739
1.940581 0.000407
1.945583 -0.001350
1.950584 -0.002178
1.955586 -0.001934
1.960587 -0.000786
1.965588 0.000757
1.970590 0.002057
1.975591 0.002615
1.980593 0.002156
1.985594 0.000614
1.990596 -0.001750
1.995597 -0.004228
2.000599 -0.005831
2.005600 -0.005745
2.010602 -0.003769
2.015603 -0.000448
2.020605 0.003199
2.025606 0.006200
2.030608 0.008049
2.035609 0.008705
2.040611 0.008290
2.045612 0.006869
2.050614 0.004501
2.055615 0.001361
2.060617 -0.002288
2.065618 -0.006183
2.070620 -0.009996
2.075621 -0.013155
2.080623 -0.014789
2.085624 -0.013964
2.090626 -0.010102
2.095627 -0.003367
2.100629 0.005202
2.105630 0.013921
2.110632 0.021009
2.115633 0.025079
2.120635 0.025330
2.125636 0.021545
2.130638 0.014186
2.135639 0.004483
2.140641 -0.005794
2.145642 -0.014853
2.150644 -0.021292
2.155645 -0.024189
2.160647 -0.023063
2.165648 -0.017969
2.170650 -0.009757
2.175651 -0.000194
2.180653 0.008416
2.185654 0.014103
2.190656 0.015995
2.195657 0.014374
2.200659 0.010157
2.205660 0.004427
2.210662 -0.001643
2.215663 -0.006778
2.220665 -0.009910
2.225666 -0.010650
2.230668 -0.009402
2.235669 -0.006994
2.240671 -0.004225
2.245672 -0.001638
2.250674 0.000503
2.255675 0.002130
2.260677 0.003234
2.265678 0.003775
2.270680 0.003707
2.275681 0.003084
2.280683 0.002108
2.285684 0.001073
2.290686 0.000286
2.295687 0.000006
2.300689 0.000389
2.305690 0.001412
2.310692 0.002853
2.315693 0.004354
2.320695 0.005516
2.325696 0.005974
2.330698 0.005483
2.335699 0.003976
2.340701 0.001604
2.345702 -0.001264
2.350704 -0.004077
2.355705 -0.006254
2.360707 -0.007421
2.365708 -0.007549
2.370710 -0.006825
2.375711 -0.005418
2.380713 -0.003454
2.385714 -0.001199
2.390716 0.000924
2.395717 0.002547
2.400719 0.003506
2.405720 0.003731
2.410722 0.003102
2.415723 0.001469
2.420725 -0.001223
2.425726 -0.004803
2.430728 -0.008769
2.435729 -0.012319
2.440731 -0.014598
2.445732 -0.015037
2.450734 -0.013522
2.455735 -0.010330
2.460737 -0.005967
2.465738 -0.001037
2.470740 0.003746
2.475741 0.007489
2.480743 0.009270
2.485744 0.008646
2.490746 0.006107
2.495747 0.002896
2.500749 0.000224
2.505750 -0.001394
2.510752 -0.002081
2.515753 -0.002033
2.520755 -0.001154
2.525756 0.000815
2.530758 0.003936
2.535759 0.007815
2.540761 0.011603
2.545762 0.014284
2.550764 0.015106
2.555765 0.013815
2.560767 0.010573
2.565768 0.005818
2.570770 0.000281
2.575771 -0.005009
2.580773 -0.008953
2.585774 -0.010749
2.590776 -0.010107
2.595777 -0.007292
2.600779 -0.003083
2.605780 0.001398
2.610782 0.005052
2.615783 0.007160
2.620785 0.007514
2.625786 0.006353
2.630788 0.004202
2.635789 0.001623
2.640791 -0.001034
2.645792 -0.003629
2.650794 -0.005985
2.655795 -0.007759
2.660797 -0.008555
2.665798 -0.008057
2.670800 -0.006053
2.675801 -0.002557
2.680803 0.001934
2.685804 0.006392
2.690806 0.009587
2.695807 0.010579
2.700809 0.009069
2.705810 0.005530
2.710812 0.001152
2.715813 -0.002495
2.720815 -0.004057
2.725816 -0.002945
2.730818 0.000472
2.735819 0.005045
2.740821 0.009235
2.745822 0.011614
2.750824 0.011414
2.755825 0.008846
2.760827 0.004953
2.765828 0.001071
2.770830 -0.001749
2.775831 -0.003117
2.780833 -0.003348
2.785834 -0.003166
2.790836 -0.003213
2.795837 -0.003749
2.800839 -0.004736
2.805840 -0.006100
2.810842 -0.007779
2.815843 -0.009623
2.820845 -0.011419
2.825846 -0.013100
2.830848 -0.014802
2.835849 -0.016603
2.840851 -0.018148
2.845852 -0.018585
2.850854 -0.016976
2.855855 -0.012957
2.860857 -0.007156
2.865858 -0.001000
2.870860 0.003907
2.875861 0.006412
2.880863 0.006093
2.885864 0.003265
2.890866 -0.001107
2.895867 -0.005613
2.900869 -0.008798
2.905870 -0.009620
2.910872 -0.007674
2.915873 -0.003139
2.920875 0.003353
2.925876 0.010816
2.930878 0.018063
2.935879 0.023955
2.940881 0.027596
2.945882 0.028432
2.950883 0.026330
2.955885 0.021637
2.960886 0.015145
2.965888 0.007991
2.970889 0.001497
2.975891 -0.003129
2.980892 -0.005131
2.985894 -0.004344
2.990895 -0.001087
2.995897 0.003942
3.000898 0.009605
3.005900 0.014346
3.010901 0.016542
3.015903 0.015086
3.020904 0.009834
3.025906 0.001738
3.030907 -0.007359
3.035909 -0.015233
3.040910 -0.019963
3.045912 -0.020504
3.050913 -0.016962
3.055915 -0.010588
3.060916 -0.003516
3.065918 0.001839
3.070919 0.003580
3.075921 0.000951
3.080922 -0.005535
3.085924 -0.014402
3.090925 -0.023675
3.095927 -0.031316
3.100928 -0.035627
3.105930 -0.035580
3.110931 -0.030987
3.115933 -0.022482
3.120934 -0.011340
3.125936 0.000814
3.130937 0.012299
3.135939 0.021559
3.140940 0.027229
3.145942 0.028316
3.150943 0.024590
3.155945 0.016905
3.160946 0.007132
3.165948 -0.002305
3.170949 -0.009003
3.175951 -0.011111
3.180952 -0.007792
3.185954 0.000480
3.190955 0.011992
3.195957 0.024286
3.200958 0.034864
3.205960 0.041817
3.210961 0.044133
3.215963 0.041616
3.220964 0.034656
3.225966 0.024207
3.230967 0.011918
3.235969 -0.000054
3.240970 -0.009689
3.245972 -0.015750
3.250973 -0.017938
3.255975 -0.016605
3.260976 -0.012431
3.265978 -0.006323
3.270979 0.000521
3.275981 0.006610
3.280982 0.010429
3.285984 0.010925
3.290985 0.007886
3.295987 0.001843
3.300988 -0.006365
3.305990 -0.015867
3.310991 -0.025625
3.315993 -0.034240
3.320994 -0.040125
3.325996 -0.041938
3.330997 -0.038892
3.335999 -0.030896
3.341000 -0.018762
3.346002 -0.004391
3.351003 0.009442
3.356005 0.019811
3.361006 0.024494
3.366008 0.022543
3.371009 0.014529
3.376011 0.002462
3.381012 -0.010595
3.386014 -0.021093
3.391015 -0.025678
3.396017 -0.022064
3.401018 -0.010002
3.406020 0.008237
3.411021 0.028425
3.416023 0.045829
3.421024 0.056778
3.426026 0.059619
3.431027 0.054848
3.436029 0.044548
3.441030 0.031507
3.446032 0.018413
3.451033 0.007359
3.456035 -0.000394
3.461036 -0.004546
3.466038 -0.005716
3.471039 -0.005061
3.476041 -0.003684
3.481042 -0.002218
3.486044 -0.000818
3.491045 0.000551
3.496047 0.001736
3.501048 0.002128
3.506050 0.000702
3.511051 -0.003536
3.516053 -0.010889
3.521054 -0.020522
3.526056 -0.030538
3.531057 -0.038590
3.536059 -0.042788
3.541060 -0.042449
3.546062 -0.038268
3.551063 -0.031830
3.556065 -0.024881
3.561066 -0.018850
3.566068 -0.014625
3.571069 -0.012368
3.576071 -0.011444
3.581072 -0.010751
3.586074 -0.009357
3.591075 -0.007021
3.596077 -0.004264
3.601078 -0.001978
3.606080 -0.000811
3.611081 -0.000688
3.616083 -0.000863
3.621084 -0.000505
3.626086 0.000710
3.631087 0.002564
3.636089 0.004767
3.641090 0.007303
3.646092 0.010311
3.651093 0.013774
3.656095 0.017375
3.661096 0.020560
3.666098 0.022619
3.671099 0.022790
3.676101 0.020421
3.681102 0.015249
3.686104 0.007721
3.691105 -0.000916
3.696107 -0.008992
3.701108 -0.015087
3.706110 -0.018476
3.711111 -0.019023
3.716113 -0.016829
3.721114 -0.012127
3.726116 -0.005504
3.731117 0.001959
3.736119 0.008899
3.741120 0.014131
3.746122 0.017043
3.751123 0.017726
3.756125 0.016749
3.761126 0.014698
3.766128 0.011833
3.771129 0.008209
3.776131 0.004127
3.781132 0.000364
3.786134 -0.002087
3.791135 -0.002510
3.796137 -0.000709
3.801138 0.003142
3.806140 0.008852
3.811141 0.016323
3.816143 0.025213
3.821144 0.034420
3.826146 0.041927
3.831147 0.045353
3.836149 0.042875
3.841150 0.033982
3.846152 0.019737
3.851153 0.002546
3.856155 -0.014525
3.861156 -0.028656
3.866158 -0.038011
3.871159 -0.042003
3.876161 -0.041077
3.881162 -0.036264
3.886164 -0.028741
3.891165 -0.019616
3.896167 -0.010000
3.901168 -0.001203
3.906170 0.005283
3.911171 0.008168
3.916173 0.006874
3.921174 0.001797
3.926176 -0.005753
3.931177 -0.013852
3.936178 -0.020444
3.941180 -0.023930
3.946181 -0.023665
3.951183 -0.020114
3.956184 -0.014592
3.961186 -0.008676
3.966187 -0.003528
3.971189 0.000517
3.976190 0.003812
3.981192 0.006798
3.986193 0.009550
3.991195 0.011815
3.996196 0.013277
4.001198 0.013586
4.006199 0.012269
4.011201 0.008942
4.016202 0.003771
4.021204 -0.002310
4.026205 -0.007828
4.031207 -0.011177
4.036208 -0.011002
4.041210 -0.006693
4.046211 0.001117
4.051213 0.010471
4.056214 0.018576
4.061216 0.022612
4.066217 0.020680
4.071219 0.012584
4.076220 -0.000034
4.081222 -0.014401
4.086223 -0.027582
4.091225 -0.037083
4.096226 -0.041102
4.101228 -0.038842
4.106229 -0.030873
4.111231 -0.019138
4.116232 -0.006406
4.121234 0.004647
4.126235 0.012357
4.131237 0.016553
4.136238 0.018334
4.141240 0.019338
4.146241 0.020960
4.151243 0.023840
4.156244 0.027583
4.161246 0.030773
4.166247 0.031483
4.171249 0.028144
4.176250 0.020257
4.181252 0.008630
4.186253 -0.004756
4.191255 -0.017088
4.196256 -0.025296
4.201258 -0.026842
4.206259 -0.020533
4.211261 -0.007047
4.216262 0.011027
4.221264 0.029725
4.226265 0.044691
4.231267 0.052249
4.236268 0.050149
4.241270 0.037971
4.246271 0.017410
4.251273 -0.007714
4.256274 -0.032278
4.261276 -0.051466
4.266277 -0.062215
4.271279 -0.063603
4.276280 -0.056296
4.281282 -0.041785
4.286283 -0.021904
4.291285 0.001391
4.296286 0.025990
4.301288 0.049429
4.306289 0.068766
4.311291 0.080839
4.316292 0.082878
4.321294 0.073314
4.326295 0.052615
4.331297 0.023873
4.336298 -0.007385
4.341300 -0.034481
4.346301 -0.051554
4.351303 -0.055257
4.356304 -0.045456
4.361306 -0.024826
4.366307 0.002205
4.371309 0.030581
4.376310 0.055484
4.381312 0.072917
4.386313 0.080212
4.391315 0.076414
4.396316 0.062282
4.401318 0.039825
4.406319 0.011831
4.411321 -0.018184
4.416322 -0.045893
4.421324 -0.066657
4.426325 -0.076843
4.431327 -0.075229
4.436328 -0.063559
4.441330 -0.045880
4.446331 -0.027108
4.451333 -0.011597
4.456334 -0.002330
4.461336 -0.000878
4.466337 -0.007668
4.471339 -0.022162
4.476340 -0.043031
4.481342 -0.068506
4.486343 -0.096710
4.491345 -0.125549
4.496346 -0.152259
4.501348 -0.173286
4.506349 -0.185025
4.511351 -0.185225
4.516352 -0.174242
4.521354 -0.155316
4.526355 -0.133630
4.531357 -0.114621
4.536358 -0.102426
4.541360 -0.099031
4.546361 -0.104037
4.551363 -0.114802
4.556364 -0.126916
4.561366 -0.135107
4.566367 -0.134520
4.571369 -0.122104
4.576370 -0.097612
4.581372 -0.063650
4.586373 -0.024631
4.591375 0.014812
4.596376 0.051137
4.601378 0.082593
4.606379 0.109352
4.611381 0.133082
4.616382 0.155836
4.621384 0.178559
4.626385 0.200127
4.631387 0.217718
4.636388 0.228236
4.641390 0.229759
4.646391 0.222235
4.651393 0.207292
4.656394 0.187510
4.661396 0.165594
4.666397 0.143872
4.671399 0.124124
4.676400 0.107410
4.681402 0.093780
4.686403 0.082213
4.691405 0.071015
4.696406 0.058457
4.701408 0.043313
4.706409 0.025257
4.711411 0.005171
4.716412 -0.014787
4.721414 -0.031534
4.726415 -0.041786
4.731417 -0.042966
4.736418 -0.034029
4.741420 -0.015845
4.746421 0.009129
4.751423 0.037744
4.756424 0.067155
4.761426 0.095524
4.766427 0.122281
4.771429 0.147908
4.776430 0.173200
4.781432 0.198380
4.786433 0.222654
4.791435 0.244438
4.796436 0.261932
4.801438 0.273679
4.806439 0.279018
4.811441 0.278292
4.816442 0.272530
4.821444 0.262467
4.826445 0.247416
4.831447 0.224929
4.836448 0.191786
4.841450 0.145995
4.846451 0.088648
4.851453 0.024332
4.856454 -0.040454
4.861456 -0.100016
4.866457 -0.151564
4.871459 -0.195408
4.876460 -0.233382
4.881462 -0.266833
4.886463 -0.295512
4.891465 -0.317919
4.896466 -0.332608
4.901468 -0.339441
4.906469 -0.340000
4.911471 -0.337018
4.916472 -0.333255
4.921473 -0.330398
4.926475 -0.328363
4.931476 -0.325171
4.936478 -0.317561
4.941479 -0.302205
4.946481 -0.277047
4.951482 -0.242161
4.956484 -0.199839
4.961485 -0.153797
4.966487 -0.107744
4.971488 -0.064165
4.976490 -0.024300
4.981491 0.010717
4.986493 0.038835
4.991494 0.057371
4.996496 0.064398
5.001497 0.060090
5.006499 0.047179
5.011500 0.030416
5.016502 0.015320
5.021503 0.006719
5.026505 0.007611
5.031506 0.018610
5.036508 0.037783
5.041509 0.060829
5.046511 0.081916
5.051512 0.095322
5.056514 0.097255
5.061515 0.086887
5.066517 0.066301
5.071518 0.039780
5.076520 0.012823
5.081521 -0.009092
5.086523 -0.021837
5.091524 -0.023515
5.096526 -0.014560
5.101527 0.002784
5.106529 0.025254
5.111530 0.049375
5.116532 0.072091
5.121533 0.091154
5.126535 0.105308
5.131536 0.114353
5.136538 0.118970
5.141539 0.120316
5.146541 0.119636
5.151542 0.118196
5.156544 0.117384
5.161545 0.118514
5.166547 0.122214
5.171548 0.127839
5.176550 0.133485
5.181551 0.136741
5.186553 0.135745
5.191554 0.129829
5.196556 0.119367
5.201557 0.105153
5.206559 0.087984
5.211560 0.068747
5.216562 0.048517
5.221563 0.028203
5.226565 0.008005
5.231566 -0.012531
5.236568 -0.033726
5.241569 -0.054920
5.246571 -0.074341
5.251572 -0.089812
5.256574 -0.099874
5.261575 -0.104631
5.266577 -0.105768
5.271578 -0.105711
5.276580 -0.106448
5.281581 -0.108626
5.286583 -0.111317
5.291584 -0.112502
5.296586 -0.110006
5.301587 -0.102389
5.306589 -0.089313
5.311590 -0.071401
5.316592 -0.050089
5.321593 -0.027821
5.326595 -0.008170
5.331596 0.004807
5.336598 0.007986
5.341599 0.000541
5.346601 -0.015539
5.351602 -0.035970
5.356604 -0.055438
5.361605 -0.069117
5.366607 -0.073913
5.371608 -0.069092
5.376610 -0.056215
5.381611 -0.038479
5.386613 -0.019649
5.391614 -0.002897
5.396616 0.010010
5.401617 0.018839
5.406619 0.024466
5.411620 0.028259
5.416622 0.031577
5.421623 0.035454
5.426625 0.040476
5.431626 0.046815
5.436628 0.054344
5.441629 0.062770
5.446631 0.071822
5.451632 0.081394
5.456634 0.091417
5.461635 0.101443
5.466637 0.110288
5.471638 0.116136
5.476640 0.117136
5.481641 0.112222
5.486643 0.101737
5.491644 0.087392
5.496646 0.071434
5.501647 0.055480
5.506649 0.039851
5.511650 0.023848
5.516652 0.006655
5.521653 -0.011887
5.526655 -0.031066
5.531656 -0.049618
5.536658 -0.066395
5.541659 -0.081009
5.546661 -0.093996
5.551662 -0.106356
5.556664 -0.118904
5.561665 -0.131941
5.566667 -0.145179
5.571668 -0.157715
5.576670 -0.168123
5.581671 -0.174951
5.586673 -0.177368
5.591674 -0.175387
5.596676 -0.169397
5.601677 -0.159429
5.606679 -0.144759
5.611680 -0.124172
5.616682 -0.096754
5.621683 -0.062753
5.626685 -0.024038
5.631686 0.016060
5.636688 0.053467
5.641689 0.084429
5.646691 0.106670
5.651692 0.120175
5.656694 0.127145
5.661695 0.131048
5.666697 0.135241
5.671698 0.141857
5.676700 0.151380
5.681701 0.162880
5.686703 0.174589
5.691704 0.184506
5.696706 0.190855
5.701707 0.192402
5.706709 0.188671
5.711710 0.180072
5.716712 0.167829
5.721713 0.153572
5.726715 0.138670
5.731716 0.123673
5.736718 0.108213
5.741719 0.091418
5.746721 0.072628
5.751722 0.052074
5.756724 0.031161
5.761725 0.012051
5.766727 -0.003333
5.771728 -0.014338
5.776730 -0.021942
5.781731 -0.028230
5.786733 -0.035338
5.791734 -0.044553
5.796736 -0.055995
5.801737 -0.068873
5.806739 -0.081955
5.811740 -0.094005
5.816742 -0.104119
5.821743 -0.111976
5.826745 -0.117938
5.831746 -0.122865
5.836748 -0.127667
5.841749 -0.132801
5.846751 -0.137937
5.851752 -0.141974
5.856754 -0.143564
5.861755 -0.141924
5.866757 -0.137314
5.871758 -0.130755
5.876760 -0.123295
5.881761 -0.115492
5.886763 -0.107292
5.891764 -0.098046
5.896765 -0.086595
5.901767 -0.071572
5.906768 -0.052005
5.911770 -0.027960
5.916771 -0.000863
5.921773 0.026767
5.926774 0.052125
5.931776 0.073104
5.936777 0.088904
5.941779 0.099956
5.946780 0.107419
5.951782 0.112712
5.956783 0.117335
5.961785 0.122747
5.966786 0.129996
5.971788 0.139136
5.976789 0.148850
5.981791 0.156699
5.986792 0.159948
5.991794 0.156493
5.996795 0.145377
6.001797 0.126730
6.006798 0.101404
6.011800 0.070658
6.016801 0.035973
6.021803 -0.001071
6.026804 -0.038862
6.031806 -0.075781
6.036807 -0.110286
6.041809 -0.141104
6.046810 -0.167366
6.051812 -0.188581
6.056813 -0.204569
6.061815 -0.215539
6.066816 -0.222186
6.071818 -0.225680
6.076819 -0.227509
6.081821 -0.229190
6.086822 -0.231766
6.091824 -0.235212
6.096825 -0.238217
6.101827 -0.238615
6.106828 -0.234224
6.111830 -0.223533
6.116831 -0.205980
6.121833 -0.181862
6.126834 -0.152038
6.131836 -0.117652
6.136837 -0.080165
6.141839 -0.041622
6.146840 -0.004682
6.151842 0.027966
6.156843 0.054517
6.161845 0.074647
6.166846 0.089450
6.171848 0.100883
6.176849 0.111048
6.181851 0.121492
6.186852 0.132754
6.191854 0.144385
6.196855 0.155413
6.201857 0.164905
6.206858 0.172314
6.211860 0.177489
6.216861 0.180441
6.221863 0.181035
6.226864 0.178898
6.231866 0.173621
6.236867 0.165023
6.241869 0.153218
6.246870 0.138577
6.251872 0.121738
6.256873 0.103639
6.261875 0.085475
6.266876 0.068583
6.271878 0.054263
6.276879 0.043410
6.281881 0.036111
6.286882 0.031638
6.291884 0.028985
6.296885 0.027459
6.301887 0.026855
6.306888 0.027338
6.311890 0.029254
6.316891 0.032889
6.321893 0.038197
6.326894 0.044661
6.331896 0.051407
6.336897 0.057395
6.341899 0.061603
6.346900 0.063303
6.351902 0.062421
6.356903 0.059694
6.361905 0.056466
6.366906 0.054247
6.371908 0.054243
6.376909 0.057003
6.381911 0.062227
6.386912 0.068820
6.391914 0.075113
6.396915 0.079138
6.401917 0.078886
6.406918 0.072548
6.411920 0.058821
6.416921 0.037312
6.421923 0.008899
6.426924 -0.024143
6.431926 -0.058486
6.436927 -0.090605
6.441929 -0.117895
6.446930 -0.139366
6.451932 -0.155574
6.456933 -0.168046
6.461935 -0.178739
6.466936 -0.189536
6.471938 -0.201643
6.476939 -0.215095
6.481941 -0.228707
6.486942 -0.240460
6.491944 -0.248073
6.496945 -0.249682
6.501947 -0.244497
6.506948 -0.233030
6.511950 -0.216644
6.516951 -0.196758
6.521953 -0.174337
6.526954 -0.149865
6.531956 -0.123529
6.536957 -0.095473
6.541959 -0.066057
6.546960 -0.035995
6.551962 -0.006275
6.556963 0.022018
6.561965 0.047830
6.566966 0.070284
6.571968 0.088885
6.576969 0.103694
6.581971 0.115314
6.586972 0.124602
6.591974 0.132208
6.596975 0.138252
6.601977 0.142408
6.606978 0.144303
6.611980 0.143807
6.616981 0.140982
6.621983 0.135895
6.626984 0.128686
6.631986 0.119903
6.636987 0.110539
6.641989 0.101484
6.646990 0.092889
6.651992 0.084153
6.656993 0.074551
6.661995 0.063919
6.666996 0.052986
6.671998 0.043225
6.676999 0.036277
6.682001 0.033149
6.687002 0.033654
6.692004 0.036482
6.697005 0.039824
6.702007 0.042105
6.707008 0.042472
6.712010 0.040905
6.717011 0.038027
6.722013 0.034792
6.727014 0.032287
6.732016 0.031637
6.737017 0.033740
6.742019 0.038789
6.747020 0.045946
6.752022 0.053577
6.757023 0.059997
6.762025 0.064203
6.767026 0.066137
6.772028 0.066345
6.777029 0.065297
6.782031 0.062852
6.787032 0.058230
6.792034 0.050447
6.797035 0.038818
6.802037 0.023230
6.807038 0.004209
6.812040 -0.017138
6.817041 -0.039335
6.822043 -0.060924
6.827044 -0.080710
6.832046 -0.097658
6.837047 -0.110678
6.842049 -0.118645
6.847050 -0.120672
6.852052 -0.116355
6.857053 -0.105885
6.862055 -0.090094
6.867056 -0.070392
6.872058 -0.048504
6.877059 -0.026042
6.882060 -0.004144
6.887062 0.016651
6.892063 0.036282
6.897065 0.054858
6.902066 0.072308
6.907068 0.088206
6.912069 0.101870
6.917071 0.112602
6.922072 0.119893
6.927074 0.123558
6.932075 0.123815
6.937077 0.121197
6.942078 0.116236
6.947080 0.109127
6.952081 0.099610
6.957083 0.087145
6.962084 0.071278
6.967086 0.052020
6.972087 0.029980
6.977089 0.006089
6.982090 -0.018809
6.987092 -0.044043
6.992093 -0.068840
6.997095 -0.092199
7.002096 -0.113210
7.007098 -0.131454
7.012099 -0.146926
7.017101 -0.159600
7.022102 -0.169190
7.027104 -0.175319
7.032105 -0.177830
7.037107 -0.176914
7.042108 -0.173038
7.047110 -0.166791
7.052111 -0.158801
7.057113 -0.149799
7.062114 -0.140659
7.067116 -0.132139
7.072117 -0.124412
7.077119 -0.116829
7.082120 -0.108236
7.087122 -0.097524
7.092123 -0.083981
7.097125 -0.067379
7.102126 -0.048045
7.107128 -0.026949
7.112129 -0.005569
7.117131 0.014578
7.122132 0.032485
7.127134 0.047858
7.132135 0.060811
7.137137 0.071262
7.142138 0.078530
7.147140 0.081500
7.152141 0.079294
7.157143 0.071937
7.162144 0.060522
7.167146 0.046822
7.172147 0.032641
7.177149 0.019249
7.182150 0.007165
7.187152 -0.003569
7.192153 -0.012867
7.197155 -0.020302
7.202156 -0.025242
7.207158 -0.027117
7.212159 -0.025473
7.217161 -0.019969
7.222162 -0.010631
7.227164 0.001767
7.232165 0.015628
7.237167 0.028929
7.242168 0.039813
7.247170 0.047095
7.252171 0.050596
7.257173 0.051195
7.262174 0.050514
7.267176 0.050379
7.272177 0.052404
7.277179 0.057713
7.282180 0.066633
7.287182 0.078419
7.292183 0.091263
7.297185 0.102729
7.302186 0.110425
7.307188 0.112665
7.312189 0.108854
7.317191 0.099419
7.322192 0.085402
7.327194 0.068078
7.332195 0.048831
7.337197 0.029159
7.342198 0.010654
7.347200 -0.005095
7.352201 -0.016680
7.357203 -0.023210
7.362204 -0.024709
7.367206 -0.022199
7.372207 -0.017338
7.377209 -0.011942
7.382210 -0.007691
7.387212 -0.005908
7.392213 -0.007281
7.397215 -0.011645
7.402216 -0.018035
7.407218 -0.024979
7.412219 -0.030935
7.417221 -0.034772
7.422222 -0.036099
7.427224 -0.035200
7.432225 -0.032616
7.437227 -0.028826
7.442228 -0.024265
7.447230 -0.019528
7.452231 -0.015413
7.457233 -0.012769
7.462234 -0.012246
7.467236 -0.014048
7.472237 -0.017829
7.477239 -0.022922
7.482240 -0.028839
7.487242 -0.035475
7.492243 -0.042672
7.497245 -0.049657
7.502246 -0.055131
7.507248 -0.057972
7.512249 -0.057789
7.517251 -0.054919
7.522252 -0.050149
7.527254 -0.044429
7.532255 -0.038618
7.537257 -0.033308
7.542258 -0.028795
7.547260 -0.025174
7.552261 -0.022397
7.557263 -0.020286
7.562264 -0.018601
7.567266 -0.017153
7.572267 -0.015832
7.577269 -0.014553
7.582270 -0.013164
7.587272 -0.011418
7.592273 -0.009095
7.597275 -0.006244
7.602276 -0.003280
7.607278 -0.000679
7.612279 0.001422
7.617281 0.003171
7.622282 0.004476
7.627284 0.004673
7.632285 0.002894
7.637287 -0.001251
7.642288 -0.007378
7.647290 -0.014557
7.652291 -0.021679
7.657293 -0.027709
7.662294 -0.031876
7.667296 -0.033801
7.672297 -0.033499
7.677299 -0.031344
7.682300 -0.027983
7.687302 -0.024145
7.692303 -0.020291
7.697305 -0.016365
7.702306 -0.011796
7.707308 -0.005691
7.712309 0.002965
7.717311 0.015077
7.722312 0.031155
7.727314 0.051030
7.732315 0.073677
7.737317 0.097237
7.742318 0.119374
7.747320 0.137933
7.752321 0.151615
7.757323 0.160207
7.762324 0.164294
7.767326 0.164786
7.772327 0.162641
7.777329 0.158794
7.782330 0.154053
7.787332 0.148919
7.792333 0.143474
7.797335 0.137430
7.802336 0.130226
7.807338 0.121197
7.812339 0.109820
7.817341 0.095917
7.822342 0.079655
7.827344 0.061405
7.832345 0.041667
7.837347 0.021071
7.842348 0.000357
7.847350 -0.019659
7.852351 -0.038111
7.857353 -0.054216
7.862354 -0.067552
7.867355 -0.078146
7.872357 -0.086209
7.877358 -0.091863
7.882360 -0.095288
7.887361 -0.097105
7.892363 -0.098414
7.897364 -0.100330
7.902366 -0.103472
7.907367 -0.107816
7.912369 -0.112851
7.917370 -0.117819
7.922372 -0.121917
7.927373 -0.124426
7.932375 -0.124789
7.937376 -0.122701
7.942378 -0.118236
7.947379 -0.111867
7.952381 -0.104307
7.957382 -0.096332
7.962384 -0.088740
7.967385 -0.082233
7.972387 -0.077176
7.977388 -0.073505
7.982390 -0.070972
7.987391 -0.069433
7.992393 -0.068826
7.997394 -0.068942
8.002396 -0.069326
8.007397 -0.069319
8.012399 -0.068124
8.017400 -0.064935
8.022402 -0.059203
8.027403 -0.050845
8.032405 -0.040288
8.037406 -0.028406
8.042408 -0.016345
8.047409 -0.005098
8.052411 0.005019
8.057412 0.014408
8.062414 0.023611
8.067415 0.032698
8.072417 0.041221
8.077418 0.048597
8.082420 0.054352
8.087421 0.058075
8.092423 0.059459
8.097424 0.058566
8.102426 0.056015
8.107427 0.052840
8.112429 0.050179
8.117430 0.048983
8.122432 0.049794
8.127433 0.052621
8.132435 0.057016
8.137436 0.062318
8.142438 0.067894
8.147439 0.073268
8.152441 0.078130
8.157442 0.082278
8.162444 0.085577
8.167445 0.088029
8.172447 0.089887
8.177448 0.091553
8.182450 0.093243
8.187451 0.094782
8.192453 0.095792
8.197454 0.096013
8.202456 0.095356
8.207457 0.093758
8.212459 0.091140
8.217460 0.087475
8.222462 0.082752
8.227463 0.076875
8.232465 0.069683
8.237466 0.061033
8.242468 0.050856
8.247469 0.039255
8.252471 0.026610
8.257472 0.013507
8.262474 0.000458
8.267475 -0.012221
8.272477 -0.024258
8.277478 -0.035313
8.282480 -0.045152
8.287481 -0.053839
8.292483 -0.061604
8.297484 -0.068507
8.302486 -0.074291
8.307487 -0.078509
8.312489 -0.080705
8.317490 -0.080547
8.322492 -0.077964
8.327493 -0.073258
8.332495 -0.067109
8.337496 -0.060486
8.342498 -0.054530
8.347499 -0.050392
8.352501 -0.049006
8.357502 -0.050829
8.362504 -0.055631
8.367505 -0.062402
8.372507 -0.069566
8.377508 -0.075561
8.382510 -0.079411
8.387511 -0.080837
8.392513 -0.079904
8.397514 -0.076695
8.402516 -0.071380
8.407517 -0.064423
8.412519 -0.056547
8.417520 -0.048443
8.422522 -0.040526
8.427523 -0.032873
8.432525 -0.025302
8.437526 -0.017558
8.442528 -0.009480
8.447529 -0.000942
8.452531 0.008391
8.457532 0.019072
8.462534 0.031470
8.467535 0.045423
8.472537 0.060353
8.477538 0.075541
8.482540 0.090167
8.487541 0.103200
8.492543 0.113524
8.497544 0.120196
8.502546 0.122581
8.507547 0.120432
8.512549 0.114091
8.517550 0.104646
8.522552 0.093684
8.527553 0.082704
8.532555 0.072559
8.537556 0.063229
8.542558 0.053995
8.547559 0.043908
8.552561 0.032232
8.557562 0.018618
8.562564 0.003064
8.567565 -0.014083
8.572567 -0.032080
8.577568 -0.049868
8.582570 -0.066346
8.587571 -0.080666
8.592573 -0.092352
8.597574 -0.101253
8.602576 -0.107448
8.607577 -0.111147
8.612579 -0.112544
8.617580 -0.111750
8.622582 -0.108872
8.627583 -0.104104
8.632585 -0.097692
8.637586 -0.089835
8.642588 -0.080636
8.647589 -0.070026
8.652591 -0.057752
8.657592 -0.043591
8.662594 -0.027750
8.667595 -0.011021
8.672597 0.005513
8.677598 0.020923
8.682600 0.034577
8.687601 0.046028
8.692603 0.054977
8.697604 0.061402
8.702606 0.065607
8.707607 0.068024
8.712609 0.068942
8.717610 0.068432
8.722612 0.066548
8.727613 0.063630
8.732615 0.060411
8.737616 0.057710
8.742618 0.055926
8.747619 0.054878
8.752621 0.054214
8.757622 0.053943
8.762624 0.054514
8.767625 0.056513
8.772627 0.060322
8.777628 0.065900
8.782630 0.072679
8.787631 0.079739
8.792633 0.086251
8.797634 0.091861
8.802636 0.096625
8.807637 0.100668
8.812639 0.103980
8.817640 0.106478
8.822642 0.108071
8.827643 0.108625
8.832645 0.107931
8.837646 0.105728
8.842647 0.101756
8.847649 0.095858
8.852650 0.088051
8.857652 0.078472
8.862653 0.067208
8.867655 0.054285
8.872656 0.039879
8.877658 0.024486
8.882659 0.008817
8.887661 -0.006509
8.892662 -0.021166
8.897664 -0.035119
8.902665 -0.048483
8.907667 -0.061318
8.912668 -0.073488
8.917670 -0.084726
8.922671 -0.094846
8.927673 -0.103847
8.932674 -0.111761
8.937676 -0.118437
8.942677 -0.123489
8.947679 -0.126448
8.952680 -0.126956
8.957682 -0.124943
8.962683 -0.120742
8.967685 -0.115013
8.972686 -0.108468
8.977688 -0.101636
8.982689 -0.094856
8.987691 -0.088357
8.992692 -0.082295
8.997694 -0.076863
9.002695 -0.072419
9.007697 -0.069410
9.012698 -0.068133
9.017700 -0.068638
9.022701 -0.070802
9.027703 -0.074328
9.032704 -0.078658
9.037706 -0.083087
9.042707 -0.087141
9.047709 -0.090821
9.052710 -0.094375
9.057712 -0.097801
9.062713 -0.100637
9.067715 -0.102227
9.072716 -0.102162
9.077718 -0.100421
9.082719 -0.097158
9.087721 -0.092294
9.092722 -0.085269
9.097724 -0.075264
9.102725 -0.061819
9.107727 -0.045215
9.112728 -0.026201
9.117730 -0.005475
9.122731 0.016429
9.127733 0.038892
9.132734 0.061136
9.137736 0.082440
9.142737 0.102310
9.147739 0.120396
9.152740 0.136381
9.157742 0.149977
9.162743 0.160969
9.167745 0.169221
9.172746 0.174726
9.177748 0.177676
9.182749 0.178366
9.187751 0.176991
9.192752 0.173535
9.197754 0.167881
9.202755 0.160027
9.207757 0.150240
9.212758 0.139037
9.217760 0.127013
9.222761 0.114661
9.227763 0.102343
9.232764 0.090363
9.237766 0.078869
9.242767 0.067589
9.247769 0.055852
9.252770 0.043084
9.257772 0.029270
9.262773 0.014862
9.267775 0.000348
9.272776 -0.013939
9.277778 -0.027749
9.282779 -0.040896
9.287781 -0.053346
9.292782 -0.065176
9.297784 -0.076394
9.302785 -0.086921
9.307787 -0.096767
9.312788 -0.106149
9.317790 -0.115377
9.322791 -0.124610
9.327793 -0.133671
9.332794 -0.142061
9.337796 -0.149218
9.342797 -0.154819
9.347799 -0.158784
9.352800 -0.161017
9.357802 -0.161312
9.362803 -0.159602
9.367805 -0.156102
9.372806 -0.151135
9.377808 -0.144960
9.382809 -0.137858
9.387811 -0.130182
9.392812 -0.122157
9.397814 -0.113718
9.402815 -0.104669
9.407817 -0.094975
9.412818 -0.084827
9.417820 -0.074508
9.422821 -0.064225
9.427823 -0.054005
9.432824 -0.043663
9.437826 -0.032863
9.442827 -0.021274
9.447829 -0.008791
9.452830 0.004268
9.457832 0.017142
9.462833 0.028926
9.467835 0.039041
9.472836 0.047496
9.477838 0.054694
9.482839 0.060977
9.487841 0.066398
9.492842 0.070918
9.497844 0.074690
9.502845 0.078035
9.507847 0.081175
9.512848 0.084106
9.517850 0.086730
9.522851 0.089019
9.527853 0.091007
9.532854 0.092749
9.537856 0.094312
9.542857 0.095733
9.547859 0.096906
9.552860 0.097531
9.557862 0.097230
9.562863 0.095715
9.567865 0.092924
9.572866 0.089040
9.577868 0.084339
9.582869 0.078932
9.587871 0.072723
9.592872 0.065703
9.597874 0.058200
9.602875 0.050763
9.607877 0.043858
9.612878 0.037713
9.617880 0.032342
9.622881 0.027585
9.627883 0.023186
9.632884 0.019026
9.637886 0.015308
9.642887 0.012431
9.647889 0.010678
9.652890 0.010035
9.657892 0.010191
9.662893 0.010617
9.667895 0.010738
9.672896 0.010283
9.677898 0.009572
9.682899 0.009428
9.687901 0.010807
9.692902 0.014435
9.697904 0.020590
9.702905 0.029022
9.707907 0.039068
9.712908 0.049929
9.717910 0.060895
9.722911 0.071326
9.727913 0.080538
9.732914 0.087851
9.737916 0.092754
9.742917 0.095033
9.747919 0.094838
9.752920 0.092697
9.757922 0.089260
9.762923 0.084805
9.767925 0.078997
9.772926 0.071251
9.777928 0.061304
9.782929 0.049341
9.787931 0.035676
9.792932 0.020512
9.797934 0.004030
9.802935 -0.013418
9.807937 -0.031271
9.812938 -0.048905
9.817940 -0.065876
9.822941 -0.082094
9.827942 -0.097718
9.832944 -0.112830
9.837945 -0.127181
9.842947 -0.140227
9.847948 -0.151328
9.852950 -0.159959
9.857951 -0.165858
9.862953 -0.169074
9.867954 -0.169830
9.872956 -0.168269
9.877957 -0.164362
9.882959 -0.158162
9.887960 -0.150061
9.892962 -0.140675
9.897963 -0.130444
9.902965 -0.119403
9.907966 -0.107286
9.912968 -0.093797
9.917969 -0.078859
9.922971 -0.062742
9.927972 -0.046035
9.932974 -0.029470
9.937975 -0.013792
9.942977 0.000280
9.947978 0.012152
9.952980 0.021566
9.957981 0.028664
9.962983 0.033735
9.967984 0.036959
9.972986 0.038516
9.977987 0.038854
9.982989 0.038692
9.987990 0.038693
9.992992 0.039132
9.997993 0.039852
10.002995 0.040489
10.007996 0.040765
10.012998 0.040589
10.017999 0.039907
10.023001 0.038524
10.028002 0.036252
10.033004 0.033276
10.038005 0.030166
10.043007 0.027344
10.048008 0.024649
10.053010 0.021611
10.058011 0.018068
10.063013 0.014348
10.068014 0.010899
10.073016 0.007944
10.078017 0.005450
10.083019 0.003246
10.088020 0.001153
10.093022 -0.000906
10.098023 -0.002914
10.103025 -0.004896
10.108026 -0.006981
10.113028 -0.009228
10.118029 -0.011468
10.123031 -0.013388
10.128032 -0.014750
10.133034 -0.015417
10.138035 -0.015181
10.143037 -0.013645
10.148038 -0.010296
10.153040 -0.004726
10.158041 0.003122
10.163043 0.012819
10.168044 0.023589
10.173046 0.034646
10.178047 0.045422
10.183049 0.055452
10.188050 0.064164
10.193052 0.070961
10.198053 0.075521
10.203055 0.077919
10.208056 0.078443
10.213058 0.077354
10.218059 0.074837
10.223061 0.071088
10.228062 0.066343
10.233064 0.060785
10.238065 0.054351
10.243067 0.046677
10.248068 0.037349
10.253070 0.026307
10.258071 0.014016
10.263073 0.001272
10.268074 -0.011152
10.273076 -0.022690
10.278077 -0.032940
10.283079 -0.041581
10.288080 -0.048387
10.293082 -0.053277
10.298083 -0.056347
10.303085 -0.057845
10.308086 -0.058059
10.313088 -0.057185
10.318089 -0.055337
10.323091 -0.052696
10.328092 -0.049542
10.333094 -0.046120
10.338095 -0.042532
10.343097 -0.038831
10.348098 -0.035138
10.353100 -0.031609
10.358101 -0.028282
10.363103 -0.025044
10.368104 -0.021729
10.373106 -0.018197
10.378107 -0.014339
10.383109 -0.010092
10.388110 -0.005485
10.393112 -0.000636
10.398113 0.004318
10.403115 0.009258
10.408116 0.014099
10.413118 0.018801
10.418119 0.023375
10.423121 0.027809
10.428122 0.032040
10.433124 0.036026
10.438125 0.039778
10.443127 0.043255
10.448128 0.046251
10.453130 0.048399
10.458131 0.049282
10.463133 0.048549
10.468134 0.046078
10.473136 0.042100
10.478137 0.037138
10.483139 0.031737
10.488140 0.026235
10.493142 0.020780
10.498143 0.015518
10.503145 0.010671
10.508146 0.006502
10.513148 0.003321
10.518149 0.001501
10.523151 0.001322
10.528152 0.002714
10.533154 0.005228
10.538155 0.008286
10.543157 0.011402
10.548158 0.014148
10.553160 0.016018
10.558161 0.016444
10.563163 0.015006
10.568164 0.011645
10.573166 0.006702
10.578167 0.000688
10.583169 -0.006069
10.588170 -0.013549
10.593172 -0.021756
10.598173 -0.030329
10.603175 -0.038497
10.608176 -0.045431
10.613178 -0.050624
10.618179 -0.054047
10.623181 -0.056054
10.628182 -0.057090
10.633184 -0.057357
10.638185 -0.056762
10.643187 -0.055148
10.648188 -0.052510
10.653190 -0.048978
10.658191 -0.044707
10.663193 -0.039802
10.668194 -0.034228
10.673196 -0.027759
10.678197 -0.020098
10.683199 -0.011138
10.688200 -0.001154
10.693202 0.009225
10.698203 0.019169
10.703205 0.027877
10.708206 0.034886
10.713208 0.040285
10.718209 0.044533
10.723211 0.047955
10.728212 0.050440
10.733214 0.051643
10.738215 0.051377
10.743217 0.049733
10.748218 0.046883
10.753220 0.042921
10.758221 0.037888
10.763223 0.031883
10.768224 0.025061
10.773226 0.017573
10.778227 0.009602
10.783229 0.001489
10.788230 -0.006255
10.793232 -0.013159
10.798233 -0.019072
10.803235 -0.024225
10.808236 -0.029001
10.813237 -0.033615
10.818239 -0.038019
10.823240 -0.042100
10.828242 -0.045893
10.833243 -0.049596
10.838245 -0.053410
10.843246 -0.057379
10.848248 -0.061335
10.853249 -0.064928
10.858251 -0.067782
10.863252 -0.069653
10.868254 -0.070413
10.873255 -0.069862
10.878257 -0.067660
10.883258 -0.063574
10.888260 -0.057824
10.893261 -0.051127
10.898263 -0.044335
10.903264 -0.038040
10.908266 -0.032453
10.913267 -0.027527
10.918269 -0.023113
10.923270 -0.019052
10.928272 -0.015226
10.933273 -0.011596
10.938275 -0.008235
10.943276 -0.005225
10.948278 -0.002422
10.953279 0.000612
10.958281 0.004254
10.963282 0.008405
10.968284 0.012560
10.973285 0.016252
10.978287 0.019286
10.983288 0.021599
10.988290 0.023132
10.993291 0.023936
10.998293 0.024266
11.003294 0.024462
11.008296 0.024730
11.013297 0.025103
11.018299 0.025520
11.023300 0.025883
11.028302 0.026055
11.033303 0.025912
11.038305 0.025358
11.043306 0.024242
11.048308 0.022303
11.053309 0.019301
11.058311 0.015178
11.063312 0.010029
11.068314 0.003976
11.073315 -0.002840
11.078317 -0.010130
11.083318 -0.017381
11.088320 -0.023907
11.093321 -0.029013
11.098323 -0.032238
11.103324 -0.033542
11.108326 -0.033228
11.113327 -0.031596
11.118329 -0.028729
11.123330 -0.024695
11.128332 -0.019845
11.133333 -0.014734
11.138335 -0.009722
11.143336 -0.004744
11.148338 0.000554
11.153339 0.006519
11.158341 0.013252
11.163342 0.020504
11.168344 0.027802
11.173345 0.034758
11.178347 0.041269
11.183348 0.047388
11.188350 0.053092
11.193351 0.058223
11.198353 0.062578
11.203354 0.066006
11.208356 0.068529
11.213357 0.070431
11.218359 0.072114
11.223360 0.073712
11.228362 0.074879
11.233363 0.075042
11.238365 0.073885
11.243366 0.071559
11.248368 0.068494
11.253369 0.065061
11.258371 0.061328
11.263372 0.056988
11.268374 0.051609
11.273375 0.045093
11.278377 0.037896
11.283378 0.030664
11.288380 0.023636
11.293381 0.016510
11.298383 0.008907
11.303384 0.000879
11.308386 -0.007039
11.313387 -0.014150
11.318389 -0.019958
11.323390 -0.024350
11.328392 -0.027522
11.333393 -0.029741
11.338395 -0.031198
11.343396 -0.032093
11.348398 -0.032659
11.353399 -0.032949
11.358401 -0.032696
11.363402 -0.031552
11.368404 -0.029445
11.373405 -0.026577
11.378407 -0.023123
11.383408 -0.019102
11.388410 -0.014567
11.393411 -0.009777
11.398413 -0.005083
11.403414 -0.000674
11.408416 0.003563
11.413417 0.007920
11.418419 0.012531
11.423420 0.017129
11.428422 0.021166
11.433423 0.024267
11.438425 0.026521
11.443426 0.028314
11.448428 0.029894
11.453429 0.031149
11.458431 0.031703
11.463432 0.031138
11.468434 0.029210
11.473435 0.026015
11.478437 0.021939
11.483438 0.017288
11.488440 0.011972
11.493441 0.005693
11.498443 -0.001526
11.503444 -0.009108
11.508446 -0.016204
11.513447 -0.022141
11.518449 -0.026650
11.523450 -0.029864
11.528452 -0.032179
11.533453 -0.034019
11.538455 -0.035644
11.543456 -0.037139
11.548458 -0.038553
11.553459 -0.039952
11.558461 -0.041363
11.563462 -0.042760
11.568464 -0.044137
11.573465 -0.045542
11.578467 -0.047020
11.583468 -0.048538
11.588470 -0.049932
11.593471 -0.050916
11.598473 -0.051192
11.603474 -0.050617
11.608476 -0.049303
11.613477 -0.047502
11.618479 -0.045412
11.623480 -0.043097
11.628482 -0.040578
11.633483 -0.037917
11.638485 -0.035237
11.643486 -0.032738
11.648488 -0.030716
11.653489 -0.029419
11.658491 -0.028873
11.663492 -0.028927
11.668494 -0.029451
11.673495 -0.030366
11.678497 -0.031496
11.683498 -0.032534
11.688500 -0.033200
11.693501 -0.033348
11.698503 -0.032903
11.703504 -0.031832
11.708506 -0.030205
11.713507 -0.028197
11.718509 -0.025954
11.723510 -0.023500
11.728512 -0.020760
11.733513 -0.017608
11.738515 -0.013939
11.743516 -0.009770
11.748518 -0.005195
11.753519 -0.000195
11.758521 0.005382
11.763522 0.011531
11.768524 0.017869
11.773525 0.023801
11.778527 0.028885
11.783528 0.032998
11.788529 0.036266
11.793531 0.038949
11.798532 0.041305
11.803534 0.043413
11.808535 0.045100
11.813537 0.046106
11.818538 0.046367
11.823540 0.046135
11.828541 0.045837
11.833543 0.045845
11.838544 0.046334
11.843546 0.047283
11.848547 0.048623
11.853549 0.050391
11.858550 0.052682
11.863552 0.055444
11.868553 0.058385
11.873555 0.061077
11.878556 0.063098
11.883558 0.064077
11.888559 0.063760
11.893561 0.062139
11.898562 0.059477
11.903564 0.056116
11.908565 0.052257
11.913567 0.047959
11.918568 0.043292
11.923570 0.038397
11.928571 0.033359
11.933573 0.028103
11.938574 0.022464
11.943576 0.016343
11.948577 0.009790
11.953579 0.002988
11.958580 -0.003848
11.963582 -0.010595
11.968583 -0.017226
11.973585 -0.023642
11.978586 -0.029546
11.983588 -0.034572
11.988589 -0.038512
11.993591 -0.041408
11.998592 -0.043514
12.003594 -0.045170
12.008595 -0.046610
12.013597 -0.047809
12.018598 -0.048552
12.023600 -0.048717
12.028601 -0.048449
12.033603 -0.048006
12.038604 -0.047484
12.043606 -0.046793
12.048607 -0.045879
12.053609 -0.044844
12.058610 -0.043801
12.063612 -0.042647
12.068613 -0.041061
12.073615 -0.038767
12.078616 -0.035791
12.083618 -0.032444
12.088619 -0.028994
12.093621 -0.025367
12.098622 -0.021209
12.103624 -0.016259
12.108625 -0.010585
12.113627 -0.004434
12.118628 0.002062
12.123630 0.008928
12.128631 0.016130
12.133633 0.023390
12.138634 0.030214
12.143636 0.036045
12.148637 0.040458
12.153639 0.043326
12.158640 0.044808
12.163642 0.045148
12.168643 0.044496
12.173645 0.042953
12.178646 0.040641
12.183648 0.037610
12.188649 0.033737
12.193651 0.028888
12.198652 0.023176
12.203654 0.016928
12.208655 0.010390
12.213657 0.003575
12.218658 -0.003552
12.223660 -0.010803
12.228661 -0.017784
12.233663 -0.024155
12.238664 -0.029868
12.243666 -0.035184
12.248667 -0.040455
12.253669 -0.045861
12.258670 -0.051272
12.263672 -0.056305
12.268673 -0.060442
12.273675 -0.063151
12.278676 -0.064065
12.283678 -0.063179
12.288679 -0.060819
12.293681 -0.057310
12.298682 -0.052712
12.303684 -0.046887
12.308685 -0.039795
12.313687 -0.031696
12.318688 -0.023123
12.323690 -0.014680
12.328691 -0.006743
12.333693 0.000790
12.338694 0.008418
12.343696 0.016551
12.348697 0.025048
12.353699 0.033262
12.358700 0.040508
12.363702 0.046469
12.368703 0.051189
12.373705 0.054749
12.378706 0.056993
12.383708 0.057596
12.388709 0.056431
12.393711 0.053787
12.398712 0.050139
12.403714 0.045715
12.408715 0.040361
12.413717 0.033867
12.418718 0.026363
12.423720 0.018332
12.428721 0.010312
12.433723 0.002651
12.438724 -0.004501
12.443726 -0.011094
12.448727 -0.017028
12.453729 -0.022002
12.458730 -0.025607
12.463732 -0.027675
12.468733 -0.028466
12.473735 -0.028368
12.478736 -0.027468
12.483738 -0.025538
12.488739 -0.022367
12.493741 -0.017962
12.498742 -0.012527
12.503744 -0.006426
12.508745 -0.000170
12.513747 0.005776
12.518748 0.011234
12.523750 0.016265
12.528751 0.020852
12.533753 0.024748
12.538754 0.027619
12.543756 0.029250
12.548757 0.029595
12.553759 0.028766
12.558760 0.027006
12.563762 0.024641
12.568763 0.021967
12.573765 0.019204
12.578766 0.016485
12.583768 0.013840
12.588769 0.011171
12.593771 0.008346
12.598772 0.005383
12.603774 0.002522
12.608775 0.000048
12.613777 -0.001975
12.618778 -0.003760
12.623780 -0.005577
12.628781 -0.007479
12.633783 -0.009232
12.638784 -0.010493
12.643786 -0.011067
12.648787 -0.010978
12.653789 -0.010301
12.658790 -0.009035
12.663792 -0.007179
12.668793 -0.004825
12.673795 -0.002070
12.678796 0.001079
12.683798 0.004554
12.688799 0.008013
12.693801 0.010951
12.698802 0.013044
12.703804 0.014270
12.708805 0.014743
12.713807 0.014544
12.718808 0.013654
12.723810 0.011947
12.728811 0.009191
12.733813 0.005178
12.738814 -0.000096
12.743816 -0.006347
12.748817 -0.013105
12.753819 -0.019969
12.758820 -0.026845
12.763822 -0.033965
12.768823 -0.041610
12.773824 -0.049724
12.778826 -0.057828
12.783827 -0.065364
12.788829 -0.072037
12.793830 -0.077716
12.798832 -0.082148
12.803833 -0.084995
12.808835 -0.086139
12.813836 -0.085743
12.818838 -0.083985
12.823839 -0.080830
12.828841 -0.076097
12.833842 -0.069671
12.838844 -0.061630
12.843845 -0.052191
12.848847 -0.041523
12.853848 -0.029599
12.858850 -0.016284
12.863851 -0.001625
12.868853 0.014035
12.873854 0.030248
12.878856 0.046663
12.883857 0.062919
12.888859 0.078481
12.893860 0.092803
12.898862 0.105627
12.903863 0.116962
12.908865 0.126763
12.913866 0.134749
12.918868 0.140563
12.923869 0.144045
12.928871 0.145344
12.933872 0.144867
12.938874 0.143111
12.943875 0.140407
12.948877 0.136731
12.953878 0.131794
12.958880 0.125336
12.963881 0.117291
12.968883 0.107719
12.973884 0.096710
12.978886 0.084363
12.983887 0.070828
12.988889 0.056385
12.993890 0.041455
12.998892 0.026487
13.003893 0.011800
13.008895 -0.002426
13.013896 -0.016010
13.018898 -0.028736
13.023899 -0.040473
13.028901 -0.051215
13.033902 -0.060882
13.038904 -0.069212
13.043905 -0.075938
13.048907 -0.081055
13.053908 -0.084810
13.058910 -0.087498
13.063911 -0.089300
13.068913 -0.090266
13.073914 -0.090369
13.078916 -0.089596
13.083917 -0.088059
13.088919 -0.086043
13.093920 -0.083885
13.098922 -0.081779
13.103923 -0.079713
13.108925 -0.077605
13.113926 -0.075447
13.118928 -0.073283
13.123929 -0.071081
13.128931 -0.068677
13.133932 -0.065890
13.138934 -0.062707
13.143935 -0.059400
13.148937 -0.056380
13.153938 -0.053875
13.158940 -0.051755
13.163941 -0.049749
13.168943 -0.047763
13.173944 -0.045902
13.178946 -0.044232
13.183947 -0.042608
13.188949 -0.040691
13.193950 -0.038128
13.198952 -0.034776
13.203953 -0.030805
13.208955 -0.026552
13.213956 -0.022213
13.218958 -0.017691
13.223959 -0.012793
13.228961 -0.007553
13.233962 -0.002308
13.238964 0.002521
13.243965 0.006638
13.248967 0.009940
13.253968 0.012473
13.258970 0.014346
13.263971 0.015673
13.268973 0.016612
13.273974 0.017453
13.278976 0.018496
13.283977 0.019767
13.288979 0.020958
13.293980 0.021712
13.298982 0.021937
13.303983 0.021822
13.308985 0.021681
13.313986 0.021797
13.318988 0.022327
13.323989 0.023309
13.328991 0.024776
13.333992 0.026871
13.338994 0.029809
13.343995 0.033687
13.348997 0.038324
13.353998 0.043333
13.359000 0.048346
13.364001 0.053110
13.369003 0.057461
13.374004 0.061310
13.379006 0.064673
13.384007 0.067588
13.389009 0.069981
13.394010 0.071700
13.399012 0.072684
13.404013 0.073034
13.409015 0.072909
13.414016 0.072406
13.419018 0.071516
13.424019 0.070125
13.429021 0.068078
13.434022 0.065315
13.439024 0.061922
13.444025 0.057978
13.449027 0.053409
13.454028 0.048059
13.459030 0.041895
13.464031 0.035092
13.469033 0.027937
13.474034 0.020702
13.479036 0.013556
13.484037 0.006541
13.489039 -0.000366
13.494040 -0.007100
13.499042 -0.013451
13.504043 -0.019193
13.509045 -0.024285
13.514046 -0.028882
13.519048 -0.033181
13.524049 -0.037278
13.529051 -0.041082
13.534052 -0.044304
13.539054 -0.046610
13.544055 -0.047888
13.549057 -0.048358
13.554058 -0.048348
13.559060 -0.047982
13.564061 -0.047126
13.569063 -0.045616
13.574064 -0.043430
13.579066 -0.040659
13.584067 -0.037428
13.589069 -0.033883
13.594070 -0.030167
13.599072 -0.026379
13.604073 -0.022557
13.609075 -0.018689
13.614076 -0.014720
13.619078 -0.010679
13.624079 -0.006850
13.629081 -0.003731
13.634082 -0.001695
13.639084 -0.000721
13.644085 -0.000521
13.649087 -0.000878
13.654088 -0.001798
13.659090 -0.003393
13.664091 -0.005713
13.669093 -0.008682
13.674094 -0.012108
13.679096 -0.015786
13.684097 -0.019616
13.689099 -0.023563
13.694100 -0.027468
13.699102 -0.030990
13.704103 -0.033836
13.709105 -0.035956
13.714106 -0.037433
13.719108 -0.038269
13.724109 -0.038380
13.729111 -0.037714
13.734112 -0.036274
13.739114 -0.034088
13.744115 -0.031250
13.749117 -0.027956
13.754118 -0.024359
13.759119 -0.020447
13.764121 -0.016161
13.769122 -0.011585
13.774124 -0.006908
13.779125 -0.002276
13.784127 0.002233
13.789128 0.006520
13.794130 0.010507
13.799131 0.014227
13.804133 0.017735
13.809134 0.020918
13.814136 0.023504
13.819137 0.025288
13.824139 0.026277
13.829140 0.026661
13.834142 0.026660
13.839143 0.026376
13.844145 0.025717
13.849146 0.024533
13.854148 0.022849
13.859149 0.020921
13.864151 0.018989
13.869152 0.017057
13.874154 0.014948
13.879155 0.012536
13.884157 0.009857
13.889158 0.007032
13.894160 0.004141
13.899161 0.001198
13.904163 -0.001789
13.909164 -0.004735
13.914166 -0.007437
13.919167 -0.009600
13.924169 -0.010995
13.929170 -0.011626
13.934172 -0.011758
13.939173 -0.011733
13.944175 -0.011754
13.949176 -0.011804
13.954178 -0.011744
13.959179 -0.011450
13.964181 -0.010851
13.969182 -0.009888
13.974184 -0.008463
13.979185 -0.006463
13.984187 -0.003832
13.989188 -0.000615
13.994190 0.003089
13.999191 0.007161
14.004193 0.011458
14.009194 0.015818
14.014196 0.020128
14.019197 0.024349
14.024199 0.028445
14.029200 0.032295
14.034202 0.035706
14.039203 0.038497
14.044205 0.040589
14.049206 0.042054
14.054208 0.043060
14.059209 0.043712
14.064211 0.043939
14.069212 0.043586
14.074214 0.042654
14.079215 0.041360
14.084217 0.039944
14.089218 0.038469
14.094220 0.036873
14.099221 0.035134
14.104223 0.033306
14.109224 0.031437
14.114226 0.029537
14.119227 0.027623
14.124229 0.025761
14.129230 0.024082
14.134232 0.022742
14.139233 0.021752
14.144235 0.020805
14.149236 0.019391
14.154238 0.017180
14.159239 0.014245
14.164241 0.010892
14.169242 0.007351
14.174244 0.003712
14.179245 0.000055
14.184247 -0.003464
14.189248 -0.006690
14.194250 -0.009573
14.199251 -0.012186
14.204253 -0.014647
14.209254 -0.016983
14.214256 -0.019060
14.219257 -0.020698
14.224259 -0.021945
14.229260 -0.023187
14.234262 -0.024879
14.239263 -0.027165
14.244265 -0.029815
14.249266 -0.032493
14.254268 -0.034994
14.259269 -0.037283
14.264271 -0.039422
14.269272 -0.041449
14.274274 -0.043282
14.279275 -0.044760
14.284277 -0.045848
14.289278 -0.046727
14.294280 -0.047575
14.299281 -0.048294
14.304283 -0.048511
14.309284 -0.047886
14.314286 -0.046390
14.319287 -0.044313
14.324289 -0.041996
14.329290 -0.039525
14.334292 -0.036616
14.339293 -0.032855
14.344295 -0.028098
14.349296 -0.022643
14.354298 -0.016955
14.359299 -0.011289
14.364301 -0.005640
14.369302 0.000042
14.374304 0.005718
14.379305 0.011281
14.384307 0.016526
14.389308 0.021109
14.394310 0.024704
14.399311 0.027241
14.404313 0.028954
14.409314 0.030212
14.414316 0.031320
14.419317 0.032367
14.424319 0.033134
14.429320 0.033176
14.434322 0.032119
14.439323 0.029923
14.444325 0.026911
14.449326 0.023598
14.454328 0.020475
14.459329 0.017745
14.464331 0.015129
14.469332 0.012052
14.474334 0.008211
14.479335 0.003953
14.484337 0.000034
14.489338 -0.002974
14.494340 -0.005021
14.499341 -0.006484
14.504343 -0.007864
14.509344 -0.009467
14.514346 -0.011237
14.519347 -0.012896
14.524349 -0.014268
14.529350 -0.015418
14.534352 -0.016497
14.539353 -0.017547
14.544355 -0.018489
14.549356 -0.019199
14.554358 -0.019596
14.559359 -0.019716
14.564361 -0.019696
14.569362 -0.019623
14.574364 -0.019349
14.579365 -0.018505
14.584367 -0.016758
14.589368 -0.014080
14.594370 -0.010720
14.599371 -0.006955
14.604373 -0.002920
14.609374 0.001322
14.614376 0.005673
14.619377 0.009997
14.624379 0.014151
14.629380 0.018012
14.634382 0.021487
14.639383 0.024517
14.644385 0.027061
14.649386 0.029092
14.654388 0.030579
14.659389 0.031470
14.664391 0.031696
14.669392 0.031249
14.674394 0.030234
14.679395 0.028785
14.684397 0.026886
14.689398 0.024360
14.694400 0.021114
14.699401 0.017318
14.704403 0.013233
14.709404 0.008909
14.714406 0.004228
14.719407 -0.000748
14.724409 -0.005598
14.729410 -0.009804
14.734412 -0.013171
14.739413 -0.016008
14.744414 -0.018892
14.749416 -0.022179
14.754417 -0.025703
14.759419 -0.028950
14.764420 -0.031526
14.769422 -0.033427
14.774423 -0.034923
14.779425 -0.036286
14.784426 -0.037631
14.789428 -0.038845
14.794429 -0.039583
14.799431 -0.039477
14.804432 -0.038460
14.809434 -0.036808
14.814435 -0.034759
14.819437 -0.032223
14.824438 -0.028970
14.829440 -0.025010
14.834441 -0.020631
14.839443 -0.016147
14.844444 -0.011685
14.849446 -0.007156
14.854447 -0.002382
14.859449 0.002679
14.864450 0.007795
14.869452 0.012611
14.874453 0.017014
14.879455 0.021202
14.884456 0.025334
14.889458 0.029205
14.894459 0.032433
14.899461 0.034848
14.904462 0.036587
14.909464 0.037858
14.914465 0.038721
14.919467 0.039032
14.924468 0.038494
14.929470 0.036826
14.934471 0.033989
14.939473 0.030260
14.944474 0.026031
14.949476 0.021554
14.954477 0.016946
14.959479 0.012343
14.964480 0.007911
14.969482 0.003717
14.974483 -0.000281
14.979485 -0.004087
14.984486 -0.007605
14.989488 -0.010722
14.994489 -0.013379
14.999491 -0.015582
15.004492 -0.017472
15.009494 -0.019318
15.014495 -0.021286
15.019497 -0.023222
15.024498 -0.024778
15.029500 -0.025761
15.034501 -0.026275
15.039503 -0.026512
15.044504 -0.026497
15.049506 -0.026072
15.054507 -0.025089
15.059509 -0.023630
15.064510 -0.022043
15.069512 -0.020734
15.074513 -0.019824
15.079515 -0.019004
15.084516 -0.017794
15.089518 -0.015962
15.094519 -0.013636
15.099521 -0.011101
15.104522 -0.008598
15.109524 -0.006267
15.114525 -0.004148
15.119527 -0.002178
15.124528 -0.000227
15.129530 0.001846
15.134531 0.004175
15.139533 0.006845
15.144534 0.009799
15.149536 0.012841
15.154537 0.015783
15.159539 0.018599
15.164540 0.021422
15.169542 0.024423
15.174543 0.027636
15.179545 0.030884
15.184546 0.033840
15.189548 0.036185
15.194549 0.037706
15.199551 0.038272
15.204552 0.037753
15.209554 0.036023
15.214555 0.033036
15.219557 0.028867
15.224558 0.023657
15.229560 0.017608
15.234561 0.011046
15.239563 0.004407
15.244564 -0.001946
15.249566 -0.007885
15.254567 -0.013440
15.259569 -0.018644
15.264570 -0.023510
15.269572 -0.028053
15.274573 -0.032224
15.279575 -0.035877
15.284576 -0.038860
15.289578 -0.041081
15.294579 -0.042448
15.299581 -0.042844
15.304582 -0.042222
15.309584 -0.040636
15.314585 -0.038119
15.319587 -0.034566
15.324588 -0.029810
15.329590 -0.023807
15.334591 -0.016714
15.339593 -0.008838
15.344594 -0.000574
15.349596 0.007688
15.354597 0.015707
15.359599 0.023394
15.364600 0.030616
15.369602 0.037054
15.374603 0.042362
15.379605 0.046411
15.384606 0.049341
15.389608 0.051355
15.394609 0.052444
15.399611 0.052343
15.404612 0.050790
15.409614 0.047866
15.414615 0.044061
15.419617 0.039995
15.424618 0.036015
15.429620 0.032053
15.434621 0.027879
15.439623 0.023436
15.444624 0.018875
15.449626 0.014330
15.454627 0.009801
15.459629 0.005235
15.464630 0.000561
15.469632 -0.004325
15.474633 -0.009414
15.479635 -0.014343
15.484636 -0.018513
15.489638 -0.021584
15.494639 -0.023762
15.499641 -0.025546
15.504642 -0.027225
15.509644 -0.028656
15.514645 -0.029460
15.519647 -0.029413
15.524648 -0.028672
15.529650 -0.027635
15.534651 -0.026552
15.539653 -0.025310
15.544654 -0.023600
15.549656 -0.021246
15.554657 -0.018343
15.559659 -0.015179
15.564660 -0.012136
15.569662 -0.009583
15.574663 -0.007662
15.579665 -0.006148
15.584666 -0.004618
15.589668 -0.002780
15.594669 -0.000612
15.599671 0.001744
15.604672 0.004062
15.609674 0.006035
15.614675 0.007384
15.619677 0.008018
15.624678 0.008016
15.629680 0.007494
15.634681 0.006579
15.639683 0.005439
15.644684 0.004201
15.649686 0.002843
15.654687 0.001242
15.659689 -0.000689
15.664690 -0.002980
15.669692 -0.005641
15.674693 -0.008578
15.679695 -0.011466
15.684696 -0.013844
15.689698 -0.015404
15.694699 -0.016187
15.699701 -0.016508
15.704702 -0.016710
15.709704 -0.016925
15.714705 -0.017021
15.719706 -0.016764
15.724708 -0.016058
15.729709 -0.015078
15.734711 -0.014200
15.739712 -0.013815
15.744714 -0.014159
15.749715 -0.015220
15.754717 -0.016732
15.759718 -0.018293
15.764720 -0.019604
15.769721 -0.020671
15.774723 -0.021750
15.779724 -0.023030
15.784726 -0.024384
15.789727 -0.025449
15.794729 -0.025943
15.799730 -0.025895
15.804732 -0.025585
15.809733 -0.025265
15.814735 -0.024948
15.819736 -0.024427
15.824738 -0.023524
15.829739 -0.022259
15.834741 -0.020732
15.839742 -0.018886
15.844744 -0.016498
15.849745 -0.013396
15.854747 -0.009584
15.859748 -0.005187
15.864750 -0.000361
15.869751 0.004751
15.874753 0.010033
15.879754 0.015386
15.884756 0.020720
15.889757 0.025987
15.894759 0.031202
15.899760 0.036371
15.904762 0.041406
15.909763 0.046192
15.914765 0.050750
15.919766 0.055231
15.924768 0.059687
15.929769 0.063907
15.934771 0.067597
15.939772 0.070655
15.944774 0.073153
15.949775 0.075078
15.954777 0.076213
15.959778 0.076287
15.964780 0.075163
15.969781 0.072874
15.974783 0.069582
15.979784 0.065494
15.984786 0.060723
15.989787 0.055192
15.994789 0.048740
15.999790 0.041375
16.004792 0.033361
16.009793 0.025061
16.014795 0.016737
16.019796 0.008509
16.024798 0.000440
16.029799 -0.007386
16.034801 -0.014826
16.039802 -0.021710
16.044804 -0.027908
16.049805 -0.033363
16.054807 -0.038056
16.059808 -0.041987
16.064810 -0.045166
16.069811 -0.047592
16.074813 -0.049237
16.079814 -0.050114
16.084816 -0.050368
16.089817 -0.050170
16.094819 -0.049455
16.099820 -0.047862
16.104822 -0.045084
16.109823 -0.041249
16.114825 -0.036881
16.119826 -0.032505
16.124828 -0.028310
16.129829 -0.024159
16.134831 -0.019860
16.139832 -0.015485
16.144834 -0.011474
16.149835 -0.008382
16.154837 -0.006474
16.159838 -0.005551
16.164840 -0.005184
16.169841 -0.005056
16.174843 -0.005131
16.179844 -0.005618
16.184846 -0.006843
16.189847 -0.009033
16.194849 -0.012132
16.199850 -0.015813
16.204852 -0.019701
16.209853 -0.023546
16.214855 -0.027190
16.219856 -0.030557
16.224858 -0.033756
16.229859 -0.037029
16.234861 -0.040431
16.239862 -0.043661
16.244864 -0.046310
16.249865 -0.048167
16.254867 -0.049191
16.259868 -0.049265
16.264870 -0.048154
16.269871 -0.045668
16.274873 -0.041784
16.279874 -0.036627
16.284876 -0.030422
16.289877 -0.023454
16.294879 -0.016024
16.299880 -0.008435
16.304882 -0.000986
16.309883 0.006102
16.314885 0.012820
16.319886 0.019321
16.324888 0.025635
16.329889 0.031519
16.334891 0.036691
16.339892 0.041156
16.344894 0.045151
16.349895 0.048782
16.354897 0.051841
16.359898 0.053970
16.364900 0.054968
16.369901 0.054935
16.374903 0.054204
16.379904 0.053098
16.384906 0.051665
16.389907 0.049605
16.394909 0.046519
16.399910 0.042295
16.404912 0.037228
16.409913 0.031788
16.414915 0.026316
16.419916 0.020900
16.424918 0.015453
16.429919 0.009850
16.434921 0.004072
16.439922 -0.001738
16.444924 -0.007331
16.449925 -0.012460
16.454927 -0.016961
16.459928 -0.020830
16.464930 -0.024281
16.469931 -0.027651
16.474933 -0.031085
16.479934 -0.034337
16.484936 -0.036969
16.489937 -0.038748
16.494939 -0.039787
16.499940 -0.040335
16.504942 -0.040529
16.509943 -0.040317
16.514945 -0.039525
16.519946 -0.038036
16.524948 -0.035905
16.529949 -0.033295
16.534951 -0.030300
16.539952 -0.026929
16.544954 -0.023262
16.549955 -0.019521
16.554957 -0.015881
16.559958 -0.012293
16.564960 -0.008568
16.569961 -0.004633
16.574963 -0.000623
16.579964 0.003283
16.584966 0.007065
16.589967 0.010920
16.594969 0.015167
16.599970 0.020070
16.604972 0.025591
16.609973 0.031296
16.614975 0.036645
16.619976 0.041411
16.624978 0.045741
16.629979 0.049803
16.634981 0.053467
16.639982 0.056300
16.644984 0.057813
16.649985 0.057873
16.654987 0.057057
16.659988 0.056468
16.664990 0.056738
16.669991 0.056815
16.674993 0.053829
16.679994 0.044969
16.684996 0.030515
16.689997 0.015128
16.694999 0.004548
16.700000 0.000309
