0.000000 0.000000
0.005002 -0.000115
0.010003 -0.000936
0.015005 -0.001348
0.020006 -0.001252
0.025008 -0.000855
0.030009 -0.000391
0.035011 0.000019
0.040012 0.000277
0.045014 0.000232
0.050015 -0.000176
0.055017 -0.000737
0.060018 -0.001051
0.065020 -0.000859
0.070021 -0.000305
0.075023 0.000160
0.080024 0.000203
0.085026 -0.000087
0.090027 -0.000386
0.095029 -0.000530
0.100030 -0.000574
0.105032 -0.000493
0.110033 -0.000116
0.115035 0.000539
0.120036 0.001089
0.125038 0.001184
0.130039 0.000881
0.135041 0.000437
0.140042 -0.000086
0.145044 -0.000713
0.150045 -0.001217
0.155047 -0.001213
0.160048 -0.000624
0.165050 0.000141
0.170051 0.000590
0.175053 0.000568
0.180054 0.000188
0.185056 -0.000448
0.190057 -0.001231
0.195059 -0.001867
0.200060 -0.001988
0.205062 -0.001516
0.210063 -0.000813
0.215065 -0.000424
0.220066 -0.000639
0.225068 -0.001264
0.230069 -0.001800
0.235071 -0.001888
0.240072 -0.001581
0.245074 -0.001173
0.250075 -0.000876
0.255077 -0.000746
0.260078 -0.000779
0.265080 -0.000918
0.270081 -0.001029
0.275083 -0.000999
0.280084 -0.000823
0.285086 -0.000552
0.290087 -0.000231
0.295089 0.000058
0.300090 0.000182
0.305092 0.000092
0.310093 -0.000108
0.315095 -0.000268
0.320096 -0.000312
0.325098 -0.000214
0.330099 0.000018
0.335101 0.000250
0.340102 0.000216
0.345104 -0.000224
0.350105 -0.000847
0.355107 -0.001249
0.360108 -0.001281
0.365110 -0.001152
0.370112 -0.001084
0.375113 -0.001011
0.380115 -0.000710
0.385116 -0.000168
0.390118 0.000273
0.395119 0.000195
0.400121 -0.000477
0.405122 -0.001349
0.410124 -0.001908
0.415125 -0.001975
0.420127 -0.001758
0.425128 -0.001463
0.430130 -0.001041
0.435131 -0.000441
0.440133 0.000098
0.445134 0.000277
0.450136 0.000191
0.455137 0.000250
0.460139 0.000598
0.465140 0.000849
0.470142 0.000456
0.475143 -0.000726
0.480145 -0.002228
0.485146 -0.003219
0.490148 -0.003079
0.495149 -0.001944
0.500151 -0.000686
0.505152 -0.000180
0.510154 -0.000559
0.515155 -0.001250
0.520157 -0.001619
0.525158 -0.001459
0.530160 -0.000909
0.535161 -0.000171
0.540163 0.000586
0.545164 0.001224
0.550166 0.001674
0.555167 0.001893
0.560169 0.001765
0.565170 0.001181
0.570172 0.000278
0.575173 -0.000613
0.580175 -0.001359
0.585176 -0.002263
0.590178 -0.003805
0.595179 -0.006113
0.600181 -0.008610
0.605182 -0.010191
0.610184 -0.009907
0.615185 -0.007642
0.620187 -0.004084
0.625188 0.000056
0.630190 0.004717
0.635191 0.010246
0.640193 0.016414
0.645194 0.021585
0.650196 0.022787
0.655197 0.017042
0.660199 0.003722
0.665200 -0.013550
0.670202 -0.027681
0.675203 -0.032123
0.680205 -0.025378
0.685206 -0.012051
0.690208 0.000664
0.695209 0.007970
0.700211 0.009777
0.705212 0.009074
0.710214 0.008666
0.715215 0.009385
0.720217 0.010671
0.725219 0.011755
0.730220 0.011567
0.735222 0.007986
0.740223 -0.001124
0.745225 -0.014636
0.750226 -0.026106
0.755228 -0.026831
0.760229 -0.012980
0.765231 0.009304
0.770232 0.026227
0.775234 0.025294
0.780235 0.004378
0.785237 -0.025746
0.790238 -0.047182
0.795240 -0.045245
0.800241 -0.017247
0.805243 0.024933
0.810244 0.060058
0.815246 0.068731
0.820247 0.045338
0.825249 0.003271
0.830250 -0.031875
0.835252 -0.038748
0.840253 -0.015669
0.845255 0.016950
0.850256 0.030576
0.855258 0.009705
0.860259 -0.035403
0.865261 -0.074690
0.870262 -0.079457
0.875264 -0.043227
0.880265 0.013560
0.885267 0.058527
0.890268 0.070312
0.895270 0.052016
0.900271 0.025612
0.905273 0.012712
0.910274 0.017330
0.915276 0.024133
0.920277 0.012961
0.925279 -0.022535
0.930280 -0.067132
0.935282 -0.093264
0.940283 -0.080278
0.945285 -0.029732
0.950286 0.033881
0.955288 0.077423
0.960289 0.079213
0.965291 0.042197
0.970292 -0.008386
0.975294 -0.041747
0.980295 -0.041746
0.985297 -0.016503
0.990298 0.009661
0.995300 0.015931
1.000301 0.000977
1.005303 -0.017445
1.010304 -0.018472
1.015306 0.003958
1.020307 0.035928
1.025309 0.054332
1.030310 0.043817
1.035312 0.006684
1.040313 -0.039640
1.045315 -0.073238
1.050316 -0.078849
1.055318 -0.054649
1.060319 -0.012763
1.065321 0.026954
1.070322 0.047866
1.075324 0.046137
1.080325 0.031883
1.085327 0.020198
1.090329 0.018744
1.095330 0.022048
1.100332 0.017388
1.105333 -0.002776
1.110335 -0.032659
1.115336 -0.056289
1.120338 -0.059083
1.125339 -0.038238
1.130341 -0.004279
1.135342 0.026247
1.140344 0.040810
1.145345 0.037140
1.150347 0.022777
1.155348 0.009144
1.160350 0.003886
1.165351 0.005937
1.170353 0.006538
1.175354 -0.003866
1.180356 -0.026989
1.185357 -0.052660
1.190359 -0.063495
1.195360 -0.046535
1.200362 -0.004120
1.205363 0.044644
1.210365 0.074588
1.215366 0.070727
1.220368 0.038161
1.225369 -0.002141
1.230371 -0.028318
1.235372 -0.031411
1.240374 -0.017944
1.245375 -0.001679
1.250377 0.006615
1.255378 0.003699
1.260380 -0.007462
1.265381 -0.020686
1.270383 -0.028974
1.275384 -0.027223
1.280386 -0.015308
1.285387 0.001194
1.290389 0.014618
1.295390 0.020638
1.300392 0.020461
1.305393 0.017994
1.310395 0.015574
1.315396 0.012837
1.320398 0.008914
1.325399 0.004163
1.330401 -0.000933
1.335402 -0.007329
1.340404 -0.016029
1.345405 -0.024773
1.350407 -0.027793
1.355408 -0.020695
1.360410 -0.005938
1.365411 0.007518
1.370413 0.011066
1.375414 0.003623
1.380416 -0.007274
1.385417 -0.010978
1.390419 -0.001114
1.395420 0.020086
1.400422 0.042324
1.405423 0.052088
1.410425 0.040059
1.415426 0.007775
1.420428 -0.031107
1.425429 -0.057672
1.430431 -0.059475
1.435432 -0.038522
1.440434 -0.008682
1.445436 0.015370
1.450437 0.027895
1.455439 0.032399
1.460440 0.033896
1.465442 0.031885
1.470443 0.020942
1.475445 -0.002248
1.480446 -0.032414
1.485448 -0.055962
1.490449 -0.058484
1.495451 -0.034522
1.500452 0.007153
1.505454 0.046749
1.510455 0.064019
1.515457 0.050264
1.520458 0.014165
1.525460 -0.023098
1.530461 -0.040997
1.535463 -0.032292
1.540464 -0.006250
1.545466 0.019274
1.550467 0.030062
1.555469 0.023025
1.560470 0.005146
1.565472 -0.013242
1.570473 -0.025248
1.575475 -0.030145
1.580476 -0.030969
1.585478 -0.029355
1.590479 -0.022454
1.595481 -0.005481
1.600482 0.021858
1.605484 0.051398
1.610485 0.069775
1.615487 0.066950
1.620488 0.043007
1.625490 0.007878
1.630491 -0.025072
1.635493 -0.046118
1.640494 -0.052291
1.645496 -0.046210
1.650497 -0.033122
1.655499 -0.018128
1.660500 -0.004212
1.665502 0.008314
1.670503 0.020151
1.675505 0.030136
1.680506 0.034352
1.685508 0.029184
1.690509 0.015743
1.695511 0.000581
1.700512 -0.008997
1.705514 -0.010906
1.710515 -0.009713
1.715517 -0.012104
1.720518 -0.020689
1.725520 -0.031622
1.730521 -0.037472
1.735523 -0.032190
1.740524 -0.014397
1.745526 0.012058
1.750527 0.039045
1.755529 0.056047
1.760530 0.053936
1.765532 0.030458
1.770533 -0.005968
1.775535 -0.038578
1.780536 -0.051222
1.785538 -0.038555
1.790539 -0.009867
1.795541 0.017016
1.800542 0.027973
1.805544 0.022032
1.810546 0.010598
1.815547 0.007025
1.820549 0.015117
1.825550 0.026052
1.830552 0.025940
1.835553 0.007433
1.840555 -0.023790
1.845556 -0.052033
1.850558 -0.061357
1.855559 -0.045388
1.860561 -0.011208
1.865562 0.024730
1.870564 0.046165
1.875565 0.046364
1.880567 0.031132
1.885568 0.013051
1.890570 0.001069
1.895571 -0.005756
1.900573 -0.014473
1.905574 -0.028258
1.910576 -0.040887
1.915577 -0.041819
1.920579 -0.026689
1.925580 -0.002310
1.930582 0.018713
1.935583 0.028200
1.940585 0.027732
1.945586 0.024923
1.950588 0.025107
1.955589 0.026330
1.960591 0.021457
1.965592 0.004834
1.970594 -0.021934
1.975595 -0.048954
1.980597 -0.062535
1.985598 -0.053054
1.990600 -0.021749
1.995601 0.018424
2.000603 0.049370
2.005604 0.057893
2.010606 0.042334
2.015607 0.011849
2.020609 -0.019763
2.025610 -0.040695
2.030612 -0.044991
2.035613 -0.033543
2.040615 -0.012903
2.045616 0.008122
2.050618 0.023114
2.055619 0.030812
2.060621 0.033328
2.065622 0.031400
2.070624 0.021914
2.075625 0.001275
2.080627 -0.028157
2.085628 -0.055706
2.090630 -0.068106
2.095631 -0.058976
2.100633 -0.033429
2.105634 -0.003809
2.110636 0.018864
2.115637 0.030264
2.120639 0.032228
2.125640 0.029179
2.130642 0.025072
2.135643 0.021950
2.140645 0.019742
2.145646 0.017112
2.150648 0.012813
2.155649 0.006294
2.160651 -0.002991
2.165653 -0.016148
2.170654 -0.033352
2.175656 -0.050825
2.180657 -0.059869
2.185659 -0.051076
2.190660 -0.021992
2.195662 0.018133
2.200663 0.051919
2.205665 0.064280
2.210666 0.051897
2.215668 0.024578
2.220669 -0.001794
2.225671 -0.014919
2.230672 -0.012009
2.235674 0.000647
2.240675 0.012971
2.245677 0.017391
2.250678 0.012296
2.255680 0.001050
2.260681 -0.011756
2.265683 -0.023457
2.270684 -0.033677
2.275686 -0.042454
2.280687 -0.048428
2.285689 -0.048809
2.290690 -0.040975
2.295692 -0.024196
2.300693 -0.000255
2.305695 0.027006
2.310696 0.052343
2.315698 0.069672
2.320699 0.073305
2.325701 0.060398
2.330702 0.033438
2.335704 0.000600
2.340705 -0.026891
2.345707 -0.039142
2.350708 -0.031707
2.355710 -0.007923
2.360711 0.021511
2.365713 0.042197
2.370714 0.042131
2.375716 0.017814
2.380717 -0.022760
2.385719 -0.062481
2.390720 -0.082632
2.395722 -0.072247
2.400723 -0.034272
2.405725 0.015273
2.410726 0.055099
2.415728 0.069439
2.420729 0.056051
2.425731 0.026826
2.430732 0.000289
2.435734 -0.009606
2.440735 -0.001123
2.445737 0.015979
2.450738 0.028102
2.455740 0.026215
2.460741 0.009569
2.465743 -0.016110
2.470744 -0.042897
2.475746 -0.064103
2.480747 -0.075607
2.485749 -0.075654
2.490750 -0.064014
2.495752 -0.041130
2.500753 -0.008005
2.505755 0.032367
2.510756 0.072623
2.515758 0.100661
2.520759 0.104226
2.525761 0.078936
2.530763 0.033342
2.535764 -0.014416
2.540766 -0.046538
2.545767 -0.054428
2.550769 -0.040702
2.555770 -0.015369
2.560772 0.009194
2.565773 0.022161
2.570775 0.017953
2.575776 -0.000256
2.580778 -0.020330
2.585779 -0.027230
2.590781 -0.013181
2.595782 0.015684
2.600784 0.042611
2.605785 0.051691
2.610787 0.038329
2.615788 0.010822
2.620790 -0.016596
2.625791 -0.032523
2.630793 -0.033163
2.635794 -0.022198
2.640796 -0.007832
2.645797 0.001303
2.650799 0.000215
2.655800 -0.010056
2.660802 -0.023393
2.665803 -0.032696
2.670805 -0.034354
2.675806 -0.029780
2.680808 -0.023155
2.685809 -0.017762
2.690811 -0.013961
2.695812 -0.009566
2.700814 -0.001357
2.705815 0.013164
2.710817 0.033687
2.715818 0.055178
2.720820 0.068199
2.725821 0.063134
2.730823 0.036765
2.735824 -0.003412
2.740826 -0.041241
2.745827 -0.060206
2.750829 -0.053167
2.755830 -0.026963
2.760832 0.001767
2.765833 0.017174
2.770835 0.014002
2.775836 -0.000224
2.780838 -0.011687
2.785839 -0.010131
2.790841 0.005140
2.795842 0.026512
2.800844 0.044040
2.805845 0.050619
2.810847 0.043169
2.815848 0.021638
2.820850 -0.010645
2.825851 -0.045230
2.830853 -0.069294
2.835854 -0.071367
2.840856 -0.048819
2.845857 -0.010781
2.850859 0.026465
2.855860 0.048450
2.860862 0.049782
2.865863 0.035662
2.870865 0.017530
2.875866 0.005843
2.880868 0.004045
2.885869 0.006941
2.890871 0.004651
2.895873 -0.009582
2.900874 -0.032436
2.905876 -0.050182
2.910877 -0.047172
2.915879 -0.018294
2.920880 0.024354
2.925882 0.057253
2.930883 0.060755
2.935885 0.032661
2.940886 -0.010205
2.945888 -0.043240
2.950889 -0.049212
2.955891 -0.026692
2.960892 0.012023
2.965894 0.049272
2.970895 0.070323
2.975897 0.068387
2.980898 0.046155
2.985900 0.013945
2.990901 -0.015498
2.995903 -0.033438
3.000904 -0.038622
3.005906 -0.035290
3.010907 -0.028147
3.015909 -0.019532
3.020910 -0.011017
3.025912 -0.006132
3.030913 -0.009381
3.035915 -0.021202
3.040916 -0.034088
3.045918 -0.035409
3.050919 -0.016422
3.055921 0.019633
3.060922 0.057795
3.065924 0.080523
3.070925 0.078713
3.075927 0.056505
3.080928 0.027278
3.085930 0.004615
3.090931 -0.005514
3.095933 -0.006961
3.100934 -0.009404
3.105936 -0.020947
3.110937 -0.041928
3.115939 -0.063744
3.120940 -0.073488
3.125942 -0.061688
3.130943 -0.028767
3.135945 0.013568
3.140946 0.047395
3.145948 0.057942
3.150949 0.042042
3.155951 0.010340
3.160952 -0.018512
3.165954 -0.028338
3.170955 -0.014232
3.175957 0.015548
3.180958 0.045133
3.185960 0.059825
3.190961 0.052626
3.195963 0.025740
3.200964 -0.011977
3.205966 -0.049074
3.210967 -0.075346
3.215969 -0.084720
3.220970 -0.076612
3.225972 -0.055243
3.230973 -0.027316
3.235975 0.000607
3.240976 0.023797
3.245978 0.040004
3.250980 0.049483
3.255981 0.054440
3.260983 0.057530
3.265984 0.059512
3.270986 0.057468
3.275987 0.045616
3.280989 0.019372
3.285990 -0.019766
3.290992 -0.062616
3.295993 -0.095982
3.300995 -0.109214
3.305996 -0.098933
3.310998 -0.069253
3.315999 -0.028692
3.321001 0.013265
3.326002 0.048388
3.331004 0.070978
3.336005 0.078704
3.341007 0.072792
3.346008 0.057157
3.351010 0.036721
3.356011 0.015783
3.361013 -0.002696
3.366014 -0.016855
3.371016 -0.025444
3.376017 -0.027796
3.381019 -0.024209
3.386020 -0.016257
3.391022 -0.006702
3.396023 0.001039
3.401025 0.003894
3.406026 0.000345
3.411028 -0.008873
3.416029 -0.021247
3.421031 -0.033666
3.426032 -0.043152
3.431034 -0.046707
3.436035 -0.041117
3.441037 -0.023760
3.446038 0.005549
3.451040 0.042752
3.456041 0.079252
3.461043 0.104056
3.466044 0.107863
3.471046 0.087265
3.476047 0.046774
3.481049 -0.002551
3.486050 -0.047417
3.491052 -0.077387
3.496053 -0.088095
3.501055 -0.081145
3.506056 -0.061665
3.511058 -0.035936
3.516059 -0.010521
3.521061 0.008137
3.526062 0.015477
3.531064 0.011503
3.536065 0.001621
3.541067 -0.006268
3.546068 -0.006627
3.551070 0.000705
3.556071 0.011376
3.561073 0.019813
3.566074 0.022069
3.571076 0.016807
3.576077 0.005128
3.581079 -0.009670
3.586080 -0.022615
3.591082 -0.028771
3.596083 -0.025738
3.601085 -0.015154
3.606086 -0.001928
3.611088 0.008144
3.616090 0.010823
3.621091 0.004915
3.626093 -0.007345
3.631094 -0.021004
3.636096 -0.030015
3.641097 -0.029367
3.646099 -0.017020
3.651100 0.004825
3.656102 0.029455
3.661103 0.047145
3.666105 0.049016
3.671106 0.032153
3.676108 0.002767
3.681109 -0.025738
3.686111 -0.039624
3.691112 -0.032416
3.696114 -0.008059
3.701115 0.022226
3.706117 0.046502
3.711118 0.057375
3.716120 0.053433
3.721121 0.037815
3.726123 0.016023
3.731124 -0.006136
3.736126 -0.024521
3.741127 -0.037933
3.746129 -0.047640
3.751130 -0.055112
3.756132 -0.059536
3.761133 -0.057135
3.766135 -0.043248
3.771136 -0.016181
3.776138 0.019849
3.781139 0.055209
3.786141 0.078815
3.791142 0.083091
3.796144 0.067074
3.801145 0.036611
3.806147 0.002038
3.811148 -0.025725
3.816150 -0.039513
3.821151 -0.038893
3.826153 -0.029917
3.831154 -0.021298
3.836156 -0.019112
3.841157 -0.023335
3.846159 -0.028514
3.851160 -0.028054
3.856162 -0.018988
3.861163 -0.003741
3.866165 0.012063
3.871166 0.023611
3.876168 0.029559
3.881169 0.031632
3.886171 0.031919
3.891172 0.030219
3.896174 0.023631
3.901175 0.009003
3.906177 -0.013370
3.911178 -0.037904
3.916180 -0.055894
3.921181 -0.060545
3.926183 -0.051068
3.931184 -0.032765
3.936186 -0.013326
3.941187 0.001590
3.946189 0.010539
3.951190 0.015449
3.956192 0.019075
3.961193 0.022749
3.966195 0.025839
3.971197 0.027080
3.976198 0.026598
3.981200 0.026759
3.986201 0.030612
3.991203 0.038681
3.996204 0.046877
4.001206 0.048134
4.006207 0.037344
4.011209 0.015820
4.016210 -0.008568
4.021212 -0.025928
4.026213 -0.030160
4.031215 -0.022080
4.036216 -0.008279
4.041218 0.002958
4.046219 0.005987
4.051221 0.000211
4.056222 -0.010196
4.061224 -0.018778
4.066225 -0.020293
4.071227 -0.013648
4.076228 -0.002676
4.081230 0.006063
4.086231 0.007349
4.091233 0.000464
4.096234 -0.010876
4.101236 -0.021420
4.106237 -0.027617
4.111239 -0.028985
4.116240 -0.027227
4.121242 -0.024094
4.126243 -0.019593
4.131245 -0.011971
4.136246 0.000267
4.141248 0.015776
4.146249 0.029535
4.151251 0.034955
4.156252 0.027869
4.161254 0.009804
4.166255 -0.011844
4.171257 -0.027328
4.176258 -0.029930
4.181260 -0.019793
4.186261 -0.003569
4.191263 0.009895
4.196264 0.014863
4.201266 0.011615
4.206267 0.005442
4.211269 0.002766
4.216270 0.007043
4.221272 0.017021
4.226273 0.028104
4.231275 0.035336
4.236276 0.035733
4.241278 0.028772
4.246279 0.015602
4.251281 -0.001634
4.256282 -0.019715
4.261284 -0.034206
4.266285 -0.040497
4.271287 -0.036129
4.276288 -0.022867
4.281290 -0.006535
4.286291 0.005853
4.291293 0.009858
4.296294 0.005660
4.301296 -0.002875
4.306297 -0.011114
4.311299 -0.016346
4.316300 -0.018486
4.321302 -0.018680
4.326303 -0.017360
4.331305 -0.013766
4.336307 -0.007423
4.341308 0.000184
4.346310 0.006082
4.351311 0.008532
4.356313 0.009296
4.361314 0.012583
4.366316 0.020869
4.371317 0.031228
4.376319 0.036067
4.381320 0.028531
4.386322 0.008345
4.391323 -0.017153
4.396325 -0.037906
4.401326 -0.047664
4.406328 -0.046694
4.411329 -0.039396
4.416331 -0.030064
4.421332 -0.020508
4.426334 -0.010578
4.431335 -0.000122
4.436337 0.009570
4.441338 0.015818
4.446340 0.015949
4.451341 0.009143
4.456343 -0.002327
4.461344 -0.013325
4.466346 -0.017896
4.471347 -0.012320
4.476349 0.002890
4.481350 0.023699
4.486352 0.045141
4.491353 0.063220
4.496355 0.074745
4.501356 0.076511
4.506358 0.065804
4.511359 0.042281
4.516361 0.009438
4.521362 -0.025881
4.526364 -0.055877
4.531365 -0.074592
4.536367 -0.079422
4.541368 -0.070734
4.546370 -0.050604
4.551371 -0.022154
4.556373 0.010108
4.561374 0.039907
4.566376 0.059946
4.571377 0.064095
4.576379 0.050405
4.581380 0.023436
4.586382 -0.006091
4.591383 -0.025357
4.596385 -0.025813
4.601386 -0.008086
4.606388 0.017938
4.611389 0.038108
4.616391 0.041002
4.621392 0.023013
4.626394 -0.010801
4.631395 -0.049889
4.636397 -0.083199
4.641398 -0.103295
4.646400 -0.107990
4.651401 -0.099421
4.656403 -0.081612
4.661404 -0.058024
4.666406 -0.030499
4.671407 -0.000106
4.676409 0.031104
4.681410 0.059225
4.686412 0.079504
4.691414 0.088391
4.696415 0.084953
4.701417 0.070942
4.706418 0.050099
4.711420 0.027406
4.716421 0.008232
4.721423 -0.002904
4.726424 -0.003687
4.731426 0.005239
4.736427 0.020386
4.741429 0.036037
4.746430 0.045040
4.751432 0.040175
4.756433 0.016860
4.761435 -0.023207
4.766436 -0.069985
4.771438 -0.107615
4.776439 -0.121598
4.781441 -0.106412
4.786442 -0.068256
4.791444 -0.021045
4.796445 0.021324
4.801447 0.051209
4.806448 0.068400
4.811450 0.076629
4.816451 0.078934
4.821453 0.075538
4.826454 0.065263
4.831456 0.048465
4.836457 0.028574
4.841459 0.010880
4.846460 -0.000556
4.851462 -0.005732
4.856463 -0.009082
4.861465 -0.016516
4.866466 -0.030602
4.871468 -0.047428
4.876469 -0.058195
4.881471 -0.055286
4.886472 -0.038864
4.891474 -0.018908
4.896475 -0.010171
4.901477 -0.022556
4.906478 -0.053395
4.911480 -0.087494
4.916481 -0.105421
4.921483 -0.094600
4.926484 -0.056123
4.931486 -0.003589
4.936487 0.044586
4.941489 0.074563
4.946490 0.083078
4.951492 0.077197
4.956493 0.068263
4.961495 0.063626
4.966496 0.061271
4.971498 0.051258
4.976499 0.023645
4.981501 -0.022243
4.986502 -0.074107
4.991504 -0.111781
4.996505 -0.117998
5.001507 -0.087794
5.006508 -0.031144
5.011510 0.031796
5.016511 0.079619
5.021513 0.098532
5.026514 0.087515
5.031516 0.057444
5.036517 0.024213
5.041519 -0.000455
5.046520 -0.014544
5.051522 -0.023874
5.056524 -0.034837
5.061525 -0.048149
5.066527 -0.058767
5.071528 -0.061251
5.076530 -0.054966
5.081531 -0.044328
5.086533 -0.034553
5.091534 -0.027487
5.096536 -0.020996
5.101537 -0.011199
5.106539 0.005219
5.111540 0.029776
5.116542 0.061159
5.121543 0.093879
5.126545 0.117974
5.131546 0.121652
5.136548 0.096807
5.141549 0.044580
5.146551 -0.022773
5.151552 -0.085495
5.156554 -0.123909
5.161555 -0.126287
5.166557 -0.093550
5.171558 -0.038994
5.176560 0.017072
5.181561 0.056044
5.186563 0.069118
5.191564 0.059977
5.196566 0.040224
5.201567 0.020992
5.206569 0.006833
5.211570 -0.004535
5.216572 -0.018107
5.221573 -0.037089
5.226575 -0.060816
5.231576 -0.085144
5.236578 -0.103841
5.241579 -0.109950
5.246581 -0.097436
5.251582 -0.063666
5.256584 -0.011837
5.261585 0.048625
5.266587 0.104564
5.271588 0.143054
5.276590 0.154804
5.281591 0.136425
5.286593 0.091972
5.291594 0.033323
5.296596 -0.022126
5.301597 -0.057104
5.306599 -0.061640
5.311600 -0.037963
5.316602 0.000158
5.321603 0.033825
5.326605 0.047659
5.331606 0.035792
5.336608 0.002656
5.341609 -0.040181
5.346611 -0.078161
5.351612 -0.097247
5.356614 -0.087290
5.361615 -0.045764
5.366617 0.019378
5.371618 0.090076
5.376620 0.143161
5.381621 0.158866
5.386623 0.129235
5.391624 0.062049
5.396626 -0.022139
5.401627 -0.098386
5.406629 -0.146571
5.411631 -0.157030
5.416632 -0.131145
5.421634 -0.078427
5.426635 -0.012610
5.431637 0.051557
5.436638 0.100724
5.441640 0.125325
5.446641 0.122066
5.451643 0.095295
5.456644 0.055688
5.461646 0.016116
5.466647 -0.013699
5.471649 -0.031154
5.476650 -0.041014
5.481652 -0.051314
5.486653 -0.067175
5.491655 -0.086662
5.496656 -0.101679
5.501658 -0.103263
5.506659 -0.087477
5.511661 -0.057996
5.516662 -0.024127
5.521664 0.003867
5.526665 0.019107
5.531667 0.020202
5.536668 0.011137
5.541670 -0.000159
5.546671 -0.004302
5.551673 0.005839
5.556674 0.031143
5.561676 0.064464
5.566677 0.093183
5.571679 0.105174
5.576680 0.094591
5.581682 0.064223
5.586683 0.023959
5.591685 -0.012997
5.596686 -0.034367
5.601688 -0.032564
5.606689 -0.007258
5.611691 0.034333
5.616692 0.080147
5.621694 0.118099
5.626695 0.140517
5.631697 0.145635
5.636698 0.135712
5.641700 0.113719
5.646701 0.081080
5.651703 0.037672
5.656704 -0.016249
5.661706 -0.077353
5.666707 -0.137603
5.671709 -0.185358
5.676710 -0.209440
5.681712 -0.204049
5.686713 -0.171543
5.691715 -0.121556
5.696716 -0.067322
5.701718 -0.021336
5.706719 0.007981
5.711721 0.017793
5.716722 0.010403
5.721724 -0.008501
5.726725 -0.031615
5.731727 -0.051030
5.736728 -0.059138
5.741730 -0.050422
5.746731 -0.024031
5.751733 0.014593
5.756734 0.054944
5.761736 0.085711
5.766737 0.099800
5.771739 0.097000
5.776741 0.082899
5.781742 0.065382
5.786744 0.051144
5.791745 0.043642
5.796747 0.042497
5.801748 0.044147
5.806750 0.043904
5.811751 0.039026
5.816753 0.031071
5.821754 0.025438
5.826756 0.027716
5.831757 0.038925
5.836759 0.053059
5.841760 0.059215
5.846762 0.047560
5.851763 0.015593
5.856765 -0.029249
5.861766 -0.072237
5.866768 -0.097738
5.871769 -0.095955
5.876771 -0.066586
5.881772 -0.017807
5.886774 0.038315
5.891775 0.090776
5.896777 0.132193
5.901778 0.158519
5.906780 0.167592
5.911781 0.158402
5.916783 0.131771
5.921784 0.091797
5.926786 0.046500
5.931787 0.006206
5.936789 -0.020314
5.941790 -0.029835
5.946792 -0.026200
5.951793 -0.018321
5.956795 -0.015827
5.961796 -0.024535
5.966798 -0.043824
5.971799 -0.067036
5.976801 -0.084512
5.981802 -0.087438
5.986804 -0.070567
5.991805 -0.033173
5.996807 0.021116
6.001808 0.084812
6.006810 0.147433
6.011811 0.197239
6.016813 0.223997
6.021814 0.221928
6.026816 0.191203
6.031817 0.136885
6.036819 0.065984
6.041820 -0.015113
6.046822 -0.100972
6.051823 -0.185427
6.056825 -0.259979
6.061826 -0.314390
6.066828 -0.340000
6.071829 -0.334056
6.076831 -0.301980
6.081832 -0.255310
6.086834 -0.206113
6.091835 -0.161498
6.096837 -0.121766
6.101838 -0.082704
6.106840 -0.039449
6.111841 0.010823
6.116843 0.067925
6.121844 0.128340
6.126846 0.185131
6.131847 0.228927
6.136849 0.250788
6.141851 0.246048
6.146852 0.216689
6.151854 0.170200
6.156855 0.115557
6.161857 0.059387
6.166858 0.005013
6.171860 -0.045708
6.176861 -0.090024
6.181863 -0.123510
6.186864 -0.141413
6.191866 -0.141291
6.196867 -0.125444
6.201869 -0.101321
6.206870 -0.078933
6.211872 -0.066268
6.216873 -0.065344
6.221875 -0.071427
6.226876 -0.076095
6.231878 -0.072203
6.236879 -0.057631
6.241881 -0.035872
6.246882 -0.013755
6.251884 0.001916
6.256885 0.007135
6.261887 0.001925
6.266888 -0.010308
6.271890 -0.025133
6.276891 -0.039998
6.281893 -0.055737
6.286894 -0.075300
6.291896 -0.100311
6.296897 -0.127855
6.301899 -0.150069
6.306900 -0.157369
6.311902 -0.143542
6.316903 -0.109547
6.321905 -0.063705
6.326906 -0.018317
6.331908 0.015407
6.336909 0.031874
6.341911 0.033379
6.346912 0.029138
6.351914 0.031182
6.356915 0.048716
6.361917 0.083586
6.366918 0.129050
6.371920 0.172312
6.376921 0.199569
6.381923 0.201559
6.386924 0.177518
6.391926 0.135810
6.396927 0.090711
6.401929 0.056666
6.406930 0.042723
6.411932 0.049552
6.416933 0.070043
6.421935 0.092883
6.426936 0.107476
6.431938 0.108216
6.436939 0.096377
6.441941 0.078758
6.446942 0.063465
6.451944 0.054899
6.456945 0.051137
6.461947 0.045831
6.466948 0.033419
6.471950 0.013440
6.476951 -0.009601
6.481953 -0.030432
6.486954 -0.047290
6.491956 -0.062504
6.496958 -0.079140
6.501959 -0.096920
6.506961 -0.111059
6.511962 -0.115169
6.516964 -0.106066
6.521965 -0.086710
6.526967 -0.064926
6.531968 -0.048901
6.536970 -0.042852
6.541971 -0.045513
6.546973 -0.051704
6.551974 -0.055511
6.556976 -0.053535
6.561977 -0.046884
6.566979 -0.040663
6.571980 -0.040717
6.576982 -0.049414
6.581983 -0.063519
6.586985 -0.076012
6.591986 -0.080589
6.596988 -0.075299
6.601989 -0.062462
6.606991 -0.045453
6.611992 -0.025764
6.616994 -0.003060
6.621995 0.022425
6.626997 0.048075
6.631998 0.069691
6.637000 0.084290
6.642001 0.092491
6.647003 0.098431
6.652004 0.107224
6.657006 0.121905
6.662007 0.141857
6.667009 0.163003
6.672010 0.178856
6.677012 0.182057
6.682013 0.166924
6.687015 0.132719
6.692016 0.085504
6.697018 0.036571
6.702019 -0.002182
6.707021 -0.023239
6.712022 -0.026220
6.717024 -0.017562
6.722025 -0.007909
6.727027 -0.008543
6.732028 -0.027683
6.737030 -0.067126
6.742031 -0.120111
6.747033 -0.171977
6.752034 -0.204783
6.757036 -0.204739
6.762037 -0.168816
6.767039 -0.106813
6.772040 -0.037921
6.777042 0.016208
6.782043 0.038808
6.787045 0.023361
6.792046 -0.024544
6.797048 -0.089469
6.802049 -0.151794
6.807051 -0.194691
6.812052 -0.209708
6.817054 -0.198658
6.822055 -0.171091
6.827057 -0.138721
6.832058 -0.109973
6.837060 -0.087704
6.842061 -0.070856
6.847063 -0.057782
6.852064 -0.047938
6.857066 -0.040716
6.862068 -0.033354
6.867069 -0.020827
6.872071 0.001443
6.877072 0.034314
6.882074 0.074117
6.887075 0.115055
6.892077 0.152440
6.897078 0.183945
6.902080 0.208542
6.907081 0.225234
6.912083 0.233238
6.917084 0.233015
6.922086 0.226436
6.927087 0.215512
6.932089 0.200806
6.937090 0.181200
6.942092 0.155583
6.947093 0.125149
6.952095 0.093844
6.957096 0.065820
6.962098 0.041779
6.967099 0.017696
6.972101 -0.012267
6.977102 -0.050290
6.982104 -0.090708
6.987105 -0.120426
6.992107 -0.124471
6.997108 -0.094010
7.002110 -0.032334
7.007111 0.044727
7.012113 0.114422
7.017114 0.156083
7.022116 0.159178
7.027117 0.126666
7.032119 0.072294
7.037120 0.013879
7.042122 -0.033380
7.047123 -0.060725
7.052125 -0.066762
7.057126 -0.056833
7.062128 -0.041072
7.067129 -0.030643
7.072131 -0.032805
7.077132 -0.047234
7.082134 -0.066126
7.087135 -0.078416
7.092137 -0.075692
7.097138 -0.056235
7.102140 -0.025120
7.107141 0.009079
7.112143 0.038839
7.117144 0.061037
7.122146 0.077399
7.127147 0.091683
7.132149 0.105398
7.137150 0.115284
7.142152 0.114832
7.147153 0.098813
7.152155 0.067171
7.157156 0.025359
7.162158 -0.018554
7.167159 -0.057086
7.172161 -0.084552
7.177162 -0.096696
7.182164 -0.090811
7.187165 -0.067292
7.192167 -0.031154
7.197168 0.008666
7.202170 0.042487
7.207171 0.063403
7.212173 0.068644
7.217175 0.058446
7.222176 0.034360
7.227178 -0.000956
7.232179 -0.042515
7.237181 -0.082196
7.242182 -0.109940
7.247184 -0.116990
7.252185 -0.099877
7.257187 -0.063161
7.262188 -0.019001
7.267190 0.017044
7.272191 0.032308
7.277193 0.022125
7.282194 -0.008819
7.287196 -0.048940
7.292197 -0.084045
7.297199 -0.101582
7.302200 -0.094235
7.307202 -0.062621
7.312203 -0.015980
7.317205 0.030598
7.322206 0.062108
7.327208 0.069817
7.332209 0.054155
7.337211 0.023115
7.342212 -0.012020
7.347214 -0.041129
7.352215 -0.058629
7.357217 -0.065171
7.362218 -0.066500
7.367220 -0.069153
7.372221 -0.075257
7.377223 -0.080241
7.382224 -0.075221
7.387226 -0.052234
7.392227 -0.008890
7.397229 0.049864
7.402230 0.113139
7.407232 0.167542
7.412233 0.201279
7.417235 0.207701
7.422236 0.187169
7.427238 0.146263
7.432239 0.094448
7.437241 0.040180
7.442242 -0.011015
7.447244 -0.055869
7.452245 -0.091841
7.457247 -0.116656
7.462248 -0.129031
7.467250 -0.129447
7.472251 -0.120121
7.477253 -0.104265
7.482254 -0.084965
7.487256 -0.064027
7.492257 -0.041426
7.497259 -0.016209
7.502260 0.011408
7.507262 0.038363
7.512263 0.059176
7.517265 0.068540
7.522266 0.064373
7.527268 0.049272
7.532269 0.029314
7.537271 0.010943
7.542272 -0.002114
7.547274 -0.010128
7.552275 -0.016385
7.557277 -0.024823
7.562278 -0.037675
7.567280 -0.054285
7.572281 -0.071678
7.577283 -0.086257
7.582285 -0.095015
7.587286 -0.095199
7.592288 -0.083369
7.597289 -0.055809
7.602291 -0.011060
7.607292 0.046911
7.612294 0.107554
7.617295 0.156335
7.622297 0.180455
7.627298 0.174581
7.632300 0.142973
7.637301 0.096585
7.642303 0.047275
7.647304 0.003125
7.652306 -0.032658
7.657307 -0.059960
7.662309 -0.079580
7.667310 -0.092173
7.672312 -0.098030
7.677313 -0.096850
7.682315 -0.087470
7.687316 -0.068395
7.692318 -0.039530
7.697319 -0.003923
7.702321 0.032365
7.707322 0.062531
7.712324 0.081426
7.717325 0.086153
7.722327 0.075333
7.727328 0.048962
7.732330 0.009594
7.737331 -0.036547
7.742333 -0.080372
7.747334 -0.112901
7.752336 -0.128754
7.757337 -0.127940
7.762339 -0.115149
7.767340 -0.097545
7.772342 -0.082417
7.777343 -0.074981
7.782345 -0.076143
7.787346 -0.081050
7.792348 -0.080136
7.797349 -0.063176
7.802351 -0.024401
7.807352 0.034207
7.812354 0.102849
7.817355 0.166550
7.822357 0.209353
7.827358 0.218973
7.832360 0.190762
7.837361 0.129557
7.842363 0.048368
7.847364 -0.035848
7.852366 -0.107513
7.857367 -0.156558
7.862369 -0.180077
7.867370 -0.181467
7.872372 -0.167902
7.877373 -0.147015
7.882375 -0.123750
7.887376 -0.098664
7.892378 -0.068913
7.897379 -0.031577
7.902381 0.012982
7.907382 0.060138
7.912384 0.102780
7.917385 0.134203
7.922387 0.150276
7.927388 0.150164
7.932390 0.135946
7.937392 0.111688
7.942393 0.082273
7.947395 0.052117
7.952396 0.024158
7.957398 -0.000293
7.962399 -0.020709
7.967401 -0.036315
7.972402 -0.046008
7.977404 -0.049421
7.982405 -0.047891
7.987407 -0.044071
7.992408 -0.040489
7.997410 -0.038547
8.002411 -0.038624
8.007413 -0.040390
8.012414 -0.042540
8.017416 -0.042581
8.022417 -0.037950
8.027419 -0.028214
8.032420 -0.016345
8.037422 -0.007323
8.042423 -0.004769
8.047425 -0.008191
8.052426 -0.012948
8.057428 -0.012805
8.062429 -0.003222
8.067431 0.016484
8.072432 0.042746
8.077434 0.068876
8.082435 0.087411
8.087437 0.093184
8.092438 0.085733
8.097440 0.069430
8.102441 0.051140
8.107443 0.037028
8.112444 0.030457
8.117446 0.031640
8.122447 0.038541
8.127449 0.048061
8.132450 0.056808
8.137452 0.061281
8.142453 0.057973
8.147455 0.043978
8.152456 0.018171
8.157458 -0.017450
8.162459 -0.056970
8.167461 -0.091175
8.172462 -0.110100
8.177464 -0.106774
8.182465 -0.080176
8.187467 -0.035623
8.192468 0.017310
8.197470 0.067720
8.202471 0.105846
8.207473 0.124894
8.212474 0.122373
8.217476 0.100627
8.222477 0.066184
8.227479 0.027975
8.232480 -0.005009
8.237482 -0.026015
8.242483 -0.032151
8.247485 -0.024780
8.252486 -0.008459
8.257488 0.011212
8.262489 0.029873
8.267491 0.045561
8.272492 0.058044
8.277494 0.067148
8.282495 0.071723
8.287497 0.069988
8.292498 0.060482
8.297500 0.042700
8.302502 0.017503
8.307503 -0.012157
8.312505 -0.040742
8.317506 -0.061218
8.322508 -0.067975
8.327509 -0.059787
8.332511 -0.040565
8.337512 -0.017270
8.342514 0.003609
8.347515 0.018689
8.352517 0.027998
8.357518 0.033322
8.362520 0.036153
8.367521 0.036465
8.372523 0.032587
8.377524 0.021943
8.382526 0.002384
8.387527 -0.026354
8.392529 -0.061653
8.397530 -0.097969
8.402532 -0.127906
8.407533 -0.144171
8.412535 -0.141767
8.417536 -0.119652
8.422538 -0.081332
8.427539 -0.034257
8.432541 0.011964
8.437542 0.048173
8.442544 0.068301
8.447545 0.070883
8.452547 0.058717
8.457548 0.037054
8.462550 0.011759
8.467551 -0.011508
8.472553 -0.027631
8.477554 -0.032918
8.482556 -0.026342
8.487557 -0.009919
8.492559 0.012191
8.497560 0.035008
8.502562 0.053550
8.507563 0.063109
8.512565 0.059598
8.517566 0.040531
8.522568 0.006664
8.527569 -0.036634
8.532571 -0.079690
8.537572 -0.111166
8.542574 -0.122015
8.547575 -0.108870
8.552577 -0.075359
8.557578 -0.030779
8.562580 0.013393
8.567581 0.047644
8.572583 0.067178
8.577584 0.072077
8.582586 0.065538
8.587587 0.051855
8.592589 0.035277
8.597590 0.019660
8.602592 0.008336
8.607593 0.003765
8.612595 0.006833
8.617596 0.015981
8.622598 0.026947
8.627599 0.033961
8.632601 0.032182
8.637602 0.019907
8.642604 -0.000745
8.647605 -0.024789
8.652607 -0.046344
8.657608 -0.060813
8.662610 -0.066461
8.667612 -0.064644
8.672613 -0.058796
8.677615 -0.052877
8.682616 -0.049951
8.687618 -0.051091
8.692619 -0.054928
8.697621 -0.058190
8.702622 -0.057015
8.707624 -0.048329
8.712625 -0.030729
8.717627 -0.004796
8.722628 0.027027
8.727630 0.060870
8.732631 0.092005
8.737633 0.115573
8.742634 0.127537
8.747636 0.125741
8.752637 0.110798
8.757639 0.086505
8.762640 0.059430
8.767642 0.037282
8.772643 0.026100
8.777645 0.027279
8.782646 0.036229
8.787648 0.044007
8.792649 0.041479
8.797651 0.023884
8.802652 -0.006841
8.807654 -0.043201
8.812655 -0.075803
8.817657 -0.097158
8.822658 -0.103484
8.827660 -0.094214
8.832661 -0.070675
8.837663 -0.035554
8.842664 0.006724
8.847666 0.049774
8.852667 0.086046
8.857669 0.108623
8.862670 0.113384
8.867672 0.100509
8.872673 0.074279
8.877675 0.041085
8.882676 0.006913
8.887678 -0.024187
8.892679 -0.050097
8.897681 -0.069779
8.902682 -0.082454
8.907684 -0.087319
8.912685 -0.084017
8.917687 -0.073648
8.922688 -0.059337
8.927690 -0.045309
8.932691 -0.034705
8.937693 -0.027770
8.942694 -0.021930
8.947696 -0.013760
8.952697 -0.001456
8.957699 0.013934
8.962700 0.029285
8.967702 0.041362
8.972703 0.048253
8.977705 0.049264
8.982706 0.043936
8.987708 0.031548
8.992709 0.011715
8.997711 -0.014576
9.002712 -0.044591
9.007714 -0.074551
9.012715 -0.100727
9.017717 -0.119958
9.022719 -0.129475
9.027720 -0.126813
9.032722 -0.110560
9.037723 -0.081620
9.042725 -0.043917
9.047726 -0.003684
9.052728 0.032399
9.057729 0.059147
9.062731 0.074003
9.067732 0.077237
9.072734 0.071493
9.077735 0.061003
9.082737 0.050687
9.087738 0.045160
9.092740 0.047425
9.097741 0.057340
9.102743 0.070863
9.107744 0.081219
9.112746 0.081858
9.117747 0.069598
9.122749 0.046213
9.127750 0.017671
9.132752 -0.008492
9.137753 -0.026278
9.142755 -0.033249
9.147756 -0.030726
9.152758 -0.022651
9.157759 -0.014155
9.162761 -0.010287
9.167762 -0.014779
9.172764 -0.028854
9.177765 -0.050601
9.182767 -0.075261
9.187768 -0.096280
9.192770 -0.106961
9.197771 -0.102641
9.202773 -0.082760
9.207774 -0.051556
9.212776 -0.016602
9.217777 0.014252
9.222779 0.035916
9.227780 0.047536
9.232782 0.051834
9.237783 0.052935
9.242785 0.054035
9.247786 0.056134
9.252788 0.058047
9.257789 0.057338
9.262791 0.051787
9.267792 0.040927
9.272794 0.026753
9.277795 0.012933
9.282797 0.002906
9.287798 -0.001933
9.292800 -0.003021
9.297801 -0.004113
9.302803 -0.009724
9.307804 -0.023046
9.312806 -0.044104
9.317807 -0.068904
9.322809 -0.090078
9.327810 -0.099139
9.332812 -0.089662
9.337813 -0.059862
9.342815 -0.013103
9.347816 0.043586
9.352818 0.101527
9.357819 0.151806
9.362821 0.186291
9.367822 0.198841
9.372824 0.186554
9.377825 0.150460
9.382827 0.095413
9.387829 0.029359
9.392830 -0.037914
9.397832 -0.096641
9.402833 -0.139321
9.407835 -0.162496
9.412836 -0.167133
9.417838 -0.157526
9.422839 -0.139365
9.427841 -0.117760
9.432842 -0.095891
9.437844 -0.074652
9.442845 -0.053301
9.447847 -0.030676
9.452848 -0.006382
9.457850 0.018578
9.462851 0.042048
9.467853 0.061646
9.472854 0.075637
9.477856 0.083095
9.482857 0.083434
9.487859 0.076017
9.492860 0.060485
9.497862 0.037704
9.502863 0.010629
9.507865 -0.015655
9.512866 -0.035021
9.517868 -0.042361
9.522869 -0.035785
9.527871 -0.017714
9.532872 0.005924
9.537874 0.028171
9.542875 0.043944
9.547877 0.051757
9.552878 0.053287
9.557880 0.051277
9.562881 0.047457
9.567883 0.041858
9.572884 0.033562
9.577886 0.021962
9.582887 0.007686
9.587889 -0.007179
9.592890 -0.019638
9.597892 -0.026831
9.602893 -0.026978
9.607895 -0.019758
9.612896 -0.006222
9.617898 0.011383
9.622899 0.029914
9.627901 0.045960
9.632902 0.056790
9.637904 0.061221
9.642905 0.059948
9.647907 0.054948
9.652908 0.048052
9.657910 0.039519
9.662911 0.027801
9.667913 0.010843
9.672914 -0.012098
9.677916 -0.039413
9.682917 -0.067409
9.687919 -0.091530
9.692920 -0.107952
9.697922 -0.114782
9.702923 -0.112201
9.707925 -0.101612
9.712926 -0.084659
9.717928 -0.062873
9.722929 -0.037819
9.727931 -0.011090
9.732932 0.016002
9.737934 0.042567
9.742936 0.067687
9.747937 0.089644
9.752939 0.105618
9.757940 0.112559
9.762942 0.108947
9.767943 0.096220
9.772945 0.078579
9.777946 0.061058
9.782948 0.047107
9.787949 0.037315
9.792951 0.029922
9.797952 0.022504
9.802954 0.013589
9.807955 0.003391
9.812957 -0.006464
9.817958 -0.013906
9.822960 -0.017546
9.827961 -0.017345
9.832963 -0.014471
9.837964 -0.010502
9.842966 -0.006378
9.847967 -0.001713
9.852969 0.004913
9.857970 0.014761
9.862972 0.027912
9.867973 0.043316
9.872975 0.059452
9.877976 0.074491
9.882978 0.085926
9.887979 0.090698
9.892981 0.086352
9.897982 0.072443
9.902984 0.050963
9.907985 0.025340
9.912987 -0.001276
9.917988 -0.027174
9.922990 -0.051988
9.927991 -0.075770
9.932993 -0.098067
9.937994 -0.117413
9.942996 -0.131308
9.947997 -0.136887
9.952999 -0.132367
9.958000 -0.118496
9.963002 -0.098732
9.968003 -0.077712
9.973005 -0.058996
9.978006 -0.043601
9.983008 -0.029981
9.988009 -0.015177
9.993011 0.003452
9.998012 0.026503
10.003014 0.051611
10.008015 0.074019
10.013017 0.088610
10.018018 0.092327
10.023020 0.085423
10.028021 0.070725
10.033023 0.051597
10.038024 0.030156
10.043026 0.006911
10.048027 -0.018196
10.053029 -0.044405
10.058030 -0.069388
10.063032 -0.089329
10.068033 -0.099603
10.073035 -0.096204
10.078036 -0.077661
10.083038 -0.046177
10.088039 -0.007004
10.093041 0.033225
10.098042 0.067892
10.103044 0.091344
10.108046 0.100074
10.113047 0.094001
10.118049 0.076759
10.123050 0.054286
10.128052 0.032330
10.133053 0.014247
10.138055 0.000324
10.143056 -0.011131
10.148058 -0.021909
10.153059 -0.032726
10.158061 -0.043379
10.163062 -0.053482
10.168064 -0.062628
10.173065 -0.069946
10.178067 -0.074037
10.183068 -0.073764
10.188070 -0.069213
10.193071 -0.061873
10.198073 -0.053874
10.203074 -0.046879
10.208076 -0.041409
10.213077 -0.037011
10.218079 -0.032948
10.223080 -0.028643
10.228082 -0.023534
10.233083 -0.016887
10.238085 -0.008168
10.243086 0.002261
10.248088 0.012993
10.253089 0.022213
10.258091 0.028553
10.263092 0.031590
10.268094 0.032038
10.273095 0.031734
10.278097 0.033061
10.283098 0.037652
10.288100 0.045013
10.293101 0.052206
10.298103 0.055193
10.303104 0.051243
10.308106 0.040789
10.313107 0.027350
10.318109 0.015571
10.323110 0.008929
10.328112 0.008579
10.333113 0.013530
10.338115 0.021487
10.343116 0.029951
10.348118 0.037342
10.353119 0.043429
10.358121 0.048534
10.363122 0.052194
10.368124 0.052686
10.373125 0.047880
10.378127 0.036589
10.383128 0.019448
10.388130 -0.000909
10.393131 -0.020147
10.398133 -0.033141
10.403134 -0.035697
10.408136 -0.026649
10.413137 -0.008964
10.418139 0.011323
10.423140 0.028003
10.428142 0.037350
10.433143 0.038602
10.438145 0.032537
10.443146 0.020288
10.448148 0.003747
10.453149 -0.013563
10.458151 -0.026993
10.463153 -0.032658
10.468154 -0.029108
10.473156 -0.017710
10.478157 -0.002049
10.483159 0.013097
10.488160 0.023119
10.493162 0.025187
10.498163 0.019434
10.503165 0.008823
10.508166 -0.002576
10.513168 -0.011946
10.518169 -0.018993
10.523171 -0.025205
10.528172 -0.032069
10.533174 -0.040101
10.538175 -0.049215
10.543177 -0.059278
10.548178 -0.069732
10.553180 -0.078752
10.558181 -0.083311
10.563183 -0.080591
10.568184 -0.069688
10.573186 -0.052334
10.578187 -0.032284
10.583189 -0.013917
10.588190 -0.000815
10.593192 0.005212
10.598193 0.004492
10.603195 -0.000614
10.608196 -0.006241
10.613198 -0.008078
10.618199 -0.002802
10.623201 0.010740
10.628202 0.031180
10.633204 0.055130
10.638205 0.078357
10.643207 0.097402
10.648208 0.110926
10.653210 0.119628
10.658211 0.124567
10.663213 0.125427
10.668214 0.120522
10.673216 0.108469
10.678217 0.089874
10.683219 0.067743
10.688220 0.046603
10.693222 0.030932
10.698223 0.023525
10.703225 0.024523
10.708226 0.031659
10.713228 0.041623
10.718229 0.051703
10.723231 0.060680
10.728232 0.068403
10.733234 0.074434
10.738235 0.076990
10.743237 0.073260
10.748238 0.060900
10.753240 0.039397
10.758241 0.010404
10.763243 -0.022649
10.768244 -0.055062
10.773246 -0.081655
10.778247 -0.098191
10.783249 -0.102981
10.788250 -0.097507
10.793252 -0.085560
10.798253 -0.071605
10.803255 -0.059390
10.808256 -0.051110
10.813258 -0.046939
10.818259 -0.044996
10.823261 -0.042147
10.828263 -0.035673
10.833264 -0.025019
10.838266 -0.012450
10.843267 -0.002086
10.848269 0.002099
10.853270 -0.001873
10.858272 -0.013198
10.863273 -0.028672
10.868275 -0.043806
10.873276 -0.054220
10.878278 -0.057006
10.883279 -0.051582
10.888281 -0.039498
10.893282 -0.023328
10.898284 -0.005600
10.903285 0.011508
10.908287 0.025899
10.913288 0.035422
10.918290 0.038282
10.923291 0.033760
10.928293 0.022647
10.933294 0.006835
10.938296 -0.011693
10.943297 -0.031468
10.948299 -0.051055
10.953300 -0.068153
10.958302 -0.079521
10.963303 -0.082109
10.968305 -0.074599
10.973306 -0.058310
10.978308 -0.036930
10.983309 -0.015256
10.988311 0.002362
10.993312 0.013037
10.998314 0.015611
11.003315 0.010483
11.008317 -0.000588
11.013318 -0.014691
11.018320 -0.028119
11.023321 -0.036975
11.028323 -0.038248
11.033324 -0.031265
11.038326 -0.018565
11.043327 -0.004978
11.048329 0.004964
11.053330 0.009310
11.058332 0.008788
11.063333 0.004965
11.068335 -0.001376
11.073336 -0.010101
11.078338 -0.020360
11.083339 -0.029767
11.088341 -0.035070
11.093342 -0.033756
11.098344 -0.025289
11.103345 -0.011168
11.108347 0.005982
11.113348 0.023419
11.118350 0.038978
11.123351 0.051480
11.128353 0.060704
11.133354 0.066675
11.138356 0.068896
11.143357 0.066593
11.148359 0.059932
11.153360 0.050773
11.158362 0.041904
11.163363 0.035408
11.168365 0.031663
11.173366 0.029600
11.178368 0.027617
11.183369 0.024265
11.188371 0.018439
11.193373 0.009389
11.198374 -0.002919
11.203376 -0.017040
11.208377 -0.029697
11.213379 -0.036737
11.218380 -0.035052
11.223382 -0.023984
11.228383 -0.005353
11.233385 0.017447
11.238386 0.040389
11.243388 0.059581
11.248389 0.071953
11.253391 0.075693
11.258392 0.070124
11.263394 0.055409
11.268395 0.032719
11.273397 0.004815
11.278398 -0.023839
11.283400 -0.048083
11.288401 -0.063907
11.293403 -0.069972
11.298404 -0.067673
11.303406 -0.059728
11.308407 -0.048558
11.313409 -0.035847
11.318410 -0.023132
11.323412 -0.012109
11.328413 -0.003954
11.333415 0.001521
11.338416 0.005809
11.343418 0.010818
11.348419 0.017927
11.353421 0.027327
11.358422 0.037602
11.363424 0.045863
11.368425 0.048784
11.373427 0.044216
11.378428 0.032399
11.383430 0.016018
11.388431 -0.000985
11.393433 -0.015178
11.398434 -0.024952
11.403436 -0.030582
11.408437 -0.033151
11.413439 -0.033367
11.418440 -0.031314
11.423442 -0.027065
11.428443 -0.021202
11.433445 -0.014676
11.438446 -0.008284
11.443448 -0.002260
11.448449 0.003766
11.453451 0.010375
11.458452 0.017770
11.463454 0.025503
11.468455 0.032737
11.473457 0.038678
11.478458 0.042671
11.483460 0.043987
11.488461 0.041690
11.493463 0.034794
11.498464 0.022701
11.503466 0.005798
11.508467 -0.014238
11.513469 -0.034888
11.518470 -0.053743
11.523472 -0.069028
11.528473 -0.079354
11.533475 -0.083384
11.538476 -0.080142
11.543478 -0.069700
11.548480 -0.053486
11.553481 -0.033952
11.558483 -0.014020
11.563484 0.003356
11.568486 0.015634
11.573487 0.021280
11.578489 0.020326
11.583490 0.014508
11.588492 0.006717
11.593493 -0.000163
11.598495 -0.004501
11.603496 -0.006473
11.608498 -0.007541
11.613499 -0.009434
11.618501 -0.013418
11.623502 -0.019971
11.628504 -0.028511
11.633505 -0.037312
11.638507 -0.043990
11.643508 -0.046372
11.648510 -0.043171
11.653511 -0.034250
11.658513 -0.020578
11.663514 -0.003829
11.668516 0.014305
11.673517 0.032623
11.678519 0.050254
11.683520 0.065992
11.688522 0.077794
11.693523 0.082951
11.698525 0.079025
11.703526 0.065195
11.708528 0.043292
11.713529 0.017705
11.718531 -0.006098
11.723532 -0.023565
11.728534 -0.032413
11.733535 -0.032784
11.738537 -0.026477
11.743538 -0.015717
11.748540 -0.002031
11.753541 0.014000
11.758543 0.031943
11.763544 0.050459
11.768546 0.067064
11.773547 0.078896
11.778549 0.083777
11.783550 0.080862
11.788552 0.070710
11.793553 0.054926
11.798555 0.035572
11.803556 0.014640
11.808558 -0.006185
11.813559 -0.025627
11.818561 -0.042952
11.823562 -0.057787
11.828564 -0.069480
11.833565 -0.076620
11.838567 -0.077517
11.843568 -0.071349
11.848570 -0.058830
11.853571 -0.041762
11.858573 -0.021989
11.863574 -0.000765
11.868576 0.020939
11.873577 0.041575
11.878579 0.058568
11.883580 0.068916
11.888582 0.070523
11.893583 0.063220
11.898585 0.048806
11.903586 0.030292
11.908588 0.010835
11.913590 -0.007324
11.918591 -0.023501
11.923593 -0.038077
11.928594 -0.051000
11.933596 -0.060724
11.938597 -0.065027
11.943599 -0.063093
11.948600 -0.056690
11.953602 -0.049230
11.958603 -0.043739
11.963605 -0.041422
11.968606 -0.041444
11.973608 -0.041596
11.978609 -0.039314
11.983611 -0.032570
11.988612 -0.020495
11.993614 -0.003785
11.998615 0.015240
12.003617 0.033247
12.008618 0.047021
12.013620 0.054377
12.018621 0.054315
12.023623 0.046783
12.028624 0.032697
12.033626 0.014243
12.038627 -0.005263
12.043629 -0.022340
12.048630 -0.034443
12.053632 -0.040392
12.058633 -0.040197
12.063635 -0.034895
12.068636 -0.026451
12.073638 -0.017345
12.078639 -0.009757
12.083641 -0.004798
12.088642 -0.002307
12.093644 -0.001378
12.098645 -0.001207
12.103647 -0.001497
12.108648 -0.002204
12.113650 -0.003123
12.118651 -0.003848
12.123653 -0.003902
12.128654 -0.002612
12.133656 0.001063
12.138657 0.008115
12.143659 0.018506
12.148660 0.030564
12.153662 0.041420
12.158663 0.048207
12.163665 0.049103
12.168666 0.043686
12.173668 0.032776
12.178669 0.018112
12.183671 0.002025
12.188672 -0.012997
12.193674 -0.024960
12.198675 -0.032975
12.203677 -0.037213
12.208678 -0.038128
12.213680 -0.035764
12.218681 -0.029883
12.223683 -0.020483
12.228684 -0.007995
12.233686 0.006661
12.238687 0.021813
12.243689 0.035012
12.248690 0.043875
12.253692 0.047370
12.258693 0.046346
12.263695 0.042696
12.268697 0.037831
12.273698 0.031783
12.278700 0.023739
12.283701 0.013566
12.288703 0.002836
12.293704 -0.005780
12.298706 -0.010281
12.303707 -0.010603
12.308709 -0.008415
12.313710 -0.006020
12.318712 -0.005304
12.323713 -0.007098
12.328715 -0.010941
12.333716 -0.015341
12.338718 -0.018541
12.343719 -0.019432
12.348721 -0.017997
12.353722 -0.015022
12.358724 -0.011369
12.363725 -0.007383
12.368727 -0.002756
12.373728 0.003156
12.378730 0.010754
12.383731 0.019662
12.388733 0.028584
12.393734 0.035673
12.398736 0.039164
12.403737 0.037947
12.408739 0.031909
12.413740 0.021949
12.418742 0.009648
12.423743 -0.003192
12.428745 -0.014876
12.433746 -0.024070
12.438748 -0.030159
12.443749 -0.033473
12.448751 -0.034958
12.453752 -0.035448
12.458754 -0.035177
12.463755 -0.033857
12.468757 -0.031042
12.473758 -0.026510
12.478760 -0.020590
12.483761 -0.014281
12.488763 -0.008919
12.493764 -0.005527
12.498766 -0.004322
12.503767 -0.004672
12.508769 -0.005328
12.513770 -0.004870
12.518772 -0.002393
12.523773 0.001904
12.528775 0.006765
12.533776 0.010705
12.538778 0.013038
12.543779 0.014373
12.548781 0.016164
12.553782 0.019512
12.558784 0.024127
12.563785 0.028352
12.568787 0.030287
12.573788 0.028944
12.578790 0.024442
12.583791 0.017316
12.588793 0.007869
12.593794 -0.003743
12.598796 -0.016841
12.603797 -0.029574
12.608799 -0.038897
12.613800 -0.041589
12.618802 -0.035929
12.623803 -0.022812
12.628805 -0.005273
12.633807 0.013110
12.638808 0.029565
12.643810 0.042473
12.648811 0.051040
12.653813 0.054880
12.658814 0.053654
12.663816 0.046843
12.668817 0.033994
12.673819 0.015513
12.678820 -0.006644
12.683822 -0.029166
12.688823 -0.048631
12.693825 -0.063024
12.698826 -0.072346
12.703828 -0.077783
12.708829 -0.080254
12.713831 -0.079804
12.718832 -0.076289
12.723834 -0.070215
12.728835 -0.062598
12.733837 -0.054138
12.738838 -0.044762
12.743840 -0.033910
12.748841 -0.021032
12.753843 -0.005958
12.758844 0.010709
12.763846 0.027273
12.768847 0.041236
12.773849 0.050347
12.778850 0.053711
12.783852 0.052192
12.788853 0.047926
12.793855 0.043208
12.798856 0.039324
12.803858 0.036092
12.808859 0.032476
12.813861 0.027595
12.818862 0.021186
12.823864 0.013395
12.828865 0.004559
12.833867 -0.004744
12.838868 -0.013617
12.843870 -0.020950
12.848871 -0.025663
12.853873 -0.027039
12.858874 -0.025072
12.863876 -0.020607
12.868877 -0.015104
12.873879 -0.010033
12.878880 -0.006148
12.883882 -0.003149
12.888883 -0.000132
12.893885 0.003337
12.898886 0.006370
12.903888 0.007024
12.908889 0.003684
12.913891 -0.003560
12.918892 -0.012708
12.923894 -0.020869
12.928895 -0.025483
12.933897 -0.024954
12.938898 -0.018705
12.943900 -0.007092
12.948901 0.008640
12.953903 0.026479
12.958904 0.044003
12.963906 0.058974
12.968907 0.069881
12.973909 0.076064
12.978910 0.077401
12.983912 0.074045
12.988914 0.066538
12.993915 0.055824
12.998917 0.042816
13.003918 0.028024
13.008920 0.011947
13.013921 -0.004210
13.018923 -0.018598
13.023924 -0.029670
13.028926 -0.037021
13.033927 -0.041372
13.038929 -0.043936
13.043930 -0.045790
13.048932 -0.047501
13.053933 -0.048931
13.058935 -0.049235
13.063936 -0.047238
13.068938 -0.042223
13.073939 -0.034749
13.078941 -0.026693
13.083942 -0.020209
13.088944 -0.016436
13.093945 -0.015078
13.098947 -0.015032
13.103948 -0.015207
13.108950 -0.014848
13.113951 -0.013472
13.118953 -0.010867
13.123954 -0.007178
13.128956 -0.002760
13.133957 0.002089
13.138959 0.007138
13.143960 0.012008
13.148962 0.016223
13.153963 0.019587
13.158965 0.022428
13.163966 0.025362
13.168968 0.028749
13.173969 0.032330
13.178971 0.035401
13.183972 0.037415
13.188974 0.038383
13.193975 0.038620
13.198977 0.038190
13.203978 0.036895
13.208980 0.034853
13.213981 0.032808
13.218983 0.031544
13.223984 0.031051
13.228986 0.030431
13.233987 0.028631
13.238989 0.025130
13.243990 0.019941
13.248992 0.013295
13.253993 0.005553
13.258995 -0.002621
13.263996 -0.010203
13.268998 -0.016083
13.273999 -0.019611
13.279001 -0.021023
13.284002 -0.021235
13.289004 -0.021039
13.294005 -0.020486
13.299007 -0.019099
13.304008 -0.016613
13.309010 -0.013422
13.314011 -0.010391
13.319013 -0.008426
13.324014 -0.008136
13.329016 -0.009668
13.334017 -0.012705
13.339019 -0.016669
13.344020 -0.020989
13.349022 -0.025147
13.354024 -0.028521
13.359025 -0.030384
13.364027 -0.030211
13.369028 -0.027937
13.374030 -0.023862
13.379031 -0.018295
13.384033 -0.011257
13.389034 -0.002481
13.394036 0.008213
13.399037 0.020426
13.404039 0.033005
13.409040 0.044350
13.414042 0.052797
13.419043 0.056781
13.424045 0.055175
13.429046 0.047949
13.434048 0.036475
13.439049 0.022813
13.444051 0.008630
13.449052 -0.005210
13.454054 -0.018218
13.459055 -0.029667
13.464057 -0.038363
13.469058 -0.042962
13.474060 -0.042707
13.479061 -0.038057
13.484063 -0.030582
13.489064 -0.022180
13.494066 -0.014352
13.499067 -0.007984
13.504069 -0.003325
13.509070 0.000040
13.514072 0.002923
13.519073 0.005916
13.524075 0.008957
13.529076 0.011525
13.534078 0.013195
13.539079 0.013970
13.544081 0.014071
13.549082 0.013433
13.554084 0.011518
13.559085 0.007795
13.564087 0.002440
13.569088 -0.003474
13.574090 -0.008555
13.579091 -0.011883
13.584093 -0.013371
13.589094 -0.013654
13.594096 -0.013810
13.599097 -0.014958
13.604099 -0.017633
13.609100 -0.021282
13.614102 -0.024425
13.619103 -0.025523
13.624105 -0.023831
13.629106 -0.019621
13.634108 -0.013778
13.639109 -0.007168
13.644111 -0.000207
13.649112 0.007140
13.654114 0.014905
13.659115 0.022550
13.664117 0.028824
13.669118 0.032301
13.674120 0.032217
13.679121 0.028896
13.684123 0.023484
13.689124 0.017305
13.694126 0.011344
13.699127 0.006121
13.704129 0.001919
13.709131 -0.000923
13.714132 -0.002117
13.719134 -0.002025
13.724135 -0.001995
13.729137 -0.003748
13.734138 -0.008270
13.739140 -0.015399
13.744141 -0.024490
13.749143 -0.035094
13.754144 -0.046753
13.759146 -0.058252
13.764147 -0.067393
13.769149 -0.071662
13.774150 -0.069316
13.779152 -0.060284
13.784153 -0.046441
13.789155 -0.031010
13.794156 -0.017349
13.799158 -0.007726
13.804159 -0.002592
13.809161 -0.000664
13.814162 0.000158
13.819164 0.001460
13.824165 0.003534
13.829167 0.005730
13.834168 0.007475
13.839170 0.008881
13.844171 0.010531
13.849173 0.012886
13.854174 0.015990
13.859176 0.019503
13.864177 0.022781
13.869179 0.024906
13.874180 0.024903
13.879182 0.022231
13.884183 0.017229
13.889185 0.011088
13.894186 0.005294
13.899188 0.000992
13.904189 -0.001266
13.909191 -0.001413
13.914192 0.000233
13.919194 0.002831
13.924195 0.004951
13.929197 0.004889
13.934198 0.001362
13.939200 -0.005839
13.944201 -0.015620
13.949203 -0.025929
13.954204 -0.034480
13.959206 -0.039422
13.964207 -0.039653
13.969209 -0.034784
13.974210 -0.025015
13.979212 -0.011123
13.984213 0.005450
13.989215 0.022600
13.994216 0.037724
13.999218 0.048182
14.004219 0.052194
14.009221 0.049892
14.014222 0.043579
14.019224 0.036519
14.024225 0.031013
14.029227 0.027366
14.034228 0.024509
14.039230 0.021415
14.044231 0.018018
14.049233 0.015118
14.054234 0.013602
14.059236 0.013679
14.064237 0.014700
14.069239 0.015591
14.074241 0.015392
14.079242 0.013541
14.084244 0.009969
14.089245 0.005156
14.094247 -0.000043
14.099248 -0.004809
14.104250 -0.008574
14.109251 -0.010841
14.114253 -0.011024
14.119254 -0.008724
14.124256 -0.004181
14.129257 0.001643
14.134259 0.007529
14.139260 0.012652
14.144262 0.016927
14.149263 0.020903
14.154265 0.025307
14.159266 0.030490
14.164268 0.036012
14.169269 0.040547
14.174271 0.042215
14.179272 0.039337
14.184274 0.031492
14.189275 0.020221
14.194277 0.008588
14.199278 -0.000384
14.204280 -0.005207
14.209281 -0.006182
14.214283 -0.004475
14.219284 -0.001167
14.224286 0.002884
14.229287 0.006728
14.234289 0.009273
14.239290 0.009633
14.244292 0.007432
14.249293 0.002896
14.254295 -0.003125
14.259296 -0.009227
14.264298 -0.013748
14.269299 -0.015336
14.274301 -0.013591
14.279302 -0.009363
14.284304 -0.004293
14.289305 0.000283
14.294307 0.004109
14.299308 0.007734
14.304310 0.011540
14.309311 0.015183
14.314313 0.017853
14.319314 0.018845
14.324316 0.017846
14.329317 0.014967
14.334319 0.010752
14.339320 0.006166
14.344322 0.002368
14.349323 0.000239
14.354325 -0.000071
14.359326 0.000780
14.364328 0.001740
14.369329 0.001882
14.374331 0.000591
14.379332 -0.002524
14.384334 -0.007555
14.389335 -0.014010
14.394337 -0.020844
14.399338 -0.026984
14.404340 -0.031764
14.409341 -0.034786
14.414343 -0.035594
14.419344 -0.033806
14.424346 -0.029620
14.429347 -0.024130
14.434349 -0.019030
14.439351 -0.015897
14.444352 -0.015567
14.449354 -0.017945
14.454355 -0.022173
14.459357 -0.026909
14.464358 -0.030569
14.469360 -0.031562
14.474361 -0.028672
14.479363 -0.021483
14.484364 -0.010554
14.489366 0.002787
14.494367 0.016798
14.499369 0.029604
14.504370 0.039526
14.509372 0.045546
14.514373 0.047652
14.519375 0.046709
14.524376 0.043925
14.529378 0.040360
14.534379 0.036764
14.539381 0.033687
14.544382 0.031500
14.549384 0.030189
14.554385 0.029166
14.559387 0.027544
14.564388 0.024817
14.569390 0.021206
14.574391 0.017198
14.579393 0.012814
14.584394 0.007535
14.589396 0.000982
14.594397 -0.006400
14.599399 -0.013361
14.604400 -0.018451
14.609402 -0.020598
14.614403 -0.019395
14.619405 -0.015212
14.624406 -0.009180
14.629408 -0.002853
14.634409 0.002306
14.639411 0.005253
14.644412 0.005411
14.649414 0.002667
14.654415 -0.002602
14.659417 -0.009548
14.664418 -0.016936
14.669420 -0.023342
14.674421 -0.027561
14.679423 -0.029058
14.684424 -0.028116
14.689426 -0.025592
14.694427 -0.022511
14.699429 -0.019729
14.704430 -0.017679
14.709432 -0.016256
14.714433 -0.014946
14.719435 -0.013252
14.724436 -0.011048
14.729438 -0.008521
14.734439 -0.005872
14.739441 -0.003241
14.744442 -0.000839
14.749444 0.001088
14.754445 0.002482
14.759447 0.003533
14.764448 0.004487
14.769450 0.005471
14.774451 0.006411
14.779453 0.006936
14.784454 0.006440
14.789456 0.004544
14.794458 0.001678
14.799459 -0.000880
14.804461 -0.001713
14.809462 -0.000144
14.814464 0.003363
14.819465 0.007415
14.824467 0.010406
14.829468 0.011462
14.834470 0.011031
14.839471 0.010421
14.844473 0.010609
14.849474 0.011445
14.854476 0.011922
14.859477 0.011117
14.864479 0.008993
14.869480 0.006480
14.874482 0.004777
14.879483 0.004468
14.884485 0.005235
14.889486 0.006295
14.894488 0.006962
14.899489 0.006840
14.904491 0.005802
14.909492 0.004025
14.914494 0.001982
14.919495 0.000085
14.924497 -0.001781
14.929498 -0.004248
14.934500 -0.007879
14.939501 -0.012605
14.944503 -0.017717
14.949504 -0.022374
14.954506 -0.026172
14.959507 -0.029210
14.964509 -0.031529
14.969510 -0.032535
14.974512 -0.031191
14.979513 -0.026878
14.984515 -0.019989
14.989516 -0.011618
14.994518 -0.002883
14.999519 0.005290
15.004521 0.011936
15.009522 0.016051
15.014524 0.017047
15.019525 0.015128
15.024527 0.011201
15.029528 0.006423
15.034530 0.001717
15.039531 -0.002520
15.044533 -0.006390
15.049534 -0.010136
15.054536 -0.013706
15.059537 -0.016580
15.064539 -0.018011
15.069540 -0.017465
15.074542 -0.014923
15.079543 -0.010862
15.084545 -0.005865
15.089546 -0.000153
15.094548 0.006405
15.099549 0.013670
15.104551 0.020735
15.109552 0.026304
15.114554 0.029528
15.119555 0.030295
15.124557 0.028771
15.129558 0.024897
15.134560 0.018404
15.139561 0.009231
15.144563 -0.002010
15.149564 -0.013851
15.154566 -0.024332
15.159568 -0.031739
15.164569 -0.035163
15.169571 -0.034586
15.174572 -0.030767
15.179574 -0.025136
15.184575 -0.019405
15.189577 -0.014734
15.194578 -0.011168
15.199580 -0.008091
15.204581 -0.005236
15.209583 -0.003038
15.214584 -0.001929
15.219586 -0.001506
15.224587 -0.000610
15.229589 0.001775
15.234590 0.005808
15.239592 0.010829
15.244593 0.015846
15.249595 0.019943
15.254596 0.022482
15.259598 0.023220
15.264599 0.022490
15.269601 0.021266
15.274602 0.020768
15.279604 0.021750
15.284605 0.024180
15.289607 0.027615
15.294608 0.031623
15.299610 0.035597
15.304611 0.038388
15.309613 0.038625
15.314614 0.035645
15.319616 0.030072
15.324617 0.023390
15.329619 0.016836
15.334620 0.010579
15.339622 0.003859
15.344623 -0.004052
15.349625 -0.012946
15.354626 -0.021583
15.359628 -0.028416
15.364629 -0.032399
15.369631 -0.033294
15.374632 -0.031487
15.379634 -0.027725
15.384635 -0.022890
15.389637 -0.017665
15.394638 -0.012249
15.399640 -0.006502
15.404641 -0.000491
15.409643 0.005165
15.414644 0.009527
15.419646 0.011875
15.424647 0.012030
15.429649 0.010327
15.434650 0.007450
15.439652 0.004226
15.444653 0.001411
15.449655 -0.000510
15.454656 -0.001410
15.459658 -0.001466
15.464659 -0.000948
15.469661 -0.000004
15.474662 0.001293
15.479664 0.002592
15.484665 0.003118
15.489667 0.002223
15.494668 0.000174
15.499670 -0.001831
15.504671 -0.002698
15.509673 -0.002508
15.514675 -0.002577
15.519676 -0.004507
15.524678 -0.009141
15.529679 -0.016200
15.534681 -0.024712
15.539682 -0.033618
15.544684 -0.041920
15.549685 -0.048472
15.554687 -0.052038
15.559688 -0.051784
15.564690 -0.047658
15.569691 -0.040245
15.574693 -0.030340
15.579694 -0.018775
15.584696 -0.006566
15.589697 0.004975
15.594699 0.014408
15.599700 0.020576
15.604702 0.023031
15.609703 0.022215
15.614705 0.019129
15.619706 0.014623
15.624708 0.008950
15.629709 0.002073
15.634711 -0.005665
15.639712 -0.013288
15.644714 -0.019559
15.649715 -0.023455
15.654717 -0.024449
15.659718 -0.022635
15.664720 -0.018688
15.669721 -0.013555
15.674723 -0.008000
15.679724 -0.002385
15.684726 0.003165
15.689727 0.008511
15.694729 0.013391
15.699730 0.017320
15.704732 0.019527
15.709733 0.019290
15.714735 0.016645
15.719736 0.012690
15.724738 0.009025
15.729739 0.006833
15.734741 0.006312
15.739742 0.006750
15.744744 0.007145
15.749745 0.006985
15.754747 0.006576
15.759748 0.006678
15.764750 0.007893
15.769751 0.010327
15.774753 0.013522
15.779754 0.016580
15.784756 0.018585
15.789757 0.019227
15.794759 0.019004
15.799760 0.018679
15.804762 0.018576
15.809763 0.018546
15.814765 0.018505
15.819766 0.018685
15.824768 0.019310
15.829769 0.020281
15.834771 0.021312
15.839772 0.022240
15.844774 0.023092
15.849775 0.023884
15.854777 0.024406
15.859778 0.024184
15.864780 0.022783
15.869781 0.020346
15.874783 0.017804
15.879785 0.016303
15.884786 0.016293
15.889788 0.017276
15.894789 0.018381
15.899791 0.018916
15.904792 0.018360
15.909794 0.016205
15.914795 0.012100
15.919797 0.006107
15.924798 -0.001302
15.929800 -0.009434
15.934801 -0.017486
15.939803 -0.024711
15.944804 -0.030754
15.949806 -0.035885
15.954807 -0.040720
15.959809 -0.045569
15.964810 -0.049938
15.969812 -0.052608
15.974813 -0.052341
15.979815 -0.048877
15.984816 -0.043375
15.989818 -0.037752
15.994819 -0.033505
15.999821 -0.031095
16.004822 -0.030119
16.009824 -0.029682
16.014825 -0.028648
16.019827 -0.026005
16.024828 -0.021383
16.029830 -0.015284
16.034831 -0.008783
16.039833 -0.002876
16.044834 0.002081
16.049836 0.006376
16.054837 0.010397
16.059839 0.014220
16.064840 0.017842
16.069842 0.021664
16.074843 0.026333
16.079845 0.031960
16.084846 0.037744
16.089848 0.042646
16.094849 0.046302
16.099851 0.048986
16.104852 0.050711
16.109854 0.050689
16.114855 0.047914
16.119857 0.042283
16.124858 0.034966
16.129860 0.027551
16.134861 0.020823
16.139863 0.014514
16.144864 0.008230
16.149866 0.002332
16.154867 -0.002368
16.159869 -0.005701
16.164870 -0.008598
16.169872 -0.012328
16.174873 -0.017356
16.179875 -0.022977
16.184876 -0.027903
16.189878 -0.031033
16.194879 -0.031732
16.199881 -0.029768
16.204882 -0.025370
16.209884 -0.019365
16.214885 -0.012971
16.219887 -0.007220
16.224888 -0.002559
16.229890 0.000960
16.234892 0.003139
16.239893 0.003298
16.244895 0.000579
16.249896 -0.005314
16.254898 -0.013663
16.259899 -0.023011
16.264901 -0.031718
16.269902 -0.038165
16.274904 -0.040863
16.279905 -0.039051
16.284907 -0.033441
16.289908 -0.026062
16.294910 -0.019047
16.299911 -0.013465
16.304913 -0.009286
16.309914 -0.006207
16.314916 -0.004338
16.319917 -0.004085
16.324919 -0.005497
16.329920 -0.007783
16.334922 -0.009532
16.339923 -0.009498
16.344925 -0.007315
16.349926 -0.003603
16.354928 0.000411
16.359929 0.003357
16.364931 0.004158
16.369932 0.002557
16.374934 -0.000586
16.379935 -0.003674
16.384937 -0.005293
16.389938 -0.004798
16.394940 -0.002203
16.399941 0.002117
16.404943 0.007351
16.409944 0.012094
16.414946 0.014683
16.419947 0.013985
16.424949 0.010077
16.429950 0.004343
16.434952 -0.001174
16.439953 -0.004847
16.444955 -0.006179
16.449956 -0.005546
16.454958 -0.003424
16.459959 -0.000049
16.464961 0.004291
16.469962 0.008917
16.474964 0.012781
16.479965 0.014693
16.484967 0.013643
16.489968 0.009261
16.494970 0.002207
16.499971 -0.005970
16.504973 -0.013542
16.509974 -0.019390
16.514976 -0.023325
16.519977 -0.025678
16.524979 -0.026505
16.529980 -0.025133
16.534982 -0.020679
16.539983 -0.013154
16.544985 -0.004090
16.549986 0.004015
16.554988 0.008983
16.559989 0.009930
16.564991 0.007429
16.569992 0.003159
16.574994 -0.000709
16.579995 -0.002528
16.584997 -0.002243
16.589998 -0.001212
16.595000 -0.000600
