0.000000 0.000000
0.005001 0.001148
0.010003 0.001124
0.015004 0.000944
0.020006 0.000766
0.025007 0.000740
0.030009 0.000886
0.035010 0.001068
0.040012 0.001112
0.045013 0.000926
0.050015 0.000544
0.055016 0.000119
0.060018 -0.000132
0.065019 -0.000054
0.070021 0.000317
0.075022 0.000752
0.080024 0.000967
0.085025 0.000827
0.090027 0.000451
0.095028 0.000131
0.100030 0.000109
0.105031 0.000398
0.110033 0.000776
0.115034 0.000950
0.120036 0.000757
0.125037 0.000292
0.130039 -0.000145
0.135040 -0.000254
0.140042 0.000026
0.145043 0.000418
0.150045 0.000518
0.155046 0.000174
0.160048 -0.000297
0.165049 -0.000344
0.170051 0.000264
0.175052 0.001114
0.180054 0.001470
0.185055 0.000987
0.190057 0.000048
0.195058 -0.000596
0.200060 -0.000494
0.205061 0.000163
0.210063 0.000756
0.215064 0.000793
0.220066 0.000296
0.225067 -0.000292
0.230069 -0.000552
0.235070 -0.000405
0.240072 -0.000058
0.245073 0.000256
0.250075 0.000423
0.255076 0.000388
0.260078 0.000115
0.265079 -0.000329
0.270081 -0.000752
0.275082 -0.000964
0.280084 -0.000911
0.285085 -0.000667
0.290087 -0.000354
0.295088 -0.000101
0.300090 -0.000032
0.305091 -0.000189
0.310093 -0.000460
0.315094 -0.000626
0.320096 -0.000553
0.325097 -0.000316
0.330099 -0.000073
0.335100 0.000115
0.340102 0.000260
0.345103 0.000318
0.350105 0.000226
0.355106 0.000042
0.360108 -0.000070
0.365109 -0.000014
0.370111 0.000150
0.375112 0.000281
0.380114 0.000274
0.385115 0.000141
0.390117 -0.000015
0.395118 -0.000105
0.400120 -0.000113
0.405121 -0.000064
0.410123 0.000011
0.415124 0.000061
0.420126 0.000012
0.425127 -0.000165
0.430129 -0.000391
0.435130 -0.000509
0.440132 -0.000412
0.445133 -0.000146
0.450135 0.000119
0.455136 0.000252
0.460138 0.000264
0.465139 0.000224
0.470141 0.000135
0.475142 -0.000031
0.480144 -0.000199
0.485145 -0.000191
0.490147 0.000107
0.495148 0.000603
0.500150 0.001024
0.505151 0.001097
0.510153 0.000765
0.515154 0.000251
0.520156 -0.000102
0.525157 -0.000092
0.530159 0.000222
0.535160 0.000623
0.540162 0.000899
0.545163 0.000937
0.550165 0.000736
0.555166 0.000386
0.560168 0.000029
0.565169 -0.000188
0.570171 -0.000189
0.575172 -0.000022
0.580174 0.000168
0.585175 0.000249
0.590177 0.000192
0.595178 0.000067
0.600180 -0.000024
0.605181 -0.000044
0.610183 -0.000042
0.615184 -0.000059
0.620186 -0.000049
0.625187 0.000075
0.630189 0.000299
0.635190 0.000453
0.640192 0.000370
0.645193 0.000096
0.650195 -0.000133
0.655196 -0.000130
0.660198 0.000039
0.665199 0.000145
0.670201 0.000050
0.675202 -0.000144
0.680204 -0.000210
0.685205 -0.000024
0.690207 0.000314
0.695208 0.000582
0.700210 0.000626
0.705211 0.000459
0.710213 0.000192
0.715214 -0.000086
0.720216 -0.000338
0.725217 -0.000505
0.730219 -0.000455
0.735220 -0.000078
0.740222 0.000540
0.745223 0.001066
0.750225 0.001129
0.755226 0.000658
0.760228 -0.000008
0.765229 -0.000387
0.770231 -0.000249
0.775232 0.000211
0.780234 0.000574
0.785235 0.000578
0.790237 0.000310
0.795238 0.000033
0.800240 -0.000110
0.805241 -0.000175
0.810243 -0.000244
0.815244 -0.000313
0.820246 -0.000331
0.825247 -0.000268
0.830249 -0.000105
0.835250 0.000150
0.840252 0.000381
0.845253 0.000393
0.850255 0.000113
0.855256 -0.000257
0.860258 -0.000412
0.865259 -0.000274
0.870261 -0.000108
0.875262 -0.000229
0.880264 -0.000614
0.885265 -0.000851
0.890267 -0.000556
0.895268 0.000181
0.900270 0.000811
0.905271 0.000834
0.910273 0.000270
0.915274 -0.000379
0.920276 -0.000609
0.925277 -0.000346
0.930279 0.000052
0.935280 0.000186
0.940282 -0.000004
0.945283 -0.000220
0.950285 -0.000140
0.955286 0.000275
0.960288 0.000758
0.965289 0.000956
0.970291 0.000687
0.975292 0.000086
0.980294 -0.000454
0.985295 -0.000558
0.990296 -0.000171
0.995298 0.000395
1.000299 0.000735
1.005301 0.000658
1.010302 0.000279
1.015304 -0.000144
1.020305 -0.000422
1.025307 -0.000526
1.030308 -0.000514
1.035310 -0.000406
1.040311 -0.000190
1.045313 0.000079
1.050314 0.000237
1.055316 0.000150
1.060317 -0.000135
1.065319 -0.000413
1.070320 -0.000488
1.075322 -0.000310
1.080323 -0.000021
1.085325 0.000112
1.090326 -0.000102
1.095328 -0.000550
1.100329 -0.000852
1.105331 -0.000707
1.110332 -0.000198
1.115334 0.000279
1.120335 0.000346
1.125337 -0.000050
1.130338 -0.000594
1.135340 -0.000837
1.140341 -0.000551
1.145343 0.000058
1.150344 0.000486
1.155346 0.000369
1.160347 -0.000166
1.165349 -0.000601
1.170350 -0.000517
1.175352 0.000007
1.180353 0.000495
1.185355 0.000555
1.190356 0.000201
1.195358 -0.000270
1.200359 -0.000583
1.205361 -0.000650
1.210362 -0.000549
1.215364 -0.000440
1.220365 -0.000456
1.225367 -0.000588
1.230368 -0.000687
1.235370 -0.000613
1.240371 -0.000364
1.245373 -0.000060
1.250374 0.000166
1.255376 0.000234
1.260377 0.000140
1.265379 -0.000034
1.270380 -0.000130
1.275382 -0.000027
1.280383 0.000213
1.285385 0.000355
1.290386 0.000212
1.295388 -0.000150
1.300389 -0.000474
1.305391 -0.000556
1.310392 -0.000407
1.315394 -0.000180
1.320395 -0.000039
1.325397 -0.000060
1.330398 -0.000190
1.335400 -0.000274
1.340401 -0.000201
1.345403 -0.000074
1.350404 -0.000131
1.355406 -0.000451
1.360407 -0.000778
1.365409 -0.000738
1.370410 -0.000256
1.375412 0.000305
1.380413 0.000477
1.385415 0.000132
1.390416 -0.000417
1.395418 -0.000714
1.400419 -0.000557
1.405421 -0.000132
1.410422 0.000190
1.415424 0.000192
1.420425 -0.000015
1.425427 -0.000151
1.430428 -0.000069
1.435430 0.000131
1.440431 0.000248
1.445433 0.000163
1.450434 -0.000095
1.455436 -0.000363
1.460437 -0.000425
1.465439 -0.000184
1.470440 0.000214
1.475442 0.000502
1.480443 0.000514
1.485445 0.000276
1.490446 -0.000082
1.495448 -0.000397
1.500449 -0.000493
1.505451 -0.000270
1.510452 0.000170
1.515454 0.000552
1.520455 0.000623
1.525457 0.000361
1.530458 0.000018
1.535460 -0.000084
1.540461 0.000138
1.545463 0.000438
1.550464 0.000525
1.555466 0.000389
1.560467 0.000267
1.565469 0.000302
1.570470 0.000356
1.575472 0.000222
1.580473 -0.000078
1.585475 -0.000302
1.590476 -0.000292
1.595478 -0.000178
1.600479 -0.000221
1.605481 -0.000488
1.610482 -0.000773
1.615484 -0.000833
1.620485 -0.000653
1.625487 -0.000437
1.630488 -0.000378
1.635490 -0.000458
1.640491 -0.000444
1.645493 -0.000088
1.650494 0.000654
1.655496 0.001568
1.660497 0.002301
1.665499 0.002572
1.670500 0.002341
1.675502 0.001839
1.680503 0.001412
1.685505 0.001274
1.690506 0.001361
1.695508 0.001383
1.700509 0.001030
1.705511 0.000206
1.710512 -0.000822
1.715514 -0.001530
1.720515 -0.001505
1.725517 -0.000802
1.730518 0.000088
1.735520 0.000695
1.740521 0.000996
1.745523 0.001348
1.750524 0.001983
1.755526 0.002596
1.760527 0.002532
1.765529 0.001407
1.770530 -0.000474
1.775532 -0.002352
1.780533 -0.003587
1.785535 -0.003981
1.790536 -0.003681
1.795538 -0.002956
1.800539 -0.002062
1.805541 -0.001205
1.810542 -0.000522
1.815544 -0.000052
1.820545 0.000250
1.825547 0.000433
1.830548 0.000444
1.835550 0.000105
1.840551 -0.000750
1.845553 -0.002067
1.850554 -0.003491
1.855556 -0.004574
1.860557 -0.005151
1.865559 -0.005458
1.870560 -0.005798
1.875562 -0.006088
1.880563 -0.005832
1.885565 -0.004564
1.890566 -0.002280
1.895568 0.000506
1.900569 0.003060
1.905571 0.004778
1.910572 0.005397
1.915574 0.005018
1.920575 0.003980
1.925577 0.002695
1.930578 0.001561
1.935580 0.000890
1.940581 0.000803
1.945583 0.001174
1.950584 0.001723
1.955586 0.002221
1.960587 0.002578
1.965588 0.002778
1.970590 0.002812
1.975591 0.002731
1.980593 0.002649
1.985594 0.002610
1.990596 0.002482
1.995597 0.002101
2.000599 0.001497
2.005600 0.000913
2.010602 0.000603
2.015603 0.000645
2.020605 0.000962
2.025606 0.001429
2.030608 0.001883
2.035609 0.002028
2.040611 0.001498
2.045612 0.000162
2.050614 -0.001635
2.055615 -0.003193
2.060617 -0.003867
2.065618 -0.003414
2.070620 -0.002064
2.075621 -0.000314
2.080623 0.001373
2.085624 0.002747
2.090626 0.003752
2.095627 0.004401
2.100629 0.004650
2.105630 0.004292
2.110632 0.002933
2.115633 0.000171
2.120635 -0.003995
2.125636 -0.008845
2.130638 -0.013066
2.135639 -0.015300
2.140641 -0.014706
2.145642 -0.011220
2.150644 -0.005495
2.155645 0.001341
2.160647 0.007969
2.165648 0.013205
2.170650 0.016304
2.175651 0.017041
2.180653 0.015522
2.185654 0.012010
2.190656 0.006985
2.195657 0.001265
2.200659 -0.004132
2.205660 -0.008349
2.210662 -0.010907
2.215663 -0.011634
2.220665 -0.010495
2.225666 -0.007590
2.230668 -0.003290
2.235669 0.001670
2.240671 0.006277
2.245672 0.009542
2.250674 0.010875
2.255675 0.010297
2.260677 0.008375
2.265678 0.005923
2.270680 0.003672
2.275681 0.002109
2.280683 0.001465
2.285684 0.001687
2.290686 0.002404
2.295687 0.003014
2.300689 0.002925
2.305690 0.001852
2.310692 -0.000028
2.315693 -0.002224
2.320695 -0.004311
2.325696 -0.006152
2.330698 -0.007688
2.335699 -0.008579
2.340701 -0.008201
2.345702 -0.006011
2.350704 -0.001948
2.355705 0.003375
2.360707 0.008723
2.365708 0.012573
2.370710 0.013684
2.375711 0.011613
2.380713 0.006855
2.385714 0.000567
2.390716 -0.005925
2.395717 -0.011557
2.400719 -0.015709
2.405720 -0.018103
2.410722 -0.018594
2.415723 -0.017078
2.420725 -0.013596
2.425726 -0.008512
2.430728 -0.002615
2.435729 0.002960
2.440731 0.007043
2.445732 0.008864
2.450734 0.008347
2.455735 0.006117
2.460737 0.003248
2.465738 0.000852
2.470740 -0.000374
2.475741 -0.000383
2.480743 0.000378
2.485744 0.001353
2.490746 0.002173
2.495747 0.002728
2.500749 0.003071
2.505750 0.003267
2.510752 0.003274
2.515753 0.003007
2.520755 0.002503
2.525756 0.002029
2.530758 0.002005
2.535759 0.002802
2.540761 0.004509
2.545762 0.006817
2.550764 0.009112
2.555765 0.010775
2.560767 0.011480
2.565768 0.011257
2.570770 0.010306
2.575771 0.008751
2.580773 0.006604
2.585774 0.003987
2.590776 0.001299
2.595777 -0.000932
2.600779 -0.002371
2.605780 -0.003033
2.610782 -0.003168
2.615783 -0.003063
2.620785 -0.002974
2.625786 -0.003192
2.630788 -0.004021
2.635789 -0.005604
2.640791 -0.007725
2.645792 -0.009767
2.650794 -0.010900
2.655795 -0.010449
2.660797 -0.008243
2.665798 -0.004730
2.670800 -0.000791
2.675801 0.002593
2.680803 0.004678
2.685804 0.005197
2.690806 0.004427
2.695807 0.002985
2.700809 0.001511
2.705810 0.000471
2.710812 0.000148
2.715813 0.000651
2.720815 0.001914
2.725816 0.003766
2.730818 0.006067
2.735819 0.008676
2.740821 0.011238
2.745822 0.013125
2.750824 0.013697
2.755825 0.012599
2.760827 0.009862
2.765828 0.005908
2.770830 0.001533
2.775831 -0.002242
2.780833 -0.004560
2.785834 -0.005100
2.790836 -0.004172
2.795837 -0.002508
2.800839 -0.000970
2.805840 -0.000337
2.810842 -0.001174
2.815843 -0.003713
2.820845 -0.007740
2.825846 -0.012552
2.830848 -0.017113
2.835849 -0.020383
2.840851 -0.021652
2.845852 -0.020709
2.850854 -0.017806
2.855855 -0.013480
2.860857 -0.008380
2.865858 -0.003269
2.870860 0.000859
2.875861 0.002906
2.880863 0.002201
2.885864 -0.000934
2.890866 -0.005138
2.895867 -0.008638
2.900869 -0.010065
2.905870 -0.008886
2.910872 -0.005316
2.915873 -0.000042
2.920875 0.005973
2.925876 0.011633
2.930878 0.015948
2.935879 0.018311
2.940881 0.018622
2.945882 0.017141
2.950883 0.014218
2.955885 0.010154
2.960886 0.005371
2.965888 0.000741
2.970889 -0.002392
2.975891 -0.002728
2.980892 0.000268
2.985894 0.005998
2.990895 0.012915
2.995897 0.019020
3.000898 0.022413
3.005900 0.021815
3.010901 0.016957
3.015903 0.008691
3.020904 -0.001264
3.025906 -0.010852
3.030907 -0.018240
3.035909 -0.022255
3.040910 -0.022588
3.045912 -0.019761
3.050913 -0.014944
3.055915 -0.009717
3.060916 -0.005774
3.065918 -0.004472
3.070919 -0.006323
3.075921 -0.010727
3.080922 -0.016283
3.085924 -0.021531
3.090925 -0.025495
3.095927 -0.027633
3.100928 -0.027469
3.105930 -0.024455
3.110931 -0.018270
3.115933 -0.009310
3.120934 0.001066
3.125936 0.010818
3.130937 0.017923
3.135939 0.021093
3.140940 0.020179
3.145942 0.016130
3.150943 0.010605
3.155945 0.005412
3.160946 0.002033
3.165948 0.001427
3.170949 0.004025
3.175951 0.009758
3.180952 0.017975
3.185954 0.027348
3.190955 0.035921
3.195957 0.041468
3.200958 0.042149
3.205960 0.037260
3.210961 0.027598
3.215963 0.015168
3.220964 0.002428
3.225966 -0.008390
3.230967 -0.015603
3.235969 -0.018281
3.240970 -0.016522
3.245972 -0.011548
3.250973 -0.005314
3.255975 0.000182
3.260976 0.003447
3.265978 0.003721
3.270979 0.001029
3.275981 -0.003928
3.280982 -0.010107
3.285984 -0.016533
3.290985 -0.022410
3.295987 -0.026925
3.300988 -0.029166
3.305990 -0.028472
3.310991 -0.024928
3.315993 -0.019453
3.320994 -0.013401
3.325996 -0.008043
3.330997 -0.004294
3.335999 -0.002661
3.341000 -0.003233
3.346002 -0.005631
3.351003 -0.008994
3.356005 -0.012153
3.361006 -0.013945
3.366008 -0.013476
3.371009 -0.010215
3.376011 -0.004057
3.381012 0.004575
3.386014 0.014709
3.391015 0.024973
3.396017 0.033844
3.401018 0.039897
3.406020 0.042082
3.411021 0.040146
3.416023 0.034972
3.421024 0.028456
3.426026 0.022768
3.431027 0.019445
3.436029 0.018853
3.441030 0.020250
3.446032 0.022236
3.451033 0.023364
3.456035 0.022691
3.461036 0.020065
3.466038 0.015965
3.471039 0.010990
3.476041 0.005440
3.481042 -0.000666
3.486044 -0.007227
3.491045 -0.013763
3.496047 -0.019486
3.501048 -0.023637
3.506050 -0.025824
3.511051 -0.026116
3.516053 -0.024924
3.521054 -0.022854
3.526056 -0.020676
3.531057 -0.019246
3.536059 -0.019244
3.541060 -0.020799
3.546062 -0.023306
3.551063 -0.025614
3.556065 -0.026574
3.561066 -0.025672
3.566068 -0.023271
3.571069 -0.020248
3.576071 -0.017331
3.581072 -0.014692
3.586074 -0.012071
3.591075 -0.009200
3.596077 -0.006138
3.601078 -0.003318
3.606080 -0.001346
3.611081 -0.000633
3.616083 -0.001067
3.621084 -0.001996
3.626086 -0.002539
3.631087 -0.001992
3.636089 -0.000059
3.641090 0.003181
3.646092 0.007432
3.651093 0.012289
3.656095 0.017209
3.661096 0.021427
3.666098 0.023999
3.671099 0.024073
3.676101 0.021263
3.681102 0.015858
3.686104 0.008733
3.691105 0.001079
3.696107 -0.005902
3.701108 -0.011259
3.706110 -0.014430
3.711111 -0.015275
3.716113 -0.014068
3.721114 -0.011440
3.726116 -0.008230
3.731117 -0.005265
3.736119 -0.003148
3.741120 -0.002063
3.746122 -0.001632
3.751123 -0.001044
3.756125 0.000492
3.761126 0.003244
3.766128 0.006820
3.771129 0.010504
3.776131 0.013798
3.781132 0.016733
3.786134 0.019764
3.791135 0.023324
3.796137 0.027286
3.801138 0.030616
3.806140 0.031573
3.811141 0.028565
3.816143 0.021207
3.821144 0.010801
3.826146 -0.000119
3.831147 -0.008832
3.836149 -0.013454
3.841150 -0.013554
3.846152 -0.010199
3.851153 -0.005412
3.856155 -0.001270
3.861156 0.000921
3.866158 0.000965
3.871159 -0.000463
3.876161 -0.002385
3.881162 -0.004060
3.886164 -0.005243
3.891165 -0.006146
3.896167 -0.007223
3.901168 -0.008910
3.906170 -0.011400
3.911171 -0.014541
3.916173 -0.017931
3.921174 -0.021138
3.926176 -0.023875
3.931177 -0.026019
3.936178 -0.027442
3.941180 -0.027762
3.946181 -0.026242
3.951183 -0.022052
3.956184 -0.014807
3.961186 -0.005016
3.966187 0.005917
3.971189 0.016176
3.976190 0.024229
3.981192 0.029353
3.986193 0.031755
3.991195 0.032241
3.996196 0.031599
4.001198 0.030054
4.006199 0.027175
4.011201 0.022384
4.016202 0.015724
4.021204 0.008324
4.026205 0.002115
4.031207 -0.001091
4.036208 -0.000577
4.041210 0.002854
4.046211 0.007198
4.051213 0.010054
4.056214 0.009526
4.061216 0.004885
4.066217 -0.003188
4.071219 -0.012798
4.076220 -0.021446
4.081222 -0.026954
4.086223 -0.028351
4.091225 -0.026256
4.096226 -0.022511
4.101228 -0.019278
4.106229 -0.018069
4.111231 -0.019202
4.116232 -0.021981
4.121234 -0.025350
4.126235 -0.028469
4.131237 -0.030819
4.136238 -0.031964
4.141240 -0.031433
4.146241 -0.028913
4.151243 -0.024452
4.156244 -0.018417
4.161246 -0.011342
4.166247 -0.003910
4.171249 0.003077
4.176250 0.009005
4.181252 0.013830
4.186253 0.018079
4.191255 0.022339
4.196256 0.026706
4.201258 0.030672
4.206259 0.033432
4.211261 0.034297
4.216262 0.032973
4.221264 0.029716
4.226265 0.025318
4.231267 0.020834
4.236268 0.017113
4.241270 0.014448
4.246271 0.012565
4.251273 0.010920
4.256274 0.009180
4.261276 0.007613
4.266277 0.007052
4.271279 0.008402
4.276280 0.012060
4.281282 0.017567
4.286283 0.023624
4.291285 0.028494
4.296286 0.030673
4.301288 0.029467
4.306289 0.025150
4.311291 0.018701
4.316292 0.011404
4.321294 0.004534
4.326295 -0.000845
4.331297 -0.004023
4.336298 -0.004703
4.341300 -0.002971
4.346301 0.000807
4.351303 0.006110
4.356304 0.012275
4.361306 0.018340
4.366307 0.022977
4.371309 0.024838
4.376310 0.023218
4.381312 0.018462
4.386313 0.011758
4.391315 0.004465
4.396316 -0.002518
4.401318 -0.008902
4.406319 -0.014652
4.411321 -0.019482
4.416322 -0.022564
4.421324 -0.022707
4.426325 -0.018957
4.431327 -0.011315
4.436328 -0.001060
4.441330 0.009591
4.446331 0.018274
4.451333 0.023302
4.456334 0.024168
4.461336 0.021623
4.466337 0.017310
4.471339 0.013097
4.476340 0.010422
4.481342 0.009969
4.486343 0.011680
4.491345 0.014952
4.496346 0.018944
4.501348 0.022998
4.506349 0.026981
4.511351 0.031264
4.516352 0.036288
4.521354 0.042056
4.526355 0.047954
4.531357 0.053114
4.536358 0.057026
4.541360 0.059916
4.546361 0.062559
4.551363 0.065784
4.556364 0.070000
4.561366 0.074891
4.566367 0.079284
4.571369 0.081350
4.576370 0.079170
4.581372 0.071395
4.586373 0.057655
4.591375 0.038738
4.596376 0.016691
4.601378 -0.005332
4.606379 -0.023812
4.611381 -0.036135
4.616382 -0.041780
4.621384 -0.042564
4.626385 -0.041597
4.631387 -0.041587
4.636388 -0.043730
4.641390 -0.047783
4.646391 -0.052724
4.651393 -0.057163
4.656394 -0.059472
4.661396 -0.058156
4.666397 -0.052574
4.671399 -0.043468
4.676400 -0.032751
4.681402 -0.022566
4.686403 -0.014219
4.691405 -0.007732
4.696406 -0.002246
4.701408 0.003102
4.706409 0.008369
4.711411 0.012459
4.716412 0.013430
4.721414 0.009354
4.726415 -0.000727
4.731417 -0.016206
4.736418 -0.034981
4.741420 -0.054206
4.746421 -0.071371
4.751423 -0.085208
4.756424 -0.096036
4.761426 -0.105504
4.766427 -0.115957
4.771429 -0.129719
4.776430 -0.148499
4.781432 -0.172996
4.786433 -0.202689
4.791435 -0.235779
4.796436 -0.269414
4.801438 -0.300327
4.806439 -0.325763
4.811441 -0.344353
4.816442 -0.356450
4.821444 -0.363530
4.826445 -0.366808
4.831447 -0.365972
4.836448 -0.359005
4.841450 -0.343339
4.846451 -0.317578
4.851453 -0.282626
4.856454 -0.241460
4.861456 -0.197672
4.866457 -0.153802
4.871459 -0.110522
4.876460 -0.067131
4.881462 -0.022821
4.886463 0.022279
4.891465 0.066979
4.896466 0.109704
4.901468 0.149392
4.906469 0.186123
4.911471 0.221209
4.916472 0.256605
4.921473 0.293766
4.926475 0.332519
4.931476 0.370672
4.936478 0.404684
4.941479 0.430972
4.946481 0.447204
4.951482 0.452999
4.956484 0.449755
4.961485 0.439676
4.966487 0.424607
4.971488 0.405428
4.976490 0.382255
4.981491 0.355133
4.986493 0.324708
4.991494 0.292491
4.996496 0.260582
5.001497 0.231045
5.006499 0.205270
5.011500 0.183682
5.016502 0.165899
5.021503 0.151144
5.026505 0.138677
5.031506 0.128133
5.036508 0.119680
5.041509 0.113846
5.046511 0.111000
5.051512 0.110711
5.056514 0.111429
5.061515 0.110871
5.066517 0.107058
5.071518 0.099296
5.076520 0.088289
5.081521 0.075307
5.086523 0.061069
5.091524 0.045116
5.096526 0.025985
5.101527 0.001997
5.106529 -0.027813
5.111530 -0.063115
5.116532 -0.102300
5.121533 -0.142970
5.126535 -0.182686
5.131536 -0.219653
5.136538 -0.252932
5.141539 -0.281942
5.146541 -0.305662
5.151542 -0.322405
5.156544 -0.330627
5.161545 -0.330219
5.166547 -0.323187
5.171548 -0.313000
5.176550 -0.302965
5.181551 -0.294749
5.186553 -0.287952
5.191554 -0.280725
5.196556 -0.270682
5.201557 -0.255561
5.206559 -0.233693
5.211560 -0.204561
5.216562 -0.169360
5.221563 -0.131039
5.226565 -0.093459
5.231566 -0.059961
5.236568 -0.032154
5.241569 -0.009546
5.246571 0.009889
5.251572 0.028521
5.256574 0.047812
5.261575 0.067601
5.266577 0.086259
5.271578 0.101580
5.276580 0.111957
5.281581 0.117221
5.286583 0.118730
5.291584 0.118617
5.296586 0.118460
5.301587 0.118005
5.306589 0.114804
5.311590 0.105168
5.316592 0.085859
5.321593 0.055541
5.326595 0.015339
5.331596 -0.031467
5.336598 -0.080334
5.341599 -0.126487
5.346601 -0.165729
5.351602 -0.194981
5.356604 -0.212684
5.361605 -0.219041
5.366607 -0.215808
5.371608 -0.205529
5.376610 -0.190531
5.381611 -0.172262
5.386613 -0.151198
5.391614 -0.127114
5.396616 -0.099407
5.401617 -0.067351
5.406619 -0.030304
5.411620 0.012088
5.416622 0.059683
5.421623 0.111663
5.426625 0.166472
5.431626 0.221997
5.436628 0.275965
5.441629 0.326275
5.446631 0.371080
5.451632 0.408789
5.456634 0.438238
5.461635 0.458942
5.466637 0.471219
5.471638 0.476000
5.476640 0.474264
5.481641 0.466295
5.486643 0.451277
5.491644 0.427695
5.496646 0.394423
5.501647 0.351815
5.506649 0.302053
5.511650 0.248555
5.516652 0.194778
5.521653 0.143052
5.526655 0.094020
5.531656 0.046902
5.536658 0.000344
5.541659 -0.046645
5.546661 -0.094012
5.551662 -0.140510
5.556664 -0.184116
5.561665 -0.222888
5.566667 -0.255824
5.571668 -0.283167
5.576670 -0.305957
5.581671 -0.325192
5.586673 -0.341179
5.591674 -0.353395
5.596676 -0.360878
5.601677 -0.362991
5.606679 -0.360090
5.611680 -0.353616
5.616682 -0.345532
5.621683 -0.337520
5.626685 -0.330357
5.631686 -0.323624
5.636688 -0.315847
5.641689 -0.305115
5.646691 -0.289882
5.651692 -0.269484
5.656694 -0.244269
5.661695 -0.215520
5.666697 -0.185254
5.671698 -0.155755
5.676700 -0.128809
5.681701 -0.105044
5.686703 -0.083883
5.691704 -0.064082
5.696706 -0.044418
5.701707 -0.024095
5.706709 -0.002851
5.711710 0.019015
5.716712 0.040494
5.721713 0.059690
5.726715 0.074036
5.731716 0.081139
5.736718 0.080019
5.741719 0.071987
5.746721 0.060533
5.751722 0.050178
5.756724 0.044881
5.761725 0.046698
5.766727 0.055138
5.771728 0.067462
5.776730 0.079819
5.781731 0.088781
5.786733 0.092565
5.791734 0.091309
5.796736 0.086294
5.801737 0.078741
5.806739 0.069046
5.811740 0.056885
5.816742 0.041870
5.821743 0.024168
5.826745 0.004747
5.831746 -0.014709
5.836748 -0.032046
5.841749 -0.045013
5.846751 -0.051831
5.851752 -0.051800
5.856754 -0.045614
5.861755 -0.035149
5.866757 -0.022847
5.871758 -0.010988
5.876760 -0.001131
5.881761 0.006228
5.886763 0.011766
5.891764 0.017189
5.896765 0.024731
5.901767 0.036374
5.906768 0.053152
5.911770 0.074896
5.916771 0.100507
5.921773 0.128441
5.926774 0.157148
5.931776 0.185314
5.936777 0.211930
5.941779 0.236228
5.946780 0.257532
5.951782 0.275103
5.956783 0.288128
5.961785 0.295917
5.966786 0.298229
5.971788 0.295459
5.976789 0.288427
5.981791 0.277876
5.986792 0.264164
5.991794 0.247442
5.996795 0.227963
6.001797 0.206021
6.006798 0.181578
6.011800 0.154115
6.016801 0.123046
6.021803 0.088457
6.026804 0.051721
6.031806 0.015465
6.036807 -0.017307
6.041809 -0.044557
6.046810 -0.066083
6.051812 -0.083267
6.056813 -0.098041
6.061815 -0.111920
6.066816 -0.125641
6.071818 -0.139283
6.076819 -0.152596
6.081821 -0.165295
6.086822 -0.177265
6.091824 -0.188650
6.096825 -0.199854
6.101827 -0.211430
6.106828 -0.223850
6.111830 -0.237195
6.116831 -0.250875
6.121833 -0.263601
6.126834 -0.273726
6.131836 -0.279847
6.136837 -0.281297
6.141839 -0.278266
6.146840 -0.271573
6.151842 -0.262222
6.156843 -0.250917
6.161845 -0.237716
6.166846 -0.222025
6.171848 -0.202974
6.176849 -0.180011
6.181851 -0.153403
6.186852 -0.124288
6.191854 -0.094296
6.196855 -0.064982
6.201857 -0.037438
6.206858 -0.012245
6.211860 0.010246
6.216861 0.029563
6.221863 0.045015
6.226864 0.056000
6.231866 0.062479
6.236867 0.065187
6.241869 0.065365
6.246870 0.064200
6.251872 0.062421
6.256873 0.060281
6.261875 0.057880
6.266876 0.055518
6.271878 0.053815
6.276879 0.053489
6.281881 0.055012
6.286882 0.058410
6.291884 0.063341
6.296885 0.069355
6.301887 0.076174
6.306888 0.083770
6.311890 0.092138
6.316891 0.100896
6.321893 0.109074
6.326894 0.115329
6.331896 0.118475
6.336897 0.117902
6.341899 0.113602
6.346900 0.105944
6.351902 0.095583
6.356903 0.083619
6.361905 0.071728
6.366906 0.061906
6.371908 0.055798
6.376909 0.054035
6.381911 0.056043
6.386912 0.060391
6.391914 0.065422
6.396915 0.069869
6.401917 0.073191
6.406918 0.075527
6.411920 0.077297
6.416921 0.078756
6.421923 0.079852
6.426924 0.080553
6.431926 0.081343
6.436927 0.083334
6.441929 0.087846
6.446930 0.095740
6.451932 0.106910
6.456933 0.120165
6.461935 0.133533
6.466936 0.144819
6.471938 0.152171
6.476939 0.154462
6.481941 0.151434
6.486942 0.143672
6.491944 0.132370
6.496945 0.118919
6.501947 0.104503
6.506948 0.089984
6.511950 0.076083
6.516951 0.063545
6.521953 0.053043
6.526954 0.044904
6.531956 0.038897
6.536957 0.034174
6.541959 0.029393
6.546960 0.023115
6.551962 0.014387
6.556963 0.003067
6.561965 -0.010407
6.566966 -0.025538
6.571968 -0.042064
6.576969 -0.059857
6.581971 -0.078677
6.586972 -0.098109
6.591974 -0.117775
6.596975 -0.137582
6.601977 -0.157662
6.606978 -0.178001
6.611980 -0.198085
6.616981 -0.216914
6.621983 -0.233336
6.626984 -0.246408
6.631986 -0.255589
6.636987 -0.260770
6.641989 -0.262278
6.646990 -0.260750
6.651992 -0.256859
6.656993 -0.251047
6.661995 -0.243519
6.666996 -0.234439
6.671998 -0.224058
6.676999 -0.212674
6.682001 -0.200512
6.687002 -0.187646
6.692004 -0.174040
6.697005 -0.159688
6.702007 -0.144724
6.707008 -0.129386
6.712010 -0.113902
6.717011 -0.098534
6.722013 -0.083801
6.727014 -0.070519
6.732016 -0.059456
6.737017 -0.050808
6.742019 -0.043979
6.747020 -0.037782
6.752022 -0.030895
6.757023 -0.022261
6.762025 -0.011245
6.767026 0.002441
6.772028 0.018864
6.777029 0.037905
6.782031 0.059265
6.787032 0.082513
6.792034 0.107005
6.797035 0.131658
6.802037 0.154883
6.807038 0.174961
6.812040 0.190751
6.817041 0.202239
6.822043 0.210529
6.827044 0.217238
6.832046 0.223737
6.837047 0.230755
6.842049 0.238368
6.847050 0.246035
6.852052 0.252540
6.857053 0.256137
6.862055 0.255112
6.867056 0.248552
6.872058 0.236834
6.877059 0.221476
6.882060 0.204397
6.887062 0.187046
6.892063 0.170075
6.897065 0.153654
6.902066 0.137932
6.907068 0.123159
6.912069 0.109553
6.917071 0.097250
6.922072 0.086305
6.927074 0.076613
6.932075 0.067874
6.937077 0.059712
6.942078 0.051764
6.947080 0.043563
6.952081 0.034384
6.957083 0.023335
6.962084 0.009705
6.967086 -0.006625
6.972087 -0.024926
6.977089 -0.043677
6.982090 -0.061038
6.987092 -0.075554
6.992093 -0.086710
6.997095 -0.094968
7.002096 -0.101262
7.007098 -0.106336
7.012099 -0.110371
7.017101 -0.113084
7.022102 -0.114115
7.027104 -0.113421
7.032105 -0.111384
7.037107 -0.108558
7.042108 -0.105320
7.047110 -0.101726
7.052111 -0.097613
7.057113 -0.092764
7.062114 -0.087118
7.067116 -0.081020
7.072117 -0.075403
7.077119 -0.071610
7.082120 -0.070862
7.087122 -0.073707
7.092123 -0.079830
7.097125 -0.088283
7.102126 -0.097863
7.107128 -0.107343
7.112129 -0.115544
7.117131 -0.121427
7.122132 -0.124337
7.127134 -0.124221
7.132135 -0.121608
7.137137 -0.117379
7.142138 -0.112548
7.147140 -0.108071
7.152141 -0.104638
7.157143 -0.102507
7.162144 -0.101512
7.167146 -0.101194
7.172147 -0.100900
7.177149 -0.099819
7.182150 -0.097053
7.187152 -0.091764
7.192153 -0.083327
7.197155 -0.071494
7.202156 -0.056605
7.207158 -0.039725
7.212159 -0.022537
7.217161 -0.006938
7.222162 0.005485
7.227164 0.013934
7.232165 0.018614
7.237167 0.020578
7.242168 0.021347
7.247170 0.022636
7.252171 0.026249
7.257173 0.033809
7.262174 0.046182
7.267176 0.062945
7.272177 0.082358
7.277179 0.101864
7.282180 0.118843
7.287182 0.131278
7.292183 0.138098
7.297185 0.139154
7.302186 0.134970
7.307188 0.126544
7.312189 0.115306
7.317191 0.103076
7.322192 0.091783
7.327194 0.082993
7.332195 0.077514
7.337197 0.075318
7.342198 0.075691
7.347200 0.077428
7.352201 0.079072
7.357203 0.079294
7.362204 0.077337
7.367206 0.073263
7.372207 0.067829
7.377209 0.062096
7.382210 0.057022
7.387212 0.053286
7.392213 0.051332
7.397215 0.051453
7.402216 0.053746
7.407218 0.057949
7.412219 0.063379
7.417221 0.069023
7.422222 0.073669
7.427224 0.076063
7.432225 0.075197
7.437227 0.070609
7.442228 0.062430
7.447230 0.051150
7.452231 0.037433
7.457233 0.022103
7.462234 0.006174
7.467236 -0.009304
7.472237 -0.023472
7.477239 -0.035854
7.482240 -0.046476
7.487242 -0.055946
7.492243 -0.065324
7.497245 -0.075678
7.502246 -0.087534
7.507248 -0.100596
7.512249 -0.113866
7.517251 -0.126039
7.522252 -0.135951
7.527254 -0.142873
7.532255 -0.146504
7.537257 -0.146799
7.542258 -0.143862
7.547260 -0.137977
7.552261 -0.129591
7.557263 -0.119144
7.562264 -0.106879
7.567266 -0.092879
7.572267 -0.077368
7.577269 -0.060966
7.582270 -0.044644
7.587272 -0.029439
7.592273 -0.016150
7.597275 -0.005118
7.602276 0.003835
7.607278 0.011259
7.612279 0.017772
7.617281 0.023732
7.622282 0.029037
7.627284 0.033113
7.632285 0.035141
7.637287 0.034460
7.642288 0.030995
7.647290 0.025497
7.652291 0.019312
7.657293 0.013753
7.662294 0.009603
7.667296 0.007169
7.672297 0.006662
7.677299 0.008360
7.682300 0.012446
7.687302 0.018801
7.692303 0.027021
7.697305 0.036562
7.702306 0.046800
7.707308 0.057009
7.712309 0.066417
7.717311 0.074445
7.722312 0.080845
7.727314 0.085588
7.732315 0.088672
7.737317 0.090057
7.742318 0.089694
7.747320 0.087548
7.752321 0.083686
7.757323 0.078469
7.762324 0.072660
7.767326 0.067311
7.772327 0.063425
7.777329 0.061521
7.782330 0.061294
7.787332 0.061692
7.792333 0.061437
7.797335 0.059649
7.802336 0.056098
7.807338 0.051019
7.812339 0.044759
7.817341 0.037557
7.822342 0.029511
7.827344 0.020630
7.832345 0.010904
7.837347 0.000418
7.842348 -0.010549
7.847350 -0.021540
7.852351 -0.032061
7.857353 -0.041783
7.862354 -0.050699
7.867355 -0.059123
7.872357 -0.067465
7.877358 -0.076001
7.882360 -0.084840
7.887361 -0.094056
7.892363 -0.103687
7.897364 -0.113502
7.902366 -0.122745
7.907367 -0.130266
7.912369 -0.135039
7.917370 -0.136677
7.922372 -0.135472
7.927373 -0.132054
7.932375 -0.127067
7.937376 -0.121114
7.942378 -0.114775
7.947379 -0.108476
7.952381 -0.102310
7.957382 -0.096066
7.962384 -0.089480
7.967385 -0.082422
7.972387 -0.074848
7.977388 -0.066665
7.982390 -0.057713
7.987391 -0.047845
7.992393 -0.037003
7.997394 -0.025244
8.002396 -0.012762
8.007397 0.000111
8.012399 0.012967
8.017400 0.025393
8.022402 0.037038
8.027403 0.047658
8.032405 0.057194
8.037406 0.065868
8.042408 0.074147
8.047409 0.082552
8.052411 0.091417
8.057412 0.100720
8.062414 0.110073
8.067415 0.118866
8.072417 0.126448
8.077418 0.132218
8.082420 0.135662
8.087421 0.136423
8.092423 0.134389
8.097424 0.129686
8.102426 0.122589
8.107427 0.113541
8.112429 0.103290
8.117430 0.092818
8.122432 0.082938
8.127433 0.073894
8.132435 0.065353
8.137436 0.056729
8.142438 0.047542
8.147439 0.037593
8.152441 0.026971
8.157442 0.015972
8.162444 0.004982
8.167445 -0.005609
8.172447 -0.015415
8.177448 -0.024067
8.182450 -0.031341
8.187451 -0.037233
8.192453 -0.041739
8.197454 -0.044457
8.202456 -0.044549
8.207457 -0.041252
8.212459 -0.034509
8.217460 -0.025110
8.222462 -0.014309
8.227463 -0.003310
8.232465 0.007085
8.237466 0.016573
8.242468 0.025185
8.247469 0.032955
8.252471 0.039701
8.257472 0.045061
8.262474 0.048689
8.267475 0.050452
8.272477 0.050509
8.277478 0.049277
8.282480 0.047292
8.287481 0.044979
8.292483 0.042378
8.297484 0.038945
8.302486 0.033663
8.307487 0.025556
8.312489 0.014288
8.317490 0.000327
8.322492 -0.015440
8.327493 -0.032187
8.332495 -0.049323
8.337496 -0.066407
8.342498 -0.083086
8.347499 -0.099012
8.352501 -0.113677
8.357502 -0.126262
8.362504 -0.135736
8.367505 -0.141243
8.372507 -0.142584
8.377508 -0.140440
8.382510 -0.136147
8.387511 -0.131097
8.392513 -0.126199
8.397514 -0.121757
8.402516 -0.117754
8.407517 -0.114127
8.412519 -0.110748
8.417520 -0.107211
8.422522 -0.102784
8.427523 -0.096590
8.432525 -0.087860
8.437526 -0.076173
8.442528 -0.061716
8.447529 -0.045356
8.452531 -0.028322
8.457532 -0.011637
8.462534 0.004259
8.467535 0.019401
8.472537 0.033876
8.477538 0.047540
8.482540 0.060110
8.487541 0.071402
8.492543 0.081367
8.497544 0.089879
8.502546 0.096567
8.507547 0.100840
8.512549 0.102037
8.517550 0.099582
8.522552 0.093215
8.527553 0.083209
8.532555 0.070351
8.537556 0.055643
8.542558 0.040042
8.547559 0.024439
8.552561 0.009775
8.557562 -0.002949
8.562564 -0.012831
8.567565 -0.019281
8.572567 -0.022137
8.577568 -0.021611
8.582570 -0.018108
8.587571 -0.012034
8.592573 -0.003734
8.597574 0.006389
8.602576 0.017744
8.607577 0.029618
8.612579 0.041469
8.617580 0.053144
8.622582 0.064783
8.627583 0.076518
8.632585 0.088248
8.637586 0.099687
8.642588 0.110556
8.647589 0.120698
8.652591 0.129977
8.657592 0.138127
8.662594 0.144745
8.667595 0.149443
8.672597 0.151976
8.677598 0.152183
8.682600 0.149867
8.687601 0.144766
8.692603 0.136645
8.697604 0.125450
8.702606 0.111451
8.707607 0.095290
8.712609 0.077827
8.717610 0.059836
8.722612 0.041749
8.727613 0.023636
8.732615 0.005469
8.737616 -0.012542
8.742618 -0.029909
8.747619 -0.046194
8.752621 -0.061329
8.757622 -0.075526
8.762624 -0.088898
8.767625 -0.101205
8.772627 -0.111995
8.777628 -0.120919
8.782630 -0.127902
8.787631 -0.133072
8.792633 -0.136602
8.797634 -0.138673
8.802636 -0.139465
8.807637 -0.139081
8.812639 -0.137456
8.817640 -0.134429
8.822642 -0.129974
8.827643 -0.124324
8.832645 -0.117839
8.837646 -0.110896
8.842647 -0.103979
8.847649 -0.097736
8.852650 -0.092761
8.857652 -0.089300
8.862653 -0.087244
8.867655 -0.086370
8.872656 -0.086496
8.877658 -0.087455
8.882659 -0.089040
8.887661 -0.090969
8.892662 -0.092862
8.897664 -0.094231
8.902665 -0.094568
8.907667 -0.093431
8.912668 -0.090472
8.917670 -0.085447
8.922671 -0.078281
8.927673 -0.069118
8.932674 -0.058282
8.937676 -0.046150
8.942677 -0.033071
8.947679 -0.019396
8.952680 -0.005502
8.957682 0.008294
8.962683 0.021811
8.967685 0.034940
8.972686 0.047462
8.977688 0.058986
8.982689 0.069101
8.987691 0.077609
8.992692 0.084641
8.997694 0.090613
9.002695 0.096087
9.007697 0.101579
9.012698 0.107407
9.017700 0.113687
9.022701 0.120426
9.027703 0.127583
9.032704 0.135014
9.037706 0.142415
9.042707 0.149385
9.047709 0.155650
9.052710 0.161245
9.057712 0.166455
9.062713 0.171549
9.067715 0.176591
9.072716 0.181491
9.077718 0.186153
9.082719 0.190523
9.087721 0.194518
9.092722 0.197932
9.097724 0.200438
9.102725 0.201715
9.107727 0.201621
9.112728 0.200207
9.117730 0.197507
9.122731 0.193369
9.127733 0.187559
9.132734 0.179953
9.137736 0.170503
9.142737 0.159053
9.147739 0.145345
9.152740 0.129247
9.157742 0.110897
9.162743 0.090587
9.167745 0.068526
9.172746 0.044783
9.177748 0.019494
9.182749 -0.006886
9.187751 -0.033588
9.192752 -0.059811
9.197754 -0.084979
9.202755 -0.108732
9.207757 -0.130757
9.212758 -0.150677
9.217760 -0.168158
9.222761 -0.183112
9.227763 -0.195741
9.232764 -0.206302
9.237766 -0.214826
9.242767 -0.221106
9.247769 -0.225004
9.252770 -0.226769
9.257772 -0.227064
9.262773 -0.226618
9.267775 -0.225806
9.272776 -0.224561
9.277778 -0.222724
9.282779 -0.220416
9.287781 -0.218033
9.292782 -0.215912
9.297784 -0.214155
9.302785 -0.212766
9.307787 -0.211758
9.312788 -0.211074
9.317790 -0.210558
9.322791 -0.210086
9.327793 -0.209626
9.332794 -0.209100
9.337796 -0.208245
9.342797 -0.206649
9.347799 -0.203903
9.352800 -0.199730
9.357802 -0.194043
9.362803 -0.186922
9.367805 -0.178553
9.372806 -0.169134
9.377808 -0.158814
9.382809 -0.147674
9.387811 -0.135695
9.392812 -0.122697
9.397814 -0.108380
9.402815 -0.092519
9.407817 -0.075168
9.412818 -0.056608
9.417820 -0.037062
9.422821 -0.016488
9.427823 0.005309
9.432824 0.028339
9.437826 0.052267
9.442827 0.076573
9.447829 0.100852
9.452830 0.124941
9.457832 0.148800
9.462833 0.172278
9.467835 0.195051
9.472836 0.216766
9.477838 0.237207
9.482839 0.256243
9.487841 0.273680
9.492842 0.289262
9.497844 0.302800
9.502845 0.314148
9.507847 0.323058
9.512848 0.329135
9.517850 0.331955
9.522851 0.331197
9.527853 0.326724
9.532854 0.318620
9.537856 0.307162
9.542857 0.292722
9.547859 0.275693
9.552860 0.256542
9.557862 0.235877
9.562863 0.214349
9.567865 0.192390
9.572866 0.170118
9.577868 0.147555
9.582869 0.124932
9.587871 0.102769
9.592872 0.081657
9.597874 0.062001
9.602875 0.043957
9.607877 0.027549
9.612878 0.012822
9.617880 -0.000110
9.622881 -0.011191
9.627883 -0.020650
9.632884 -0.029084
9.637886 -0.037219
9.642887 -0.045480
9.647889 -0.053769
9.652890 -0.061653
9.657892 -0.068769
9.662893 -0.075039
9.667895 -0.080547
9.672896 -0.085284
9.677898 -0.089042
9.682899 -0.091537
9.687901 -0.092654
9.692902 -0.092600
9.697904 -0.091874
9.702905 -0.091058
9.707907 -0.090551
9.712908 -0.090468
9.717910 -0.090734
9.722911 -0.091233
9.727913 -0.091843
9.732914 -0.092382
9.737916 -0.092593
9.742917 -0.092256
9.747919 -0.091347
9.752920 -0.090099
9.757922 -0.088891
9.762923 -0.088096
9.767925 -0.088066
9.772926 -0.089204
9.777928 -0.091986
9.782929 -0.096844
9.787931 -0.103963
9.792932 -0.113082
9.797934 -0.123521
9.802935 -0.134507
9.807937 -0.145536
9.812938 -0.156369
9.817940 -0.166731
9.822941 -0.176102
9.827942 -0.183850
9.832944 -0.189527
9.837945 -0.193044
9.842947 -0.194561
9.847948 -0.194173
9.852950 -0.191622
9.857951 -0.186341
9.862953 -0.177816
9.867954 -0.165971
9.872956 -0.151204
9.877957 -0.134088
9.882959 -0.115040
9.887960 -0.094254
9.892962 -0.071868
9.897963 -0.048184
9.902965 -0.023772
9.907966 0.000554
9.912968 0.023936
9.917969 0.045763
9.922971 0.065871
9.927972 0.084536
9.932974 0.102243
9.937975 0.119345
9.942977 0.135784
9.947978 0.151110
9.952980 0.164818
9.957981 0.176734
9.962983 0.187073
9.967984 0.196174
9.972986 0.204191
9.977987 0.211000
9.982989 0.216376
9.987990 0.220276
9.992992 0.222994
9.997993 0.225020
10.002995 0.226773
10.007996 0.228443
10.012998 0.229991
10.017999 0.231141
10.023001 0.231319
10.028002 0.229727
10.033004 0.225640
10.038005 0.218811
10.043007 0.209609
10.048008 0.198674
10.053010 0.186374
10.058011 0.172584
10.063013 0.156971
10.068014 0.139475
10.073016 0.120513
10.078017 0.100667
10.083019 0.080142
10.088020 0.058595
10.093022 0.035620
10.098023 0.011349
10.103025 -0.013522
10.108026 -0.038193
10.113028 -0.062096
10.118029 -0.084845
10.123031 -0.106108
10.128032 -0.125607
10.133034 -0.143105
10.138035 -0.158313
10.143037 -0.170914
10.148038 -0.180772
10.153040 -0.188082
10.158041 -0.193212
10.163043 -0.196374
10.168044 -0.197521
10.173046 -0.196558
10.178047 -0.193599
10.183049 -0.189005
10.188050 -0.183226
10.193052 -0.176589
10.198053 -0.169173
10.203055 -0.160819
10.208056 -0.151310
10.213058 -0.140623
10.218059 -0.129048
10.223061 -0.117132
10.228062 -0.105532
10.233064 -0.094812
10.238065 -0.085248
10.243067 -0.076755
10.248068 -0.069020
10.253070 -0.061677
10.258071 -0.054398
10.263073 -0.046936
10.268074 -0.039201
10.273076 -0.031350
10.278077 -0.023789
10.283079 -0.017029
10.288080 -0.011470
10.293082 -0.007278
10.298083 -0.004375
10.303085 -0.002483
10.308086 -0.001194
10.313088 -0.000098
10.318089 0.001066
10.323091 0.002290
10.328092 0.003292
10.333094 0.003675
10.338095 0.003136
10.343097 0.001578
10.348098 -0.000911
10.353100 -0.004127
10.358101 -0.007817
10.363103 -0.011722
10.368104 -0.015559
10.373106 -0.018942
10.378107 -0.021339
10.383109 -0.022190
10.388110 -0.021088
10.393112 -0.017866
10.398113 -0.012481
10.403115 -0.004859
10.408116 0.005076
10.413118 0.017223
10.418119 0.031250
10.423121 0.046744
10.428122 0.063332
10.433124 0.080616
10.438125 0.098076
10.443127 0.115174
10.448128 0.131533
10.453130 0.146974
10.458131 0.161389
10.463133 0.174644
10.468134 0.186578
10.473136 0.196971
10.478137 0.205472
10.483139 0.211670
10.488140 0.215301
10.493142 0.216420
10.498143 0.215374
10.503145 0.212608
10.508146 0.208479
10.513148 0.203180
10.518149 0.196747
10.523151 0.189141
10.528152 0.180417
10.533154 0.170832
10.538155 0.160723
10.543157 0.150196
10.548158 0.138971
10.553160 0.126570
10.558161 0.112666
10.563163 0.097246
10.568164 0.080482
10.573166 0.062564
10.578167 0.043631
10.583169 0.023770
10.588170 0.003016
10.593172 -0.018577
10.598173 -0.040792
10.603175 -0.063194
10.608176 -0.085277
10.613178 -0.106692
10.618179 -0.127344
10.623181 -0.147281
10.628182 -0.166441
10.633184 -0.184494
10.638185 -0.200935
10.643187 -0.215358
10.648188 -0.227628
10.653190 -0.237790
10.658191 -0.245813
10.663193 -0.251428
10.668194 -0.254205
10.673196 -0.253828
10.678197 -0.250373
10.683199 -0.244373
10.688200 -0.236560
10.693202 -0.227481
10.698203 -0.217289
10.703205 -0.205914
10.708206 -0.193415
10.713208 -0.180208
10.718209 -0.166919
10.723211 -0.154029
10.728212 -0.141680
10.733214 -0.129791
10.738215 -0.118299
10.743217 -0.107272
10.748218 -0.096878
10.753220 -0.087247
10.758221 -0.078333
10.763223 -0.069858
10.768224 -0.061454
10.773226 -0.052864
10.778227 -0.043999
10.783229 -0.034860
10.788230 -0.025511
10.793232 -0.016134
10.798233 -0.006978
10.803235 0.001861
10.808236 0.010581
10.813237 0.019536
10.818239 0.028898
10.823240 0.038483
10.828242 0.047931
10.833243 0.057056
10.838245 0.065976
10.843246 0.074928
10.848248 0.084022
10.853249 0.093200
10.858251 0.102370
10.863252 0.111455
10.868254 0.120272
10.873255 0.128412
10.878257 0.135361
10.883258 0.140738
10.888260 0.144378
10.893261 0.146245
10.898263 0.146414
10.903264 0.145133
10.908266 0.142818
10.913267 0.139895
10.918269 0.136631
10.923270 0.133055
10.928272 0.129083
10.933273 0.124779
10.938275 0.120502
10.943276 0.116712
10.948278 0.113619
10.953279 0.110997
10.958281 0.108321
10.963282 0.105072
10.968284 0.100932
10.973285 0.095788
10.978287 0.089626
10.983288 0.082456
10.988290 0.074309
10.993291 0.065293
10.998293 0.055667
11.003294 0.045796
11.008296 0.035977
11.013297 0.026331
11.018299 0.016887
11.023300 0.007719
11.028302 -0.001050
11.033303 -0.009313
11.038305 -0.016980
11.043306 -0.023952
11.048308 -0.030122
11.053309 -0.035387
11.058311 -0.039675
11.063312 -0.042970
11.068314 -0.045338
11.073315 -0.046921
11.078317 -0.047920
11.083318 -0.048555
11.088320 -0.048996
11.093321 -0.049332
11.098323 -0.049651
11.103324 -0.050170
11.108326 -0.051225
11.113327 -0.053094
11.118329 -0.055850
11.123330 -0.059399
11.128332 -0.063677
11.133333 -0.068761
11.138335 -0.074777
11.143336 -0.081700
11.148338 -0.089243
11.153339 -0.096917
11.158341 -0.104250
11.163342 -0.111010
11.168344 -0.117222
11.173345 -0.122916
11.178347 -0.127882
11.183348 -0.131668
11.188350 -0.133808
11.193351 -0.134027
11.198353 -0.132285
11.203354 -0.128683
11.208356 -0.123350
11.213357 -0.116425
11.218359 -0.108120
11.223360 -0.098779
11.228362 -0.088774
11.233363 -0.078304
11.238365 -0.067296
11.243366 -0.055503
11.248368 -0.042679
11.253369 -0.028705
11.258371 -0.013575
11.263372 0.002671
11.268374 0.019956
11.273375 0.038089
11.278377 0.056693
11.283378 0.075255
11.288380 0.093272
11.293381 0.110349
11.298383 0.126163
11.303384 0.140337
11.308386 0.152387
11.313387 0.161851
11.318389 0.168542
11.323390 0.172644
11.328392 0.174505
11.333393 0.174408
11.338395 0.172531
11.343396 0.169026
11.348398 0.163991
11.353399 0.157435
11.358401 0.149387
11.363402 0.140056
11.368404 0.129813
11.373405 0.119041
11.378407 0.108023
11.383408 0.096971
11.388410 0.086070
11.393411 0.075522
11.398413 0.065549
11.403414 0.056318
11.408416 0.047816
11.413417 0.039855
11.418419 0.032206
11.423420 0.024721
11.428422 0.017322
11.433423 0.009964
11.438425 0.002670
11.443426 -0.004376
11.448428 -0.010843
11.453429 -0.016439
11.458431 -0.021050
11.463432 -0.024680
11.468434 -0.027300
11.473435 -0.028838
11.478437 -0.029294
11.483438 -0.028864
11.488440 -0.027982
11.493441 -0.027259
11.498443 -0.027275
11.503444 -0.028339
11.508446 -0.030375
11.513447 -0.033062
11.518449 -0.036090
11.523450 -0.039353
11.528452 -0.042932
11.533453 -0.046963
11.538455 -0.051528
11.543456 -0.056613
11.548458 -0.062135
11.553459 -0.067978
11.558461 -0.074024
11.563462 -0.080128
11.568464 -0.086025
11.573465 -0.091293
11.578467 -0.095502
11.583468 -0.098459
11.588470 -0.100258
11.593471 -0.101036
11.598473 -0.100759
11.603474 -0.099321
11.608476 -0.096831
11.613477 -0.093661
11.618479 -0.090207
11.623480 -0.086682
11.628482 -0.083158
11.633483 -0.079653
11.638485 -0.076158
11.643486 -0.072633
11.648488 -0.069088
11.653489 -0.065639
11.658491 -0.062400
11.663492 -0.059339
11.668494 -0.056271
11.673495 -0.053009
11.678497 -0.049500
11.683498 -0.045838
11.688500 -0.042176
11.693501 -0.038605
11.698503 -0.035057
11.703504 -0.031297
11.708506 -0.027017
11.713507 -0.021969
11.718509 -0.016025
11.723510 -0.009162
11.728512 -0.001418
11.733513 0.007116
11.738515 0.016278
11.743516 0.025848
11.748518 0.035589
11.753519 0.045210
11.758521 0.054306
11.763522 0.062486
11.768524 0.069648
11.773525 0.076040
11.778527 0.081976
11.783528 0.087451
11.788529 0.092042
11.793531 0.095229
11.798532 0.096834
11.803534 0.097164
11.808535 0.096715
11.813537 0.095826
11.818538 0.094596
11.823540 0.093014
11.828541 0.091068
11.833543 0.088748
11.838544 0.086079
11.843546 0.083126
11.848547 0.079924
11.853549 0.076370
11.858550 0.072240
11.863552 0.067315
11.868553 0.061529
11.873555 0.055035
11.878556 0.048167
11.883558 0.041266
11.888559 0.034503
11.893561 0.027868
11.898562 0.021335
11.903564 0.015027
11.908565 0.009259
11.913567 0.004411
11.918568 0.000660
11.923570 -0.002232
11.928571 -0.004824
11.933573 -0.007625
11.938574 -0.010740
11.943576 -0.013866
11.948577 -0.016623
11.953579 -0.018892
11.958580 -0.020875
11.963582 -0.022861
11.968583 -0.024981
11.973585 -0.027167
11.978586 -0.029280
11.983588 -0.031208
11.988589 -0.032860
11.993591 -0.034144
11.998592 -0.035029
12.003594 -0.035698
12.008595 -0.036564
12.013597 -0.037998
12.018598 -0.039964
12.023600 -0.042011
12.028601 -0.043703
12.033603 -0.045026
12.038604 -0.046337
12.043606 -0.047993
12.048607 -0.050087
12.053609 -0.052455
12.058610 -0.054802
12.063612 -0.056848
12.068613 -0.058454
12.073615 -0.059658
12.078616 -0.060575
12.083618 -0.061196
12.088619 -0.061207
12.093621 -0.060035
12.098622 -0.057168
12.103624 -0.052515
12.108625 -0.046460
12.113627 -0.039559
12.118628 -0.032160
12.123630 -0.024274
12.128631 -0.015795
12.133633 -0.006840
12.138634 0.002135
12.143636 0.010531
12.148637 0.017929
12.153639 0.024204
12.158640 0.029362
12.163642 0.033336
12.168643 0.036029
12.173645 0.037529
12.178646 0.038202
12.183648 0.038514
12.188649 0.038735
12.193651 0.038802
12.198652 0.038432
12.203654 0.037399
12.208655 0.035763
12.213657 0.033860
12.218658 0.032047
12.223660 0.030435
12.228661 0.028898
12.233663 0.027331
12.238664 0.025818
12.243666 0.024527
12.248667 0.023476
12.253669 0.022499
12.258670 0.021426
12.263672 0.020260
12.268673 0.019074
12.273675 0.017792
12.278676 0.016144
12.283678 0.013858
12.288679 0.010870
12.293681 0.007354
12.298682 0.003608
12.303684 -0.000096
12.308685 -0.003597
12.313687 -0.006836
12.318688 -0.009765
12.323690 -0.012234
12.328691 -0.013963
12.333693 -0.014707
12.338694 -0.014482
12.343696 -0.013625
12.348697 -0.012595
12.353699 -0.011727
12.358700 -0.011158
12.363702 -0.010875
12.368703 -0.010783
12.373705 -0.010742
12.378706 -0.010658
12.383708 -0.010614
12.388709 -0.010899
12.393711 -0.011847
12.398712 -0.013612
12.403714 -0.016081
12.408715 -0.018930
12.413717 -0.021716
12.418718 -0.024018
12.423720 -0.025585
12.428721 -0.026393
12.433723 -0.026559
12.438724 -0.026240
12.443726 -0.025597
12.448727 -0.024777
12.453729 -0.023863
12.458730 -0.022872
12.463732 -0.021865
12.468733 -0.021061
12.473735 -0.020760
12.478736 -0.021093
12.483738 -0.021916
12.488739 -0.022968
12.493741 -0.024115
12.498742 -0.025408
12.503744 -0.026943
12.508745 -0.028680
12.513747 -0.030362
12.518748 -0.031649
12.523750 -0.032335
12.528751 -0.032431
12.533753 -0.032005
12.538754 -0.030957
12.543756 -0.028968
12.548757 -0.025676
12.553759 -0.020968
12.558760 -0.015144
12.563762 -0.008788
12.568763 -0.002385
12.573765 0.003947
12.578766 0.010334
12.583768 0.016795
12.588769 0.023090
12.593771 0.028907
12.598772 0.034141
12.603774 0.038941
12.608775 0.043517
12.613777 0.047942
12.618778 0.052177
12.623780 0.056269
12.628781 0.060409
12.633783 0.064719
12.638784 0.069034
12.643786 0.072970
12.648787 0.076213
12.653789 0.078714
12.658790 0.080638
12.663792 0.082124
12.668793 0.083063
12.673795 0.083067
12.678796 0.081676
12.683798 0.078663
12.688799 0.074182
12.693801 0.068639
12.698802 0.062379
12.703804 0.055482
12.708805 0.047782
12.713807 0.039048
12.718808 0.029213
12.723810 0.018540
12.728811 0.007608
12.733813 -0.002935
12.738814 -0.012670
12.743816 -0.021526
12.748817 -0.029638
12.753819 -0.037107
12.758820 -0.043912
12.763822 -0.050015
12.768823 -0.055453
12.773824 -0.060283
12.778826 -0.064495
12.783827 -0.068038
12.788829 -0.070932
12.793830 -0.073274
12.798832 -0.075097
12.803833 -0.076269
12.808835 -0.076564
12.813836 -0.075843
12.818838 -0.074149
12.823839 -0.071653
12.828841 -0.068479
12.833842 -0.064578
12.838844 -0.059762
12.843845 -0.053913
12.848847 -0.047173
12.853848 -0.039937
12.858850 -0.032618
12.863851 -0.025446
12.868853 -0.018494
12.873854 -0.011848
12.878856 -0.005681
12.883857 -0.000168
12.888859 0.004590
12.893860 0.008565
12.898862 0.011762
12.903863 0.014187
12.908865 0.015829
12.913866 0.016703
12.918868 0.016923
12.923869 0.016714
12.928871 0.016337
12.933872 0.015951
12.938874 0.015504
12.943875 0.014775
12.948877 0.013604
12.953878 0.012129
12.958880 0.010745
12.963881 0.009804
12.968883 0.009358
12.973884 0.009245
12.978886 0.009350
12.983887 0.009724
12.988889 0.010507
12.993890 0.011839
12.998892 0.013780
13.003893 0.016238
13.008895 0.018989
13.013896 0.021840
13.018898 0.024765
13.023899 0.027903
13.028901 0.031460
13.033902 0.035593
13.038904 0.040352
13.043905 0.045695
13.048907 0.051538
13.053908 0.057746
13.058910 0.064086
13.063911 0.070275
13.068913 0.076110
13.073914 0.081499
13.078916 0.086336
13.083917 0.090390
13.088919 0.093346
13.093920 0.094947
13.098922 0.095083
13.103923 0.093777
13.108925 0.091146
13.113926 0.087355
13.118928 0.082528
13.123929 0.076652
13.128931 0.069601
13.133932 0.061320
13.138934 0.052003
13.143935 0.042040
13.148937 0.031795
13.153938 0.021460
13.158940 0.011108
13.163941 0.000798
13.168943 -0.009390
13.173944 -0.019371
13.178946 -0.029059
13.183947 -0.038343
13.188949 -0.047057
13.193950 -0.054941
13.198952 -0.061692
13.203953 -0.067141
13.208955 -0.071389
13.213956 -0.074741
13.218958 -0.077485
13.223959 -0.079753
13.228961 -0.081530
13.233962 -0.082733
13.238964 -0.083303
13.243965 -0.083278
13.248967 -0.082818
13.253968 -0.082172
13.258970 -0.081572
13.263971 -0.081165
13.268973 -0.081017
13.273974 -0.081193
13.278976 -0.081803
13.283977 -0.082996
13.288979 -0.084916
13.293980 -0.087624
13.298982 -0.091001
13.303983 -0.094711
13.308985 -0.098292
13.313986 -0.101341
13.318988 -0.103673
13.323989 -0.105336
13.328991 -0.106413
13.333992 -0.106781
13.338994 -0.106063
13.343995 -0.103862
13.348997 -0.100044
13.353998 -0.094806
13.359000 -0.088448
13.364001 -0.081061
13.369003 -0.072459
13.374004 -0.062402
13.379006 -0.050865
13.384007 -0.038068
13.389009 -0.024328
13.394010 -0.009955
13.399012 0.004758
13.404013 0.019550
13.409015 0.034214
13.414016 0.048571
13.419018 0.062389
13.424019 0.075383
13.429021 0.087325
13.434022 0.098136
13.439024 0.107822
13.444025 0.116352
13.449027 0.123639
13.454028 0.129660
13.459030 0.134481
13.464031 0.138095
13.469033 0.140277
13.474034 0.140716
13.479036 0.139294
13.484037 0.136224
13.489039 0.131874
13.494040 0.126427
13.499042 0.119713
13.504043 0.111405
13.509045 0.101444
13.514046 0.090250
13.519048 0.078506
13.524049 0.066736
13.529051 0.055098
13.534052 0.043528
13.539054 0.032002
13.544055 0.020642
13.549057 0.009670
13.554058 -0.000653
13.559060 -0.010060
13.564061 -0.018345
13.569063 -0.025420
13.574064 -0.031281
13.579066 -0.035892
13.584067 -0.039142
13.589069 -0.040891
13.594070 -0.041025
13.599072 -0.039495
13.604073 -0.036448
13.609075 -0.032291
13.614076 -0.027555
13.619078 -0.022668
13.624079 -0.017883
13.629081 -0.013388
13.634082 -0.009412
13.639084 -0.006225
13.644085 -0.004080
13.649087 -0.003129
13.654088 -0.003363
13.659090 -0.004623
13.664091 -0.006739
13.669093 -0.009665
13.674094 -0.013455
13.679096 -0.018121
13.684097 -0.023558
13.689099 -0.029558
13.694100 -0.035808
13.699102 -0.041894
13.704103 -0.047423
13.709105 -0.052186
13.714106 -0.056178
13.719108 -0.059493
13.724109 -0.062235
13.729111 -0.064496
13.734112 -0.066279
13.739114 -0.067436
13.744115 -0.067751
13.749117 -0.067183
13.754118 -0.066015
13.759119 -0.064713
13.764121 -0.063590
13.769122 -0.062544
13.774124 -0.061146
13.779125 -0.059033
13.784127 -0.056236
13.789128 -0.053131
13.794130 -0.050077
13.799131 -0.047132
13.804133 -0.044029
13.809134 -0.040348
13.814136 -0.035749
13.819137 -0.030163
13.824139 -0.023799
13.829140 -0.016977
13.834142 -0.009892
13.839143 -0.002499
13.844145 0.005373
13.849146 0.013785
13.854148 0.022601
13.859149 0.031654
13.864151 0.040904
13.869152 0.050325
13.874154 0.059696
13.879155 0.068599
13.884157 0.076656
13.889158 0.083789
13.894160 0.090246
13.899161 0.096388
13.904163 0.102418
13.909164 0.108236
13.914166 0.113473
13.919167 0.117653
13.924169 0.120393
13.929170 0.121562
13.934172 0.121294
13.939173 0.119856
13.944175 0.117434
13.949176 0.114024
13.954178 0.109557
13.959179 0.104107
13.964181 0.097893
13.969182 0.091108
13.974184 0.083836
13.979185 0.076156
13.984187 0.068215
13.989188 0.060224
13.994190 0.052385
13.999191 0.044742
14.004193 0.037058
14.009194 0.028897
14.014196 0.019932
14.019197 0.010254
14.024199 0.000395
14.029200 -0.008979
14.034202 -0.017446
14.039203 -0.024995
14.044205 -0.031896
14.049206 -0.038428
14.054208 -0.044669
14.059209 -0.050463
14.064211 -0.055560
14.069212 -0.059790
14.074214 -0.063148
14.079215 -0.065766
14.084217 -0.067803
14.089218 -0.069315
14.094220 -0.070221
14.099221 -0.070405
14.104223 -0.069872
14.109224 -0.068809
14.114226 -0.067482
14.119227 -0.066051
14.124229 -0.064503
14.129230 -0.062804
14.134232 -0.061086
14.139233 -0.059647
14.144235 -0.058777
14.149236 -0.058563
14.154238 -0.058801
14.159239 -0.059089
14.164241 -0.059076
14.169242 -0.058641
14.174244 -0.057903
14.179245 -0.057070
14.184247 -0.056310
14.189248 -0.055664
14.194250 -0.055021
14.199251 -0.054105
14.204253 -0.052549
14.209254 -0.050099
14.214256 -0.046795
14.219257 -0.042897
14.224259 -0.038602
14.229260 -0.033851
14.234262 -0.028417
14.239263 -0.022163
14.244265 -0.015212
14.249266 -0.007899
14.254268 -0.000533
14.259269 0.006778
14.264271 0.014069
14.269272 0.021321
14.274274 0.028369
14.279275 0.034988
14.284277 0.041019
14.289278 0.046429
14.294280 0.051277
14.299281 0.055635
14.304283 0.059549
14.309284 0.063050
14.314286 0.066163
14.319287 0.068876
14.324289 0.071111
14.329290 0.072755
14.334292 0.073722
14.339293 0.074011
14.344295 0.073720
14.349296 0.073024
14.354298 0.072124
14.359299 0.071172
14.364301 0.070172
14.369302 0.068949
14.374304 0.067272
14.379305 0.065038
14.384307 0.062308
14.389308 0.059128
14.394310 0.055388
14.399311 0.050922
14.404313 0.045716
14.409314 0.040003
14.414316 0.034143
14.419317 0.028396
14.424319 0.022785
14.429320 0.017155
14.434322 0.011345
14.439323 0.005346
14.444325 -0.000610
14.449326 -0.006174
14.454328 -0.011160
14.459329 -0.015751
14.464331 -0.020359
14.469332 -0.025247
14.474334 -0.030291
14.479335 -0.035150
14.484337 -0.039672
14.489338 -0.044144
14.494340 -0.049065
14.499341 -0.054696
14.504343 -0.060843
14.509344 -0.067073
14.514346 -0.073063
14.519347 -0.078749
14.524349 -0.084271
14.529350 -0.089850
14.534352 -0.095579
14.539353 -0.101241
14.544355 -0.106331
14.549356 -0.110332
14.554358 -0.112956
14.559359 -0.114099
14.564361 -0.113682
14.569362 -0.111637
14.574364 -0.108045
14.579365 -0.103125
14.584367 -0.097082
14.589368 -0.090005
14.594370 -0.081938
14.599371 -0.072979
14.604373 -0.063299
14.609374 -0.053098
14.614376 -0.042591
14.619377 -0.031974
14.624379 -0.021373
14.629380 -0.010866
14.634382 -0.000557
14.639383 0.009412
14.644385 0.018913
14.649386 0.027805
14.654388 0.035887
14.659389 0.042955
14.664391 0.048953
14.669392 0.054024
14.674394 0.058408
14.679395 0.062239
14.684397 0.065394
14.689398 0.067595
14.694400 0.068718
14.699401 0.068981
14.704403 0.068769
14.709404 0.068298
14.714406 0.067482
14.719407 0.066088
14.724409 0.063938
14.729410 0.061034
14.734412 0.057586
14.739413 0.053969
14.744414 0.050551
14.749416 0.047488
14.754417 0.044665
14.759419 0.041922
14.764420 0.039287
14.769422 0.036980
14.774423 0.035218
14.779425 0.034092
14.784426 0.033599
14.789428 0.033719
14.794429 0.034451
14.799431 0.035788
14.804432 0.037640
14.809434 0.039816
14.814435 0.042149
14.819437 0.044631
14.824438 0.047368
14.829440 0.050357
14.834441 0.053395
14.839443 0.056249
14.844444 0.058815
14.849446 0.061035
14.854447 0.062723
14.859449 0.063568
14.864450 0.063338
14.869452 0.062011
14.874453 0.059702
14.879455 0.056467
14.884456 0.052209
14.889458 0.046759
14.894459 0.040035
14.899461 0.032138
14.904462 0.023290
14.909464 0.013709
14.914465 0.003600
14.919467 -0.006803
14.924468 -0.017288
14.929470 -0.027795
14.934471 -0.038405
14.939473 -0.049145
14.944474 -0.059837
14.949476 -0.070172
14.954477 -0.079899
14.959479 -0.088881
14.964480 -0.097020
14.969482 -0.104234
14.974483 -0.110468
14.979485 -0.115674
14.984486 -0.119747
14.989488 -0.122545
14.994489 -0.123955
14.999491 -0.123920
15.004492 -0.122395
15.009494 -0.119355
15.014495 -0.114845
15.019497 -0.109026
15.024498 -0.102138
15.029500 -0.094415
15.034501 -0.086051
15.039503 -0.077237
15.044504 -0.068149
15.049506 -0.058842
15.054507 -0.049200
15.059509 -0.039084
15.064510 -0.028633
15.069512 -0.018382
15.074513 -0.009040
15.079515 -0.001110
15.084516 0.005328
15.089518 0.010541
15.094519 0.014886
15.099521 0.018541
15.104522 0.021408
15.109524 0.023281
15.114525 0.024133
15.119527 0.024223
15.124528 0.023935
15.129530 0.023558
15.134531 0.023205
15.139533 0.022894
15.144534 0.022645
15.149536 0.022515
15.154537 0.022586
15.159539 0.022957
15.164540 0.023723
15.169542 0.024902
15.174543 0.026423
15.179545 0.028216
15.184546 0.030328
15.189548 0.032904
15.194549 0.036040
15.199551 0.039642
15.204552 0.043449
15.209554 0.047247
15.214555 0.051092
15.219557 0.055263
15.224558 0.059967
15.229560 0.065088
15.234561 0.070261
15.239563 0.075128
15.244564 0.079492
15.249566 0.083275
15.254567 0.086423
15.259569 0.088850
15.264570 0.090424
15.269572 0.090966
15.274573 0.090303
15.279575 0.088421
15.284576 0.085517
15.289578 0.081849
15.294579 0.077492
15.299581 0.072327
15.304582 0.066306
15.309584 0.059653
15.314585 0.052728
15.319587 0.045683
15.324588 0.038292
15.329590 0.030140
15.334591 0.020959
15.339593 0.010823
15.344594 0.000087
15.349596 -0.010881
15.354597 -0.021942
15.359599 -0.033201
15.364600 -0.044783
15.369602 -0.056596
15.374603 -0.068280
15.379605 -0.079364
15.384606 -0.089511
15.389608 -0.098652
15.394609 -0.106885
15.399611 -0.114227
15.404612 -0.120504
15.409614 -0.125474
15.414615 -0.128977
15.419617 -0.130947
15.424618 -0.131380
15.429620 -0.130356
15.434621 -0.128001
15.439623 -0.124404
15.444624 -0.119584
15.449626 -0.113593
15.454627 -0.106620
15.459629 -0.098997
15.464630 -0.091059
15.469632 -0.082949
15.474633 -0.074521
15.479635 -0.065445
15.484636 -0.055500
15.489638 -0.044792
15.494639 -0.033745
15.499641 -0.022858
15.504642 -0.012442
15.509644 -0.002508
15.514645 0.007160
15.519647 0.016822
15.524648 0.026587
15.529650 0.036307
15.534651 0.045630
15.539653 0.054188
15.544654 0.061817
15.549656 0.068666
15.554657 0.075042
15.559659 0.081087
15.564660 0.086607
15.569662 0.091239
15.574663 0.094781
15.579665 0.097328
15.584666 0.099083
15.589668 0.100075
15.594669 0.100053
15.599671 0.098698
15.604672 0.095950
15.609674 0.092125
15.614675 0.087666
15.619677 0.082793
15.624678 0.077417
15.629680 0.071373
15.634681 0.064688
15.639683 0.057644
15.644684 0.050608
15.649686 0.043812
15.654687 0.037268
15.659689 0.030870
15.664690 0.024542
15.669692 0.018314
15.674693 0.012341
15.679695 0.006915
15.684696 0.002364
15.689698 -0.001185
15.694699 -0.003923
15.699701 -0.006172
15.704702 -0.008089
15.709704 -0.009561
15.714705 -0.010348
15.719706 -0.010332
15.724708 -0.009706
15.729709 -0.008894
15.734711 -0.008220
15.739712 -0.007649
15.744714 -0.006920
15.749715 -0.005894
15.754717 -0.004721
15.759718 -0.003701
15.764720 -0.003054
15.769721 -0.002876
15.774723 -0.003254
15.779724 -0.004359
15.784726 -0.006400
15.789727 -0.009522
15.794729 -0.013765
15.799730 -0.019090
15.804732 -0.025408
15.809733 -0.032565
15.814735 -0.040365
15.819736 -0.048645
15.824738 -0.057339
15.829739 -0.066430
15.834741 -0.075820
15.839742 -0.085267
15.844744 -0.094464
15.849745 -0.103114
15.854747 -0.110912
15.859748 -0.117528
15.864750 -0.122766
15.869751 -0.126725
15.874753 -0.129665
15.879754 -0.131647
15.884756 -0.132357
15.889757 -0.131317
15.894759 -0.128176
15.899760 -0.122842
15.904762 -0.115457
15.909763 -0.106305
15.914765 -0.095656
15.919766 -0.083654
15.924768 -0.070327
15.929769 -0.055690
15.934771 -0.039850
15.939772 -0.023085
15.944774 -0.005815
15.949775 0.011535
15.954777 0.028677
15.959778 0.045429
15.964780 0.061534
15.969781 0.076576
15.974783 0.090151
15.979784 0.102104
15.984786 0.112544
15.989787 0.121569
15.994789 0.129005
15.999790 0.134412
16.004792 0.137382
16.009793 0.137822
16.014795 0.136011
16.019796 0.132415
16.024798 0.127429
16.029799 0.121181
16.034801 0.113511
16.039802 0.104216
16.044804 0.093397
16.049805 0.081579
16.054807 0.069459
16.059808 0.057516
16.064810 0.045858
16.069811 0.034370
16.074813 0.023026
16.079814 0.012111
16.084816 0.002140
16.089817 -0.006467
16.094819 -0.013619
16.099820 -0.019460
16.104822 -0.024103
16.109823 -0.027460
16.114825 -0.029287
16.119826 -0.029397
16.124828 -0.027874
16.129829 -0.025090
16.134831 -0.021481
16.139832 -0.017284
16.144834 -0.012443
16.149835 -0.006765
16.154837 -0.000193
16.159838 0.007035
16.164840 0.014461
16.169841 0.021651
16.174843 0.028373
16.179844 0.034542
16.184846 0.040040
16.189847 0.044646
16.194849 0.048169
16.199850 0.050568
16.204852 0.051848
16.209853 0.051904
16.214855 0.050578
16.219856 0.047858
16.224858 0.043954
16.229859 0.039187
16.234861 0.033820
16.239862 0.027953
16.244864 0.021524
16.249865 0.014423
16.254867 0.006636
16.259868 -0.001669
16.264870 -0.010181
16.269871 -0.018564
16.274873 -0.026609
16.279874 -0.034335
16.284876 -0.041956
16.289877 -0.049673
16.294879 -0.057455
16.299880 -0.065027
16.304882 -0.072058
16.309883 -0.078348
16.314885 -0.083847
16.319886 -0.088537
16.324888 -0.092352
16.329889 -0.095218
16.334891 -0.097115
16.339892 -0.098051
16.344894 -0.097968
16.349895 -0.096755
16.354897 -0.094373
16.359898 -0.090987
16.364900 -0.086946
16.369901 -0.082571
16.374903 -0.077967
16.379904 -0.073064
16.384906 -0.067828
16.389907 -0.062375
16.394909 -0.056920
16.399910 -0.051662
16.404912 -0.046639
16.409913 -0.041643
16.414915 -0.036336
16.419916 -0.030538
16.424918 -0.024416
16.429919 -0.018340
16.434921 -0.012567
16.439922 -0.007094
16.444924 -0.001833
16.449925 0.003196
16.454927 0.007925
16.459928 0.012390
16.464930 0.016714
16.469931 0.020940
16.474933 0.024963
16.479934 0.028638
16.484936 0.031929
16.489937 0.034972
16.494939 0.037975
16.499940 0.041010
16.504942 0.043894
16.509943 0.046323
16.514945 0.048151
16.519946 0.049533
16.524948 0.050788
16.529949 0.052134
16.534951 0.053501
16.539952 0.054532
16.544954 0.054810
16.549955 0.054163
16.554957 0.052810
16.559958 0.051185
16.564960 0.049614
16.569961 0.048108
16.574963 0.046426
16.579964 0.044325
16.584966 0.041766
16.589967 0.038941
16.594969 0.036162
16.599970 0.033706
16.604972 0.031663
16.609973 0.029880
16.614975 0.028086
16.619976 0.026087
16.624978 0.023837
16.629979 0.021332
16.634981 0.018533
16.639982 0.015433
16.644984 0.012194
16.649985 0.009101
16.654987 0.006355
16.659988 0.003947
16.664990 0.001781
16.669991 -0.000079
16.674993 -0.001365
16.679994 -0.001846
16.684996 -0.001608
16.689997 -0.001058
16.694999 -0.000621
16.700000 -0.000440
