0.000000 0.000000
0.005001 0.000153
0.010002 0.000017
0.015003 -0.000064
0.020004 0.000025
0.025005 0.000048
0.030006 -0.000088
0.035007 -0.000058
0.040008 0.000061
0.045009 0.000087
0.050010 -0.000027
0.055011 -0.000089
0.060012 0.000053
0.065013 0.000051
0.070014 -0.000049
0.075015 -0.000049
0.080016 0.000064
0.085017 0.000072
0.090018 -0.000113
0.095019 -0.000124
0.100020 0.000098
0.105021 0.000042
0.110022 -0.000099
0.115023 -0.000055
0.120024 0.000057
0.125025 0.000129
0.130026 -0.000052
0.135027 -0.000005
0.140028 0.000110
0.145029 -0.000044
0.150030 -0.000082
0.155031 -0.000034
0.160032 0.000093
0.165033 0.000113
0.170034 -0.000013
0.175035 -0.000028
0.180036 0.000015
0.185037 0.000070
0.190038 0.000034
0.195039 -0.000054
0.200040 0.000102
0.205041 0.000119
0.210042 -0.000078
0.215043 -0.000050
0.220044 0.000029
0.225045 0.000083
0.230046 0.000027
0.235047 -0.000018
0.240048 0.000100
0.245049 0.000087
0.250050 -0.000052
0.255051 -0.000052
0.260052 0.000129
0.265053 0.000134
0.270054 -0.000043
0.275055 -0.000077
0.280056 -0.000016
0.285057 0.000061
0.290058 0.000040
0.295059 -0.000035
0.300060 0.000050
0.305061 0.000046
0.310062 -0.000069
0.315063 -0.000022
0.320064 0.000108
0.325065 0.000076
0.330066 -0.000049
0.335067 -0.000018
0.340068 0.000073
0.345069 0.000123
0.350070 0.000010
0.355071 -0.000014
0.360072 0.000106
0.365073 0.000059
0.370074 -0.000052
0.375075 -0.000165
0.380076 -0.000022
0.385077 0.000066
0.390078 -0.000107
0.395079 -0.000003
0.400080 0.000071
0.405081 -0.000014
0.410082 -0.000082
0.415083 -0.000086
0.420084 0.000018
0.425085 0.000084
0.430086 0.000001
0.435087 -0.000079
0.440088 0.000127
0.445089 0.000160
0.450090 -0.000167
0.455091 -0.000138
0.460092 0.000162
0.465093 0.000107
0.470093 -0.000065
0.475094 -0.000050
0.480095 0.000048
0.485096 0.000103
0.490097 -0.000102
0.495098 -0.000202
0.500099 0.000043
0.505100 0.000084
0.510101 -0.000009
0.515102 0.000029
0.520103 0.000043
0.525104 0.000003
0.530105 -0.000112
0.535106 -0.000120
0.540107 0.000072
0.545108 0.000101
0.550109 -0.000098
0.555110 -0.000053
0.560111 0.000041
0.565112 0.000057
0.570113 -0.000039
0.575114 -0.000096
0.580115 0.000123
0.585116 0.000033
0.590117 -0.000018
0.595118 0.000040
0.600119 0.000011
0.605120 0.000075
0.610121 -0.000029
0.615122 -0.000087
0.620123 -0.000011
0.625124 -0.000030
0.630125 -0.000128
0.635126 -0.000065
0.640127 0.000050
0.645128 0.000041
0.650129 -0.000059
0.655130 -0.000021
0.660131 0.000058
0.665132 0.000032
0.670133 -0.000006
0.675134 -0.000084
0.680135 -0.000015
0.685136 0.000015
0.690137 -0.000066
0.695138 -0.000027
0.700139 0.000017
0.705140 0.000063
0.710141 -0.000055
0.715142 -0.000097
0.720143 0.000086
0.725144 0.000088
0.730145 0.000019
0.735146 0.000006
0.740147 0.000080
0.745148 0.000133
0.750149 0.000035
0.755150 -0.000040
0.760151 0.000034
0.765152 0.000088
0.770153 -0.000086
0.775154 -0.000080
0.780155 0.000047
0.785156 0.000028
0.790157 -0.000031
0.795158 -0.000042
0.800159 0.000105
0.805160 0.000092
0.810161 0.000003
0.815162 0.000035
0.820163 0.000137
0.825164 0.000152
0.830165 -0.000023
0.835166 0.000007
0.840167 0.000087
0.845168 0.000082
0.850169 0.000012
0.855170 -0.000029
0.860171 0.000077
0.865172 0.000071
0.870173 -0.000021
0.875174 0.000022
0.880175 0.000071
0.885176 -0.000011
0.890177 -0.000080
0.895178 -0.000051
0.900179 0.000051
0.905180 0.000062
0.910181 -0.000004
0.915182 -0.000036
0.920183 0.000077
0.925184 0.000103
0.930185 -0.000023
0.935186 -0.000010
0.940187 0.000027
0.945188 0.000029
0.950189 -0.000042
0.955190 -0.000054
0.960191 0.000004
0.965192 0.000060
0.970193 0.000039
0.975194 0.000024
0.980195 0.000106
0.985196 0.000101
0.990197 -0.000010
0.995198 -0.000045
1.000199 0.000017
1.005200 -0.000052
1.010201 -0.000066
1.015202 -0.000049
1.020203 -0.000001
1.025204 0.000102
1.030205 -0.000027
1.035206 -0.000070
1.040207 0.000041
1.045208 0.000013
1.050209 -0.000075
1.055210 0.000005
1.060211 0.000182
1.065212 0.000159
1.070213 -0.000059
1.075214 -0.000029
1.080215 0.000123
1.085216 0.000041
1.090217 -0.000004
1.095218 -0.000070
1.100219 0.000045
1.105220 0.000175
1.110221 -0.000021
1.115222 0.000007
1.120223 0.000113
1.125224 0.000098
1.130225 0.000060
1.135226 0.000024
1.140227 0.000087
1.145228 0.000045
1.150229 -0.000048
1.155230 0.000004
1.160231 0.000096
1.165232 0.000111
1.170233 -0.000015
1.175234 -0.000107
1.180235 0.000051
1.185236 0.000136
1.190237 0.000015
1.195238 -0.000042
1.200239 0.000025
1.205240 0.000069
1.210241 -0.000047
1.215242 -0.000062
1.220243 0.000131
1.225244 0.000083
1.230245 -0.000063
1.235246 0.000020
1.240247 0.000134
1.245248 0.000077
1.250249 -0.000079
1.255250 0.000034
1.260251 0.000215
1.265252 0.000108
1.270253 -0.000048
1.275254 0.000016
1.280255 0.000104
1.285256 -0.000018
1.290257 -0.000051
1.295258 -0.000078
1.300259 0.000004
1.305260 0.000038
1.310261 -0.000120
1.315262 -0.000126
1.320263 -0.000033
1.325264 0.000036
1.330265 -0.000094
1.335266 -0.000142
1.340267 0.000070
1.345268 0.000096
1.350269 -0.000031
1.355270 -0.000053
1.360271 0.000038
1.365272 0.000040
1.370273 0.000039
1.375274 0.000066
1.380275 0.000033
1.385276 0.000014
1.390277 -0.000101
1.395278 -0.000052
1.400278 0.000102
1.405279 0.000078
1.410280 0.000034
1.415281 -0.000100
1.420282 0.000038
1.425283 0.000117
1.430284 -0.000066
1.435285 -0.000013
1.440286 0.000091
1.445287 0.000145
1.450288 -0.000013
1.455289 -0.000065
1.460290 0.000110
1.465291 0.000086
1.470292 -0.000024
1.475293 -0.000116
1.480294 -0.000027
1.485295 0.000074
1.490296 -0.000045
1.495297 -0.000028
1.500298 0.000091
1.505299 0.000051
1.510300 -0.000101
1.515301 -0.000092
1.520302 0.000114
1.525303 0.000029
1.530304 -0.000101
1.535305 -0.000061
1.540306 0.000033
1.545307 0.000096
1.550308 -0.000028
1.555309 -0.000097
1.560310 -0.000051
1.565311 0.000035
1.570312 -0.000077
1.575313 -0.000110
1.580314 0.000106
1.585315 0.000048
1.590316 -0.000097
1.595317 -0.000035
1.600318 0.000101
1.605319 0.000072
1.610320 -0.000047
1.615321 -0.000015
1.620322 0.000074
1.625323 0.000116
1.630324 -0.000015
1.635325 -0.000099
1.640326 0.000035
1.645327 0.000011
1.650328 -0.000039
1.655329 -0.000009
1.660330 0.000026
1.665331 0.000068
1.670332 -0.000065
1.675333 -0.000050
1.680334 0.000041
1.685335 -0.000033
1.690336 -0.000032
1.695337 -0.000067
1.700338 0.000035
1.705339 0.000079
1.710340 -0.000081
1.715341 -0.000095
1.720342 -0.000068
1.725343 -0.000002
1.730344 -0.000121
1.735345 -0.000099
1.740346 0.000105
1.745347 0.000001
1.750348 -0.000091
1.755349 -0.000133
1.760350 0.000023
1.765351 0.000045
1.770352 -0.000078
1.775353 0.000025
1.780354 0.000110
1.785355 0.000101
1.790356 -0.000058
1.795357 -0.000035
1.800358 0.000092
1.805359 -0.000120
1.810360 -0.000185
1.815361 -0.000022
1.820362 0.000049
1.825363 0.000076
1.830364 -0.000042
1.835365 -0.000096
1.840366 0.000022
1.845367 0.000076
1.850368 -0.000052
1.855369 -0.000061
1.860370 0.000094
1.865371 0.000033
1.870372 0.000001
1.875373 0.000003
1.880374 0.000054
1.885375 0.000086
1.890376 -0.000063
1.895377 -0.000068
1.900378 -0.000004
1.905379 0.000029
1.910380 -0.000049
1.915381 -0.000110
1.920382 0.000095
1.925383 0.000031
1.930384 -0.000095
1.935385 -0.000021
1.940386 -0.000047
1.945387 0.000086
1.950388 -0.000035
1.955389 -0.000067
1.960390 0.000116
1.965391 0.000050
1.970392 0.000033
1.975393 0.000017
1.980394 0.000120
1.985395 0.000056
1.990396 -0.000058
1.995397 0.000010
2.000398 0.000001
2.005399 0.000007
2.010400 -0.000078
2.015401 -0.000020
2.020402 0.000112
2.025403 0.000005
2.030404 -0.000094
2.035405 -0.000010
2.040406 0.000081
2.045407 0.000068
2.050408 -0.000039
2.055409 -0.000027
2.060410 0.000131
2.065411 0.000103
2.070412 0.000059
2.075413 0.000070
2.080414 0.000107
2.085415 0.000086
2.090416 -0.000119
2.095417 -0.000076
2.100418 0.000047
2.105419 -0.000049
2.110420 -0.000128
2.115421 -0.000224
2.120422 -0.000088
2.125423 0.000005
2.130424 -0.000162
2.135425 -0.000048
2.140426 0.000182
2.145427 0.000169
2.150428 0.000026
2.155429 0.000065
2.160430 0.000127
2.165431 0.000062
2.170432 -0.000021
2.175433 -0.000081
2.180434 0.000038
2.185435 -0.000021
2.190436 -0.000127
2.195437 -0.000066
2.200438 -0.000041
2.205439 0.000044
2.210440 -0.000003
2.215441 0.000035
2.220442 0.000154
2.225443 0.000097
2.230444 0.000035
2.235445 -0.000025
2.240446 0.000088
2.245447 0.000118
2.250448 -0.000023
2.255449 0.000050
2.260450 0.000064
2.265451 -0.000077
2.270452 -0.000203
2.275453 -0.000162
2.280454 -0.000017
2.285455 0.000070
2.290456 -0.000019
2.295457 -0.000094
2.300458 0.000111
2.305459 0.000214
2.310460 0.000100
2.315461 0.000034
2.320462 0.000141
2.325463 0.000081
2.330463 -0.000055
2.335464 -0.000094
2.340465 -0.000103
2.345466 -0.000062
2.350467 -0.000134
2.355468 -0.000128
2.360469 -0.000040
2.365470 0.000009
2.370471 -0.000016
2.375472 -0.000023
2.380473 0.000088
2.385474 0.000164
2.390475 0.000039
2.395476 -0.000115
2.400477 0.000001
2.405478 -0.000020
2.410479 -0.000169
2.415480 -0.000199
2.420481 -0.000136
2.425482 -0.000116
2.430483 -0.000209
2.435484 -0.000087
2.440485 0.000068
2.445486 0.000085
2.450487 0.000052
2.455488 0.000030
2.460489 0.000113
2.465490 0.000154
2.470491 0.000056
2.475492 -0.000015
2.480493 0.000035
2.485494 -0.000020
2.490495 -0.000180
2.495496 -0.000186
2.500497 -0.000003
2.505498 -0.000047
2.510499 -0.000171
2.515500 0.000002
2.520501 0.000134
2.525502 0.000114
2.530503 -0.000005
2.535504 0.000025
2.540505 0.000131
2.545506 -0.000005
2.550507 -0.000087
2.555508 0.000002
2.560509 0.000044
2.565510 -0.000052
2.570511 -0.000186
2.575512 -0.000190
2.580513 -0.000052
2.585514 -0.000088
2.590515 -0.000199
2.595516 -0.000067
2.600517 0.000016
2.605518 0.000050
2.610519 0.000096
2.615520 0.000083
2.620521 0.000191
2.625522 0.000155
2.630523 -0.000024
2.635524 -0.000021
2.640525 -0.000007
2.645526 -0.000016
2.650527 -0.000077
2.655528 -0.000130
2.660529 -0.000040
2.665530 -0.000086
2.670531 -0.000160
2.675532 -0.000034
2.680533 0.000100
2.685534 0.000154
2.690535 0.000063
2.695536 -0.000001
2.700537 0.000093
2.705538 0.000063
2.710539 -0.000028
2.715540 -0.000168
2.720541 -0.000128
2.725542 -0.000027
2.730543 -0.000150
2.735544 -0.000122
2.740545 0.000014
2.745546 0.000083
2.750547 -0.000002
2.755548 -0.000019
2.760549 0.000044
2.765550 0.000064
2.770551 -0.000041
2.775552 -0.000092
2.780553 0.000057
2.785554 0.000044
2.790555 -0.000049
2.795556 -0.000115
2.800557 0.000014
2.805558 -0.000011
2.810559 -0.000233
2.815560 -0.000124
2.820561 0.000037
2.825562 0.000082
2.830563 -0.000086
2.835564 -0.000045
2.840565 0.000080
2.845566 0.000035
2.850567 -0.000033
2.855568 -0.000082
2.860569 0.000093
2.865570 0.000025
2.870571 -0.000173
2.875572 -0.000112
2.880573 -0.000006
2.885574 -0.000014
2.890575 -0.000081
2.895576 0.000045
2.900577 0.000121
2.905578 0.000014
2.910579 -0.000054
2.915580 -0.000080
2.920581 0.000095
2.925582 0.000119
2.930583 -0.000058
2.935584 0.000045
2.940585 -0.000001
2.945586 -0.000024
2.950587 -0.000019
2.955588 -0.000157
2.960589 0.000008
2.965590 0.000023
2.970591 -0.000077
2.975592 -0.000014
2.980593 0.000108
2.985594 0.000093
2.990595 -0.000097
2.995596 -0.000103
3.000597 -0.000040
3.005598 0.000031
3.010599 -0.000105
3.015600 -0.000145
3.020601 0.000015
3.025602 0.000016
3.030603 -0.000050
3.035604 -0.000110
3.040605 0.000045
3.045606 0.000125
3.050607 -0.000046
3.055608 -0.000020
3.060609 0.000099
3.065610 -0.000033
3.070611 -0.000120
3.075612 -0.000105
3.080613 -0.000085
3.085614 -0.000003
3.090615 -0.000018
3.095616 -0.000027
3.100617 0.000017
3.105618 0.000056
3.110619 -0.000099
3.115620 -0.000027
3.120621 0.000139
3.125622 -0.000070
3.130623 -0.000026
3.135624 -0.000033
3.140625 -0.000113
3.145626 0.000039
3.150627 -0.000067
3.155628 -0.000067
3.160629 0.000058
3.165630 0.000029
3.170631 0.000029
3.175632 0.000012
3.180633 0.000050
3.185634 0.000020
3.190635 -0.000031
3.195636 0.000023
3.200637 0.000078
3.205638 0.000001
3.210639 -0.000151
3.215640 -0.000001
3.220641 0.000083
3.225642 0.000017
3.230643 -0.000023
3.235644 -0.000057
3.240645 0.000071
3.245646 -0.000017
3.250647 -0.000160
3.255648 -0.000035
3.260648 0.000071
3.265649 0.000047
3.270650 -0.000067
3.275651 -0.000042
3.280652 0.000137
3.285653 0.000084
3.290654 -0.000093
3.295655 -0.000003
3.300656 0.000058
3.305657 0.000014
3.310658 -0.000102
3.315659 -0.000160
3.320660 0.000009
3.325661 0.000045
3.330662 -0.000065
3.335663 -0.000132
3.340664 0.000057
3.345665 0.000111
3.350666 -0.000042
3.355667 0.000112
3.360668 0.000156
3.365669 0.000067
3.370670 0.000003
3.375671 0.000001
3.380672 0.000077
3.385673 0.000045
3.390674 -0.000033
3.395675 -0.000011
3.400676 0.000165
3.405677 0.000144
3.410678 -0.000059
3.415679 -0.000053
3.420680 0.000055
3.425681 -0.000019
3.430682 -0.000172
3.435683 -0.000107
3.440684 0.000024
3.445685 0.000021
3.450686 -0.000037
3.455687 -0.000043
3.460688 0.000002
3.465689 0.000017
3.470690 -0.000046
3.475691 -0.000061
3.480692 0.000067
3.485693 0.000105
3.490694 -0.000053
3.495695 -0.000029
3.500696 0.000037
3.505697 -0.000038
3.510698 0.000008
3.515699 -0.000035
3.520700 0.000038
3.525701 0.000118
3.530702 -0.000085
3.535703 -0.000078
3.540704 0.000053
3.545705 0.000014
3.550706 -0.000057
3.555707 -0.000070
3.560708 0.000032
3.565709 0.000039
3.570710 -0.000104
3.575711 -0.000094
3.580712 0.000086
3.585713 0.000081
3.590714 -0.000140
3.595715 -0.000072
3.600716 0.000105
3.605717 0.000073
3.610718 -0.000021
3.615719 -0.000020
3.620720 0.000075
3.625721 0.000015
3.630722 -0.000004
3.635723 0.000000
3.640724 -0.000000
3.645725 0.000057
3.650726 -0.000025
3.655727 0.000008
3.660728 0.000147
3.665729 0.000046
3.670730 -0.000025
3.675731 0.000080
3.680732 0.000100
3.685733 0.000051
3.690734 -0.000085
3.695735 -0.000075
3.700736 0.000057
3.705737 0.000051
3.710738 0.000003
3.715739 0.000005
3.720740 0.000051
3.725741 0.000031
3.730742 -0.000015
3.735743 -0.000034
3.740744 0.000036
3.745745 0.000013
3.750746 -0.000130
3.755747 -0.000111
3.760748 0.000021
3.765749 0.000085
3.770750 -0.000045
3.775751 -0.000041
3.780752 0.000047
3.785753 -0.000005
3.790754 -0.000057
3.795755 -0.000060
3.800756 0.000051
3.805757 0.000094
3.810758 0.000052
3.815759 -0.000007
3.820760 0.000043
3.825761 0.000168
3.830762 -0.000028
3.835763 -0.000058
3.840764 0.000038
3.845765 -0.000011
3.850766 -0.000002
3.855767 -0.000049
3.860768 0.000119
3.865769 0.000164
3.870770 -0.000071
3.875771 -0.000087
3.880772 0.000001
3.885773 0.000004
3.890774 -0.000087
3.895775 -0.000103
3.900776 -0.000009
3.905777 -0.000024
3.910778 -0.000042
3.915779 -0.000013
3.920780 0.000018
3.925781 -0.000015
3.930782 -0.000086
3.935783 -0.000024
3.940784 0.000121
3.945785 0.000117
3.950786 -0.000060
3.955787 -0.000062
3.960788 0.000093
3.965789 0.000089
3.970790 -0.000064
3.975791 -0.000087
3.980792 0.000087
3.985793 0.000102
3.990794 -0.000035
3.995795 -0.000037
4.000796 0.000044
4.005797 0.000063
4.010798 -0.000034
4.015799 -0.000032
4.020800 0.000151
4.025801 0.000153
4.030802 -0.000067
4.035803 -0.000084
4.040804 0.000046
4.045805 0.000048
4.050806 -0.000028
4.055807 -0.000019
4.060808 0.000104
4.065809 0.000059
4.070810 -0.000007
4.075811 0.000021
4.080812 0.000056
4.085813 0.000125
4.090814 -0.000037
4.095815 -0.000063
4.100816 0.000110
4.105817 0.000030
4.110818 0.000009
4.115819 -0.000011
4.120820 0.000022
4.125821 0.000066
4.130822 -0.000045
4.135823 -0.000017
4.140824 -0.000007
4.145825 -0.000046
4.150826 -0.000079
4.155827 -0.000037
4.160828 0.000081
4.165829 0.000066
4.170830 -0.000041
4.175831 0.000005
4.180832 0.000031
4.185833 -0.000050
4.190833 -0.000033
4.195834 0.000002
4.200835 0.000093
4.205836 0.000042
4.210837 -0.000060
4.215838 0.000002
4.220839 0.000093
4.225840 0.000034
4.230841 -0.000096
4.235842 -0.000062
4.240843 0.000033
4.245844 0.000055
4.250845 -0.000088
4.255846 -0.000049
4.260847 0.000068
4.265848 0.000018
4.270849 -0.000049
4.275850 -0.000005
4.280851 0.000065
4.285852 -0.000061
4.290853 -0.000109
4.295854 -0.000026
4.300855 0.000057
4.305856 0.000044
4.310857 -0.000096
4.315858 -0.000152
4.320859 0.000002
4.325860 0.000133
4.330861 0.000006
4.335862 -0.000009
4.340863 0.000074
4.345864 0.000039
4.350865 -0.000035
4.355866 -0.000090
4.360867 -0.000061
4.365868 0.000046
4.370869 -0.000039
4.375870 -0.000133
4.380871 0.000084
4.385872 0.000114
4.390873 -0.000044
4.395874 -0.000091
4.400875 0.000003
4.405876 0.000104
4.410877 -0.000056
4.415878 -0.000117
4.420879 0.000054
4.425880 0.000074
4.430881 -0.000042
4.435882 -0.000084
4.440883 0.000101
4.445884 0.000080
4.450885 -0.000152
4.455886 -0.000097
4.460887 0.000008
4.465888 0.000043
4.470889 0.000016
4.475890 -0.000050
4.480891 0.000030
4.485892 0.000061
4.490893 -0.000065
4.495894 -0.000033
4.500895 0.000176
4.505896 0.000167
4.510897 0.000005
4.515898 0.000024
4.520899 0.000049
4.525900 -0.000008
4.530901 -0.000007
4.535902 -0.000029
4.540903 0.000099
4.545904 0.000120
4.550905 -0.000082
4.555906 -0.000091
4.560907 0.000015
4.565908 0.000041
4.570909 -0.000025
4.575910 -0.000091
4.580911 0.000048
4.585912 0.000114
4.590913 -0.000106
4.595914 -0.000063
4.600915 0.000026
4.605916 -0.000006
4.610917 -0.000001
4.615918 -0.000005
4.620919 0.000060
4.625920 -0.000030
4.630921 -0.000056
4.635922 -0.000010
4.640923 0.000064
4.645924 0.000131
4.650925 -0.000025
4.655926 -0.000085
4.660927 -0.000007
4.665928 0.000039
4.670929 -0.000035
4.675930 -0.000014
4.680931 0.000075
4.685932 0.000054
4.690933 -0.000071
4.695934 -0.000085
4.700935 0.000084
4.705936 0.000026
4.710937 -0.000072
4.715938 -0.000040
4.720939 0.000032
4.725940 0.000062
4.730941 -0.000024
4.735942 -0.000046
4.740943 0.000087
4.745944 0.000049
4.750945 -0.000014
4.755946 0.000071
4.760947 0.000036
4.765948 0.000086
4.770949 -0.000040
4.775950 -0.000068
4.780951 0.000060
4.785952 0.000009
4.790953 0.000014
4.795954 -0.000016
4.800955 0.000148
4.805956 0.000069
4.810957 -0.000018
4.815958 0.000239
4.820959 0.000236
4.825960 0.000122
4.830961 -0.000059
4.835962 -0.000211
4.840963 -0.000119
4.845964 -0.000007
4.850965 0.000039
4.855966 0.000281
4.860967 0.000452
4.865968 0.000233
4.870969 -0.000147
4.875970 -0.000427
4.880971 -0.000419
4.885972 -0.000335
4.890973 -0.000151
4.895974 0.000211
4.900975 0.000466
4.905976 0.000371
4.910977 0.000181
4.915978 0.000165
4.920979 0.000152
4.925980 0.000168
4.930981 0.000125
4.935982 0.000040
4.940983 0.000041
4.945984 -0.000044
4.950985 -0.000116
4.955986 0.000273
4.960987 0.000845
4.965988 0.001067
4.970989 0.001080
4.975990 0.000965
4.980991 0.001040
4.985992 0.001247
4.990993 0.001281
4.995994 0.001571
5.000995 0.001849
5.005996 0.001464
5.010997 0.000868
5.015998 0.000609
5.020999 0.000328
5.026000 -0.000440
5.031001 -0.001922
5.036002 -0.003724
5.041003 -0.005165
5.046004 -0.005666
5.051005 -0.005232
5.056006 -0.003991
5.061007 -0.001770
5.066008 0.000240
5.071009 0.001628
5.076010 0.001872
5.081011 0.001522
5.086012 0.002075
5.091013 0.002985
5.096014 0.004534
5.101015 0.006376
5.106016 0.007217
5.111017 0.006984
5.116018 0.006320
5.121019 0.005148
5.126019 0.004014
5.131020 0.002709
5.136021 0.000660
5.141022 -0.001406
5.146023 -0.004059
5.151024 -0.006888
5.156025 -0.009125
5.161026 -0.009547
5.166027 -0.009002
5.171028 -0.007298
5.176029 -0.002977
5.181030 -0.001666
5.186031 -0.004056
5.191032 -0.005139
5.196033 -0.004666
5.201034 -0.003187
5.206035 -0.000408
5.211036 0.002889
5.216037 0.006295
5.221038 0.009056
5.226039 0.008782
5.231040 0.006265
5.236041 0.003782
5.241042 0.002840
5.246043 0.004143
5.251044 0.005754
5.256045 0.005927
5.261046 0.004579
5.266047 0.003698
5.271048 0.003408
5.276049 0.003163
5.281050 0.003091
5.286051 -0.000125
5.291052 -0.005442
5.296053 -0.008823
5.301054 -0.010293
5.306055 -0.009827
5.311056 -0.008087
5.316057 -0.006343
5.321058 -0.003789
5.326059 -0.000420
5.331060 0.001319
5.336061 0.000681
5.341062 -0.000113
5.346063 -0.000907
5.351064 -0.002239
5.356065 -0.003642
5.361066 -0.005275
5.366067 -0.005287
5.371068 -0.001967
5.376069 0.003270
5.381070 0.008587
5.386071 0.011957
5.391072 0.010739
5.396073 0.006574
5.401074 0.002683
5.406075 -0.001000
5.411076 -0.003631
5.416077 -0.003039
5.421078 0.001208
5.426079 0.006372
5.431080 0.009993
5.436081 0.009959
5.441082 0.006870
5.446083 0.005232
5.451084 0.003752
5.456085 0.000586
5.461086 -0.003942
5.466087 -0.011191
5.471088 -0.017337
5.476089 -0.017296
5.481090 -0.013583
5.486091 -0.009950
5.491092 -0.006327
5.496093 -0.004210
5.501094 -0.004239
5.506095 -0.003711
5.511096 -0.002125
5.516097 -0.000703
5.521098 0.001457
5.526099 0.004740
5.531100 0.007526
5.536101 0.009088
5.541102 0.008919
5.546103 0.008366
5.551104 0.009704
5.556105 0.010798
5.561106 0.010198
5.566107 0.007505
5.571108 0.001736
5.576109 -0.003327
5.581110 -0.004608
5.586111 -0.003747
5.591112 -0.002554
5.596113 -0.000224
5.601114 0.003196
5.606115 0.004782
5.611116 0.003786
5.616117 0.000348
5.621118 -0.004328
5.626119 -0.006906
5.631120 -0.007592
5.636121 -0.009029
5.641122 -0.009717
5.646123 -0.008237
5.651124 -0.006351
5.656125 -0.003688
5.661126 -0.001718
5.666127 -0.001883
5.671128 -0.002380
5.676129 -0.002935
5.681130 -0.001695
5.686131 0.002271
5.691132 0.005822
5.696133 0.007595
5.701134 0.009034
5.706135 0.011191
5.711136 0.013717
5.716137 0.014718
5.721138 0.012303
5.726139 0.008861
5.731140 0.007513
5.736141 0.006400
5.741142 0.003412
5.746143 -0.000382
5.751144 -0.003136
5.756145 -0.004250
5.761146 -0.002772
5.766147 0.000560
5.771148 0.001150
5.776149 -0.002235
5.781150 -0.006568
5.786151 -0.009628
5.791152 -0.011739
5.796153 -0.014018
5.801154 -0.014842
5.806155 -0.013561
5.811156 -0.010104
5.816157 -0.004744
5.821158 -0.000979
5.826159 0.000547
5.831160 0.001510
5.836161 0.002462
5.841162 0.003597
5.846163 0.004633
5.851164 0.006274
5.856165 0.009815
5.861166 0.013749
5.866167 0.015269
5.871168 0.013797
5.876169 0.011771
5.881170 0.013209
5.886171 0.015485
5.891172 0.014361
5.896173 0.009698
5.901174 0.001058
5.906175 -0.008641
5.911176 -0.014894
5.916177 -0.015906
5.921178 -0.013900
5.926179 -0.011476
5.931180 -0.009063
5.936181 -0.006706
5.941182 -0.003623
5.946183 -0.001354
5.951184 -0.003203
5.956185 -0.008111
5.961186 -0.010761
5.966187 -0.010298
5.971188 -0.008803
5.976189 -0.009076
5.981190 -0.009442
5.986191 -0.003007
5.991192 0.006924
5.996193 0.015808
6.001194 0.021751
6.006195 0.021654
6.011196 0.017788
6.016197 0.012149
6.021198 0.004869
6.026199 -0.002896
6.031200 -0.009053
6.036201 -0.009784
6.041202 -0.002494
6.046203 0.007735
6.051204 0.014112
6.056204 0.017134
6.061205 0.019666
6.066206 0.018866
6.071207 0.013341
6.076208 0.005531
6.081209 -0.006806
6.086210 -0.020553
6.091211 -0.028448
6.096212 -0.028653
6.101213 -0.024015
6.106214 -0.018545
6.111215 -0.011516
6.116216 -0.003811
6.121217 0.002799
6.126218 0.008774
6.131219 0.010743
6.136220 0.006898
6.141221 0.001961
6.146222 0.000773
6.151223 0.003828
6.156224 0.007167
6.161225 0.008578
6.166226 0.011442
6.171227 0.015663
6.176228 0.017495
6.181229 0.014493
6.186230 0.007112
6.191231 -0.000768
6.196232 -0.007169
6.201233 -0.011814
6.206234 -0.013339
6.211235 -0.010286
6.216236 -0.003707
6.221237 0.002975
6.226238 0.009263
6.231239 0.014322
6.236240 0.015194
6.241241 0.012656
6.246242 0.008423
6.251243 0.002788
6.256244 -0.004039
6.261245 -0.012732
6.266246 -0.022307
6.271247 -0.028741
6.276248 -0.029713
6.281249 -0.026178
6.286250 -0.019767
6.291251 -0.011702
6.296252 -0.003013
6.301253 0.003516
6.306254 0.006515
6.311255 0.008072
6.316256 0.010223
6.321257 0.011672
6.326258 0.010665
6.331259 0.009979
6.336260 0.011214
6.341261 0.013495
6.346262 0.016219
6.351263 0.018164
6.356264 0.017040
6.361265 0.011248
6.366266 0.004328
6.371267 0.001758
6.376268 0.004273
6.381269 0.008363
6.386270 0.012333
6.391271 0.014718
6.396272 0.015537
6.401273 0.017654
6.406274 0.018698
6.411275 0.015795
6.416276 0.009126
6.421277 -0.000498
6.426278 -0.011391
6.431279 -0.022810
6.436280 -0.032477
6.441281 -0.038273
6.446282 -0.040948
6.451283 -0.039482
6.456284 -0.031123
6.461285 -0.018361
6.466286 -0.008821
6.471287 -0.005030
6.476288 -0.001649
6.481289 0.004672
6.486290 0.011088
6.491291 0.014104
6.496292 0.015241
6.501293 0.018739
6.506294 0.023301
6.511295 0.025001
6.516296 0.021791
6.521297 0.013612
6.526298 0.003823
6.531299 -0.004134
6.536300 -0.008419
6.541301 -0.010694
6.546302 -0.011837
6.551303 -0.009851
6.556304 -0.004948
6.561305 0.002580
6.566306 0.010867
6.571307 0.016468
6.576308 0.018206
6.581309 0.016446
6.586310 0.012091
6.591311 0.007007
6.596312 0.002505
6.601313 -0.002855
6.606314 -0.009547
6.611315 -0.017567
6.616316 -0.027632
6.621317 -0.036770
6.626318 -0.038370
6.631319 -0.030281
6.636320 -0.019488
6.641321 -0.011466
6.646322 -0.004746
6.651323 0.004662
6.656324 0.017213
6.661325 0.026970
6.666326 0.029400
6.671327 0.024624
6.676328 0.017973
6.681329 0.016990
6.686330 0.023112
6.691331 0.030783
6.696332 0.031676
6.701333 0.023598
6.706334 0.011951
6.711335 0.002807
6.716336 -0.001552
6.721337 -0.003067
6.726338 -0.003089
6.731339 -0.002993
6.736340 -0.004254
6.741341 -0.006445
6.746342 -0.008477
6.751343 -0.009475
6.756344 -0.010887
6.761345 -0.013680
6.766346 -0.016471
6.771347 -0.016640
6.776348 -0.010962
6.781349 -0.001166
6.786350 0.007686
6.791351 0.010977
6.796352 0.006259
6.801353 -0.003111
6.806354 -0.013340
6.811355 -0.021894
6.816356 -0.027680
6.821357 -0.031618
6.826358 -0.031765
6.831359 -0.025321
6.836360 -0.011504
6.841361 0.007631
6.846362 0.026676
6.851363 0.040544
6.856364 0.048530
6.861365 0.051661
6.866366 0.049240
6.871367 0.040774
6.876368 0.027716
6.881369 0.012414
6.886370 -0.002373
6.891371 -0.013510
6.896372 -0.018703
6.901373 -0.016849
6.906374 -0.010115
6.911375 -0.002418
6.916376 0.004426
6.921377 0.009355
6.926378 0.011627
6.931379 0.011684
6.936380 0.011449
6.941381 0.011208
6.946382 0.009882
6.951383 0.007788
6.956384 0.004631
6.961385 0.001127
6.966386 -0.000109
6.971387 0.001993
6.976388 0.005850
6.981389 0.008872
6.986389 0.008200
6.991390 0.001987
6.996391 -0.008500
7.001392 -0.021715
7.006393 -0.034591
7.011394 -0.041677
7.016395 -0.040114
7.021396 -0.031032
7.026397 -0.020403
7.031398 -0.013697
7.036399 -0.012462
7.041400 -0.016308
7.046401 -0.022862
7.051402 -0.030165
7.056403 -0.035412
7.061404 -0.036411
7.066405 -0.033533
7.071406 -0.027337
7.076407 -0.019538
7.081408 -0.011255
7.086409 -0.002794
7.091410 0.004519
7.096411 0.010926
7.101412 0.016289
7.106413 0.018612
7.111414 0.016066
7.116415 0.008065
7.121416 -0.004521
7.126417 -0.021544
7.131418 -0.041810
7.136419 -0.064085
7.141420 -0.088289
7.146421 -0.113296
7.151422 -0.136154
7.156423 -0.155758
7.161424 -0.174752
7.166425 -0.192420
7.171426 -0.209378
7.176427 -0.223810
7.181428 -0.231008
7.186429 -0.231040
7.191430 -0.218800
7.196431 -0.189017
7.201432 -0.136125
7.206433 -0.055886
7.211434 0.043629
7.216435 0.146770
7.221436 0.237793
7.226437 0.305805
7.231438 0.340000
7.236439 0.338990
7.241440 0.307607
7.246441 0.247892
7.251442 0.173815
7.256443 0.101478
7.261444 0.040875
7.266445 -0.003302
7.271446 -0.029435
7.276447 -0.036097
7.281448 -0.025305
7.286449 0.002642
7.291450 0.040389
7.296451 0.075504
7.301452 0.098671
7.306453 0.104712
7.311454 0.096571
7.316455 0.074983
7.321456 0.040180
7.326457 -0.003278
7.331458 -0.048049
7.336459 -0.089303
7.341460 -0.121058
7.346461 -0.135809
7.351462 -0.138504
7.356463 -0.129586
7.361464 -0.109742
7.366465 -0.083107
7.371466 -0.047937
7.376467 -0.008518
7.381468 0.031494
7.386469 0.067744
7.391470 0.099365
7.396471 0.125068
7.401472 0.139621
7.406473 0.144932
7.411474 0.141818
7.416475 0.129456
7.421476 0.109089
7.426477 0.083816
7.431478 0.058720
7.436479 0.036777
7.441480 0.018361
7.446481 0.003929
7.451482 -0.004185
7.456483 -0.000620
7.461484 0.014571
7.466485 0.037676
7.471486 0.062907
7.476487 0.079881
7.481488 0.085302
7.486489 0.077864
7.491490 0.056239
7.496491 0.025512
7.501492 -0.008718
7.506493 -0.043254
7.511494 -0.073694
7.516495 -0.100200
7.521496 -0.122399
7.526497 -0.136992
7.531498 -0.143906
7.536499 -0.138616
7.541500 -0.122955
7.546501 -0.101925
7.551502 -0.077012
7.556503 -0.051698
7.561504 -0.028014
7.566505 -0.009264
7.571506 0.002828
7.576507 0.006232
7.581508 -0.000896
7.586509 -0.017590
7.591510 -0.039755
7.596511 -0.057776
7.601512 -0.065625
7.606513 -0.062478
7.611514 -0.047349
7.616515 -0.021861
7.621516 0.012485
7.626517 0.053103
7.631518 0.094578
7.636519 0.132015
7.641520 0.155780
7.646521 0.158155
7.651522 0.139820
7.656523 0.105325
7.661524 0.061371
7.666525 0.017243
7.671526 -0.019536
7.676527 -0.048248
7.681528 -0.068772
7.686529 -0.082259
7.691530 -0.090286
7.696531 -0.091007
7.701532 -0.083891
7.706533 -0.067979
7.711534 -0.044963
7.716535 -0.020513
7.721536 0.001742
7.726537 0.018422
7.731538 0.028296
7.736539 0.032811
7.741540 0.030739
7.746541 0.021487
7.751542 0.008912
7.756543 -0.000604
7.761544 -0.001670
7.766545 0.008293
7.771546 0.029133
7.776547 0.055266
7.781548 0.079907
7.786549 0.096842
7.791550 0.100900
7.796551 0.092409
7.801552 0.070464
7.806553 0.036365
7.811554 -0.004492
7.816555 -0.047151
7.821556 -0.084318
7.826557 -0.113694
7.831558 -0.135625
7.836559 -0.149307
7.841560 -0.155139
7.846561 -0.152763
7.851562 -0.142604
7.856563 -0.122983
7.861564 -0.095663
7.866565 -0.067303
7.871566 -0.045968
7.876567 -0.040177
7.881568 -0.050154
7.886569 -0.071366
7.891570 -0.093122
7.896571 -0.100405
7.901572 -0.083515
7.906573 -0.037407
7.911574 0.032339
7.916574 0.113640
7.921575 0.193598
7.926576 0.259388
7.931577 0.303111
7.936578 0.321879
7.941579 0.317414
7.946580 0.293507
7.951581 0.253356
7.956582 0.199473
7.961583 0.138664
7.966584 0.078318
7.971585 0.025925
7.976586 -0.011316
7.981587 -0.028203
7.986588 -0.022302
7.991589 -0.003061
7.996590 0.018252
8.001591 0.031377
8.006592 0.030691
8.011593 0.015747
8.016594 -0.013359
8.021595 -0.051846
8.026596 -0.094277
8.031597 -0.132667
8.036598 -0.165478
8.041599 -0.189575
8.046600 -0.196210
8.051601 -0.185154
8.056602 -0.157470
8.061603 -0.115879
8.066604 -0.069693
8.071605 -0.028970
8.076606 0.000755
8.081607 0.017118
8.086608 0.022155
8.091609 0.020655
8.096610 0.019151
8.101611 0.021304
8.106612 0.024490
8.111613 0.027010
8.116614 0.026354
8.121615 0.023203
8.126616 0.021531
8.131617 0.024639
8.136618 0.034588
8.141619 0.046636
8.146620 0.052923
8.151621 0.044581
8.156622 0.017106
8.161623 -0.022039
8.166624 -0.057427
8.171625 -0.071521
8.176626 -0.055670
8.181627 -0.018767
8.186628 0.019924
8.191629 0.043183
8.196630 0.042707
8.201631 0.019455
8.206632 -0.015546
8.211633 -0.046699
8.216634 -0.063242
8.221635 -0.061997
8.226636 -0.049044
8.231637 -0.032864
8.236638 -0.019203
8.241639 -0.011926
8.246640 -0.010360
8.251641 -0.009848
8.256642 -0.007382
8.261643 -0.001634
8.266644 0.007132
8.271645 0.014151
8.276646 0.016783
8.281647 0.015690
8.286648 0.013065
8.291649 0.011537
8.296650 0.012471
8.301651 0.016143
8.306652 0.020461
8.311653 0.023396
8.316654 0.022348
8.321655 0.015579
8.326656 0.004286
8.331657 -0.006213
8.336658 -0.013443
8.341659 -0.019796
8.346660 -0.022737
8.351661 -0.020566
8.356662 -0.012015
8.361663 0.003685
8.366664 0.023751
8.371665 0.043351
8.376666 0.055522
8.381667 0.056364
8.386668 0.044613
8.391669 0.024891
8.396670 0.003426
8.401671 -0.013635
8.406672 -0.020921
8.411673 -0.018171
8.416674 -0.006984
8.421675 0.005408
8.426676 0.013280
8.431677 0.014366
8.436678 0.008280
8.441679 -0.001746
8.446680 -0.013589
8.451681 -0.023141
8.456682 -0.027739
8.461683 -0.027744
8.466684 -0.024332
8.471685 -0.021297
8.476686 -0.022519
8.481687 -0.029216
8.486688 -0.037845
8.491689 -0.043280
8.496690 -0.041891
8.501691 -0.032779
8.506692 -0.017679
8.511693 -0.000153
8.516694 0.015515
8.521695 0.027254
8.526696 0.033177
8.531697 0.035025
8.536698 0.035291
8.541699 0.033950
8.546700 0.032203
8.551701 0.030201
8.556702 0.027099
8.561703 0.020397
8.566704 0.010425
8.571705 -0.000476
8.576706 -0.010485
8.581707 -0.016204
8.586708 -0.016625
8.591709 -0.012932
8.596710 -0.008096
8.601711 -0.005127
8.606712 -0.006049
8.611713 -0.010739
8.616714 -0.016515
8.621715 -0.022152
8.626716 -0.026549
8.631717 -0.028234
8.636718 -0.025057
8.641719 -0.015161
8.646720 0.000568
8.651721 0.019980
8.656722 0.037997
8.661723 0.048833
8.666724 0.049720
8.671725 0.041824
8.676726 0.030310
8.681727 0.019028
8.686728 0.009735
8.691729 0.002565
8.696730 -0.004648
8.701731 -0.013446
8.706732 -0.024143
8.711733 -0.034224
8.716734 -0.040226
8.721735 -0.041337
8.726736 -0.037461
8.731737 -0.029804
8.736738 -0.020816
8.741739 -0.011977
8.746740 -0.004079
8.751741 0.003820
8.756742 0.013553
8.761743 0.025071
8.766744 0.036568
8.771745 0.046019
8.776746 0.051168
8.781747 0.048285
8.786748 0.035544
8.791749 0.015656
8.796750 -0.007840
8.801751 -0.030210
8.806752 -0.046327
8.811753 -0.053175
8.816754 -0.049028
8.821755 -0.035825
8.826756 -0.017791
8.831757 -0.000995
8.836758 0.007684
8.841759 0.005099
8.846759 -0.008892
8.851760 -0.030423
8.856761 -0.052392
8.861762 -0.068504
8.866763 -0.075229
8.871764 -0.071437
8.876765 -0.059189
8.881766 -0.041987
8.886767 -0.021860
8.891768 -0.001295
8.896769 0.019586
8.901770 0.041360
8.906771 0.061297
8.911772 0.076322
8.916773 0.084463
8.921774 0.083994
8.926775 0.073936
8.931776 0.056118
8.936777 0.034780
8.941778 0.014640
8.946779 -0.000290
8.951780 -0.007651
8.956781 -0.009125
8.961782 -0.008237
8.966783 -0.007720
8.971784 -0.009792
8.976785 -0.014886
8.981786 -0.021100
8.986787 -0.025200
8.991788 -0.025188
8.996789 -0.021083
9.001790 -0.015722
9.006791 -0.011019
9.011792 -0.007479
9.016793 -0.006689
9.021794 -0.009033
9.026795 -0.014954
9.031796 -0.023699
9.036797 -0.032402
9.041798 -0.038225
9.046799 -0.038639
9.051800 -0.031927
9.056801 -0.018365
9.061802 -0.000229
9.066803 0.019088
9.071804 0.036948
9.076805 0.052415
9.081806 0.064780
9.086807 0.074351
9.091808 0.080345
9.096809 0.081770
9.101810 0.078773
9.106811 0.070896
9.111812 0.059164
9.116813 0.045199
9.121814 0.030389
9.126815 0.016335
9.131816 0.004503
9.136817 -0.006181
9.141818 -0.017494
9.146819 -0.029393
9.151820 -0.042344
9.156821 -0.054650
9.161822 -0.063966
9.166823 -0.069886
9.171824 -0.071626
9.176825 -0.069013
9.181826 -0.063614
9.186827 -0.057600
9.191828 -0.051107
9.196829 -0.043842
9.201830 -0.035694
9.206831 -0.024986
9.211832 -0.010848
9.216833 0.007029
9.221834 0.026768
9.226835 0.044231
9.231836 0.056979
9.236837 0.063748
9.241838 0.064129
9.246839 0.060124
9.251840 0.055264
9.256841 0.052047
9.261842 0.050707
9.266843 0.049449
9.271844 0.046039
9.276845 0.039399
9.281846 0.030338
9.286847 0.020542
9.291848 0.012112
9.296849 0.005859
9.301850 0.000245
9.306851 -0.006021
9.311852 -0.014059
9.316853 -0.023701
9.321854 -0.034138
9.326855 -0.045284
9.331856 -0.055393
9.336857 -0.063804
9.341858 -0.071245
9.346859 -0.076301
9.351860 -0.077385
9.356861 -0.074231
9.361862 -0.067003
9.366863 -0.056051
9.371864 -0.041992
9.376865 -0.025444
9.381866 -0.007514
9.386867 0.009913
9.391868 0.025577
9.396869 0.038424
9.401870 0.047032
9.406871 0.051156
9.411872 0.051664
9.416873 0.049002
9.421874 0.042868
9.426875 0.033970
9.431876 0.024855
9.436877 0.017719
9.441878 0.014452
9.446879 0.015877
9.451880 0.020785
9.456881 0.028006
9.461882 0.034936
9.466883 0.039160
9.471884 0.040200
9.476885 0.036892
9.481886 0.028560
9.486887 0.016327
9.491888 0.002244
9.496889 -0.012595
9.501890 -0.027235
9.506891 -0.039975
9.511892 -0.049114
9.516893 -0.052676
9.521894 -0.049452
9.526895 -0.038995
9.531896 -0.022542
9.536897 -0.002532
9.541898 0.016491
9.546899 0.029448
9.551900 0.034560
9.556901 0.031333
9.561902 0.020914
9.566903 0.005420
9.571904 -0.011714
9.576905 -0.027359
9.581906 -0.039420
9.586907 -0.045804
9.591908 -0.045527
9.596909 -0.036823
9.601910 -0.021197
9.606911 -0.001042
9.611912 0.021887
9.616913 0.043382
9.621914 0.059726
9.626915 0.066826
9.631916 0.062911
9.636917 0.048211
9.641918 0.025202
9.646919 -0.000214
9.651920 -0.023093
9.656921 -0.038207
9.661922 -0.044387
9.666923 -0.043684
9.671924 -0.039217
9.676925 -0.035568
9.681926 -0.034240
9.686927 -0.036174
9.691928 -0.039654
9.696929 -0.042490
9.701930 -0.042211
9.706931 -0.037245
9.711932 -0.029759
9.716933 -0.020223
9.721934 -0.010606
9.726935 -0.003383
9.731936 0.001054
9.736937 0.003748
9.741938 0.006312
9.746939 0.009327
9.751940 0.013026
9.756941 0.016582
9.761942 0.019526
9.766943 0.022076
9.771944 0.025255
9.776944 0.031024
9.781945 0.039723
9.786946 0.049001
9.791947 0.056357
9.796948 0.059960
9.801949 0.058087
9.806950 0.050180
9.811951 0.037265
9.816952 0.021315
9.821953 0.004928
9.826954 -0.009086
9.831955 -0.019060
9.836956 -0.024141
9.841957 -0.025238
9.846958 -0.023528
9.851959 -0.019886
9.856960 -0.016046
9.861961 -0.012351
9.866962 -0.008668
9.871963 -0.004238
9.876964 0.000757
9.881965 0.005685
9.886966 0.009645
9.891967 0.010971
9.896968 0.009908
9.901969 0.005561
9.906970 -0.002351
9.911971 -0.011797
9.916972 -0.020617
9.921973 -0.027200
9.926974 -0.030120
9.931975 -0.028153
9.936976 -0.021430
9.941977 -0.010709
9.946978 0.001598
9.951979 0.012357
9.956980 0.019021
9.961981 0.020692
9.966982 0.018571
9.971983 0.014116
9.976984 0.008700
9.981985 0.003621
9.986986 -0.000644
9.991987 -0.005210
9.996988 -0.010524
10.001989 -0.017009
10.006990 -0.025210
10.011991 -0.033656
10.016992 -0.040463
10.021993 -0.043681
10.026994 -0.042668
10.031995 -0.038269
10.036996 -0.031992
10.041997 -0.025478
10.046998 -0.019745
10.051999 -0.015289
10.057000 -0.011268
10.062001 -0.007841
10.067002 -0.006380
10.072003 -0.007281
10.077004 -0.010714
10.082005 -0.016056
10.087006 -0.021764
10.092007 -0.026442
10.097008 -0.028694
10.102009 -0.027428
10.107010 -0.022792
10.112011 -0.015592
10.117012 -0.006439
10.122013 0.004056
10.127014 0.015320
10.132015 0.027087
10.137016 0.038656
10.142017 0.048704
10.147018 0.055916
10.152019 0.059375
10.157020 0.060083
10.162021 0.059291
10.167022 0.057406
10.172023 0.054986
10.177024 0.051490
10.182025 0.046432
10.187026 0.039289
10.192027 0.029827
10.197028 0.018948
10.202029 0.008086
10.207030 -0.001461
10.212031 -0.008653
10.217032 -0.012393
10.222033 -0.013300
10.227034 -0.012628
10.232035 -0.010617
10.237036 -0.006919
10.242037 -0.002634
10.247038 0.001158
10.252039 0.004311
10.257040 0.005760
10.262041 0.005478
10.267042 0.003189
10.272043 -0.000998
10.277044 -0.006630
10.282045 -0.013220
10.287046 -0.019643
10.292047 -0.025613
10.297048 -0.029434
10.302049 -0.030897
10.307050 -0.030416
10.312051 -0.026963
10.317052 -0.021451
10.322053 -0.014417
10.327054 -0.006704
10.332055 0.000684
10.337056 0.007081
10.342057 0.011017
10.347058 0.011883
10.352059 0.009608
10.357060 0.005173
10.362061 0.001106
10.367062 -0.000541
10.372063 0.000290
10.377064 0.003612
10.382065 0.008645
10.387066 0.013818
10.392067 0.018249
10.397068 0.021314
10.402069 0.023123
10.407070 0.023315
10.412071 0.021885
10.417072 0.019540
10.422073 0.016919
10.427074 0.013854
10.432075 0.009310
10.437076 0.003580
10.442077 -0.002632
10.447078 -0.009298
10.452079 -0.014899
10.457080 -0.018139
10.462081 -0.019212
10.467082 -0.018303
10.472083 -0.015927
10.477084 -0.012821
10.482085 -0.009949
10.487086 -0.008123
10.492087 -0.007564
10.497088 -0.007632
10.502089 -0.007215
10.507090 -0.005619
10.512091 -0.001760
10.517092 0.005372
10.522093 0.015322
10.527094 0.026816
10.532095 0.038167
10.537096 0.047194
10.542097 0.051936
10.547098 0.051211
10.552099 0.045341
10.557100 0.035331
10.562101 0.022531
10.567102 0.008429
10.572103 -0.005485
10.577104 -0.017810
10.582105 -0.027742
10.587106 -0.034206
10.592107 -0.037232
10.597108 -0.037518
10.602109 -0.035873
10.607110 -0.033368
10.612111 -0.030578
10.617112 -0.027721
10.622113 -0.023967
10.627114 -0.019722
10.632115 -0.015053
10.637116 -0.009139
10.642117 -0.002526
10.647118 0.003999
10.652119 0.008799
10.657120 0.010942
10.662121 0.010088
10.667122 0.006108
10.672123 -0.000008
10.677124 -0.006596
10.682125 -0.012145
10.687126 -0.015843
10.692127 -0.016337
10.697128 -0.012946
10.702129 -0.006644
10.707130 0.001163
10.712130 0.009024
10.717131 0.015691
10.722132 0.019817
10.727133 0.020332
10.732134 0.017133
10.737135 0.010597
10.742136 0.001952
10.747137 -0.007370
10.752138 -0.016579
10.757139 -0.024187
10.762140 -0.029196
10.767141 -0.032138
10.772142 -0.032580
10.777143 -0.030667
10.782144 -0.027690
10.787145 -0.024399
10.792146 -0.021348
10.797147 -0.017228
10.802148 -0.011752
10.807149 -0.005663
10.812150 0.001101
10.817151 0.007543
10.822152 0.012762
10.827153 0.015841
10.832154 0.017309
10.837155 0.017823
10.842156 0.017088
10.847157 0.015243
10.852158 0.012798
10.857159 0.011053
10.862160 0.010535
10.867161 0.011847
10.872162 0.015130
10.877163 0.020165
10.882164 0.025657
10.887165 0.028730
10.892166 0.029254
10.897167 0.027044
10.902168 0.021923
10.907169 0.015460
10.912170 0.008534
10.917171 0.002806
10.922172 -0.001067
10.927173 -0.002985
10.932174 -0.002394
10.937175 0.000323
10.942176 0.005355
10.947177 0.011706
10.952178 0.017950
10.957179 0.023140
10.962180 0.025941
10.967181 0.025240
10.972182 0.020536
10.977183 0.012955
10.982184 0.003868
10.987185 -0.004871
10.992186 -0.011581
10.997187 -0.015897
11.002188 -0.017903
11.007189 -0.018501
11.012190 -0.018854
11.017191 -0.019212
11.022192 -0.018705
11.027193 -0.017119
11.032194 -0.014274
11.037195 -0.009672
11.042196 -0.003681
11.047197 0.002975
11.052198 0.009570
11.057199 0.015386
11.062200 0.019502
11.067201 0.021293
11.072202 0.020680
11.077203 0.018498
11.082204 0.015485
11.087205 0.011921
11.092206 0.008617
11.097207 0.005947
11.102208 0.003694
11.107209 0.001316
11.112210 -0.001256
11.117211 -0.003429
11.122212 -0.005154
11.127213 -0.006365
11.132214 -0.006612
11.137215 -0.005568
11.142216 -0.003644
11.147217 -0.002687
11.152218 -0.003882
11.157219 -0.007778
11.162220 -0.014240
11.167221 -0.022029
11.172222 -0.029679
11.177223 -0.034460
11.182224 -0.035150
11.187225 -0.032523
11.192226 -0.026814
11.197227 -0.018478
11.202228 -0.008661
11.207229 0.001452
11.212230 0.010744
11.217231 0.017976
11.222232 0.022830
11.227233 0.024748
11.232234 0.023653
11.237235 0.020665
11.242236 0.015746
11.247237 0.009768
11.252238 0.003800
11.257239 -0.001302
11.262240 -0.004374
11.267241 -0.005501
11.272242 -0.005180
11.277243 -0.003981
11.282244 -0.002393
11.287245 -0.001641
11.292246 -0.002681
11.297247 -0.005652
11.302248 -0.010548
11.307249 -0.016789
11.312250 -0.022685
11.317251 -0.026970
11.322252 -0.029100
11.327253 -0.028199
11.332254 -0.024699
11.337255 -0.018430
11.342256 -0.010444
11.347257 -0.002663
11.352258 0.004052
11.357259 0.008160
11.362260 0.009611
11.367261 0.008127
11.372262 0.004220
11.377263 -0.000014
11.382264 -0.003652
11.387265 -0.006098
11.392266 -0.006499
11.397267 -0.004535
11.402268 -0.001995
11.407269 -0.000154
11.412270 0.000633
11.417271 0.000230
11.422272 -0.000648
11.427273 -0.002160
11.432274 -0.004138
11.437275 -0.006562
11.442276 -0.009421
11.447277 -0.012570
11.452278 -0.015702
11.457279 -0.018119
11.462280 -0.020360
11.467281 -0.022386
11.472282 -0.024079
11.477283 -0.025145
11.482284 -0.024788
11.487285 -0.022716
11.492286 -0.018088
11.497287 -0.010761
11.502288 -0.001261
11.507289 0.009766
11.512290 0.021077
11.517291 0.031413
11.522292 0.039522
11.527293 0.044540
11.532294 0.047246
11.537295 0.048179
11.542296 0.047150
11.547297 0.044988
11.552298 0.041460
11.557299 0.036660
11.562300 0.031064
11.567301 0.024602
11.572302 0.017826
11.577303 0.010749
11.582304 0.004043
11.587305 -0.002233
11.592306 -0.008030
11.597307 -0.012539
11.602308 -0.015766
11.607309 -0.017251
11.612310 -0.017017
11.617311 -0.015094
11.622312 -0.011909
11.627313 -0.008446
11.632314 -0.005080
11.637315 -0.002655
11.642315 -0.001424
11.647316 -0.001547
11.652317 -0.002712
11.657318 -0.003558
11.662319 -0.003708
11.667320 -0.002858
11.672321 -0.000431
11.677322 0.003738
11.682323 0.009338
11.687324 0.015849
11.692325 0.022547
11.697326 0.028604
11.702327 0.033006
11.707328 0.035016
11.712329 0.034729
11.717330 0.032189
11.722331 0.027667
11.727332 0.021260
11.732333 0.013606
11.737334 0.005767
11.742335 -0.002143
11.747336 -0.009822
11.752337 -0.017173
11.757338 -0.023632
11.762339 -0.028420
11.767340 -0.031548
11.772341 -0.032079
11.777342 -0.029278
11.782343 -0.023212
11.787344 -0.014327
11.792345 -0.004110
11.797346 0.006479
11.802347 0.015743
11.807348 0.021806
11.812349 0.024023
11.817350 0.022362
11.822351 0.017245
11.827352 0.009142
11.832353 -0.000329
11.837354 -0.009526
11.842355 -0.017203
11.847356 -0.022756
11.852357 -0.025956
11.857358 -0.026834
11.862359 -0.026122
11.867360 -0.024842
11.872361 -0.023763
11.877362 -0.023234
11.882363 -0.024082
11.887364 -0.025750
11.892365 -0.027795
11.897366 -0.029292
11.902367 -0.028899
11.907368 -0.026553
11.912369 -0.021743
11.917370 -0.014725
11.922371 -0.006387
11.927372 0.001566
11.932373 0.008164
11.937374 0.013667
11.942375 0.017904
11.947376 0.021210
11.952377 0.023941
11.957378 0.026708
11.962379 0.029328
11.967380 0.030636
11.972381 0.030177
11.977382 0.027724
11.982383 0.023097
11.987384 0.016610
11.992385 0.008889
11.997386 0.000830
12.002387 -0.006984
12.007388 -0.013631
12.012389 -0.018151
12.017390 -0.020303
12.022391 -0.019905
12.027392 -0.017870
12.032393 -0.014296
12.037394 -0.009349
12.042395 -0.004207
12.047396 0.001037
12.052397 0.005956
12.057398 0.010495
12.062399 0.014851
12.067400 0.018389
12.072401 0.020761
12.077402 0.021859
12.082403 0.021170
12.087404 0.018803
12.092405 0.015247
12.097406 0.011107
12.102407 0.007567
12.107408 0.004932
12.112409 0.003226
12.117410 0.002568
12.122411 0.002562
12.127412 0.002070
12.132413 0.000633
12.137414 -0.001459
12.142415 -0.004340
12.147416 -0.007567
12.152417 -0.011032
12.157418 -0.013967
12.162419 -0.015921
12.167420 -0.017233
12.172421 -0.017452
12.177422 -0.016641
12.182423 -0.015045
12.187424 -0.013134
12.192425 -0.011059
12.197426 -0.008878
12.202427 -0.007372
12.207428 -0.006733
12.212429 -0.006477
12.217430 -0.005844
12.222431 -0.003812
12.227432 -0.000202
12.232433 0.004768
12.237434 0.011156
12.242435 0.017860
12.247436 0.023559
12.252437 0.027170
12.257438 0.027459
12.262439 0.024221
12.267440 0.018221
12.272441 0.010679
12.277442 0.002865
12.282443 -0.004291
12.287444 -0.010146
12.292445 -0.014797
12.297446 -0.018173
12.302447 -0.020684
12.307448 -0.023629
12.312449 -0.026544
12.317450 -0.029131
12.322451 -0.031572
12.327452 -0.033404
12.332453 -0.034683
12.337454 -0.034498
12.342455 -0.032902
12.347456 -0.030603
12.352457 -0.027383
12.357458 -0.023104
12.362459 -0.017777
12.367460 -0.011669
12.372461 -0.004701
12.377462 0.002922
12.382463 0.011088
12.387464 0.019433
12.392465 0.027204
12.397466 0.034037
12.402467 0.039586
12.407468 0.043514
12.412469 0.045299
12.417470 0.044923
12.422471 0.042802
12.427472 0.039088
12.432473 0.034117
12.437474 0.028530
12.442475 0.022343
12.447476 0.015562
12.452477 0.008412
12.457478 0.001350
12.462479 -0.005043
12.467480 -0.010645
12.472481 -0.014732
12.477482 -0.016941
12.482483 -0.017449
12.487484 -0.016561
12.492485 -0.014964
12.497486 -0.013027
12.502487 -0.010931
12.507488 -0.008954
12.512489 -0.006939
12.517490 -0.004346
12.522491 -0.001244
12.527492 0.002488
12.532493 0.006496
12.537494 0.010250
12.542495 0.013737
12.547496 0.016012
12.552497 0.016798
12.557498 0.016229
12.562499 0.014249
12.567500 0.011012
12.572500 0.006582
12.577501 0.001716
12.582502 -0.003122
12.587503 -0.007907
12.592504 -0.012247
12.597505 -0.015350
12.602506 -0.016833
12.607507 -0.016849
12.612508 -0.015290
12.617509 -0.012510
12.622510 -0.009019
12.627511 -0.005978
12.632512 -0.004428
12.637513 -0.004462
12.642514 -0.006205
12.647515 -0.009190
12.652516 -0.012853
12.657517 -0.016147
12.662518 -0.018082
12.667519 -0.018830
12.672520 -0.018296
12.677521 -0.016384
12.682522 -0.013728
12.687523 -0.010958
12.692524 -0.008387
12.697525 -0.006169
12.702526 -0.004366
12.707527 -0.003315
12.712528 -0.002899
12.717529 -0.002482
12.722530 -0.001987
12.727531 -0.001560
12.732532 -0.000992
12.737533 0.000062
12.742534 0.001736
12.747535 0.003953
12.752536 0.006636
12.757537 0.009823
12.762538 0.013239
12.767539 0.016032
12.772540 0.017916
12.777541 0.019062
12.782542 0.019064
12.787543 0.017815
12.792544 0.015734
12.797545 0.013225
12.802546 0.010609
12.807547 0.007911
12.812548 0.005539
12.817549 0.004007
12.822550 0.003378
12.827551 0.003450
12.832552 0.004339
12.837553 0.006095
12.842554 0.008067
12.847555 0.009694
12.852556 0.010704
12.857557 0.011045
12.862558 0.010385
12.867559 0.008361
12.872560 0.005099
12.877561 0.000803
12.882562 -0.004092
12.887563 -0.009321
12.892564 -0.014387
12.897565 -0.018336
12.902566 -0.020930
12.907567 -0.022227
12.912568 -0.022217
12.917569 -0.021171
12.922570 -0.019498
12.927571 -0.018191
12.932572 -0.017474
12.937573 -0.016697
12.942574 -0.015881
12.947575 -0.014971
12.952576 -0.013579
12.957577 -0.011022
12.962578 -0.007274
12.967579 -0.003120
12.972580 0.001253
12.977581 0.005761
12.982582 0.009661
12.987583 0.012228
12.992584 0.013477
12.997585 0.013509
13.002586 0.012616
13.007587 0.011144
13.012588 0.008861
13.017589 0.005936
13.022590 0.002209
13.027591 -0.002888
13.032592 -0.008817
13.037593 -0.014698
13.042594 -0.019751
13.047595 -0.023209
13.052596 -0.024621
13.057597 -0.023750
13.062598 -0.020806
13.067599 -0.016539
13.072600 -0.011519
13.077601 -0.005921
13.082602 -0.000343
13.087603 0.004935
13.092604 0.009680
13.097605 0.014056
13.102606 0.018329
13.107607 0.022007
13.112608 0.025269
13.117609 0.028171
13.122610 0.030564
13.127611 0.031913
13.132612 0.032377
13.137613 0.032378
13.142614 0.031286
13.147615 0.029161
13.152616 0.025723
13.157617 0.020964
13.162618 0.015205
13.167619 0.008255
13.172620 0.001071
13.177621 -0.005335
13.182622 -0.010567
13.187623 -0.014229
13.192624 -0.016196
13.197625 -0.016252
13.202626 -0.014858
13.207627 -0.012652
13.212628 -0.009821
13.217629 -0.007112
13.222630 -0.004721
13.227631 -0.002564
13.232632 -0.000913
13.237633 0.000471
13.242634 0.001971
13.247635 0.003193
13.252636 0.003929
13.257637 0.004691
13.262638 0.004783
13.267639 0.003537
13.272640 0.001097
13.277641 -0.002475
13.282642 -0.006489
13.287643 -0.010509
13.292644 -0.014236
13.297645 -0.016968
13.302646 -0.018197
13.307647 -0.017984
13.312648 -0.016475
13.317649 -0.013226
13.322650 -0.008331
13.327651 -0.002462
13.332652 0.003996
13.337653 0.010708
13.342654 0.016955
13.347655 0.022146
13.352656 0.026294
13.357657 0.029100
13.362658 0.030176
13.367659 0.029565
13.372660 0.027285
13.377661 0.023541
13.382662 0.018813
13.387663 0.013202
13.392664 0.006937
13.397665 0.000556
13.402666 -0.005699
13.407667 -0.011734
13.412668 -0.016815
13.417669 -0.020646
13.422670 -0.023500
13.427671 -0.025268
13.432672 -0.026227
13.437673 -0.026296
13.442674 -0.025323
13.447675 -0.023186
13.452676 -0.019612
13.457677 -0.014583
13.462678 -0.008415
13.467679 -0.001687
13.472680 0.005108
13.477681 0.011507
13.482682 0.016892
13.487683 0.020224
13.492684 0.021422
13.497685 0.020741
13.502685 0.017919
13.507686 0.013138
13.512687 0.006966
13.517688 0.000202
13.522689 -0.006728
13.527690 -0.013260
13.532691 -0.018773
13.537692 -0.022241
13.542693 -0.023116
13.547694 -0.021996
13.552695 -0.018951
13.557696 -0.014534
13.562697 -0.009575
13.567698 -0.005052
13.572699 -0.001707
13.577700 0.000573
13.582701 0.001659
13.587702 0.002022
13.592703 0.001867
13.597704 0.001798
13.602705 0.002397
13.607706 0.003098
13.612707 0.003857
13.617708 0.004663
13.622709 0.005165
13.627710 0.004778
13.632711 0.003830
13.637712 0.002793
13.642713 0.001759
13.647714 0.000941
13.652715 0.000830
13.657716 0.002033
13.662717 0.004057
13.667718 0.006703
13.672719 0.009521
13.677720 0.011985
13.682721 0.013926
13.687722 0.014891
13.692723 0.014903
13.697724 0.013929
13.702725 0.012345
13.707726 0.010086
13.712727 0.007406
13.717728 0.004811
13.722729 0.002020
13.727730 -0.000863
13.732731 -0.003626
13.737732 -0.006089
13.742733 -0.008345
13.747734 -0.010514
13.752735 -0.012285
13.757736 -0.013362
13.762737 -0.013915
13.767738 -0.014144
13.772739 -0.013726
13.777740 -0.012458
13.782741 -0.010426
13.787742 -0.007581
13.792743 -0.003851
13.797744 0.000736
13.802745 0.005975
13.807746 0.011282
13.812747 0.016397
13.817748 0.021170
13.822749 0.024932
13.827750 0.026970
13.832751 0.026951
13.837752 0.024837
13.842753 0.020784
13.847754 0.014788
13.852755 0.007130
13.857756 -0.000921
13.862757 -0.008548
13.867758 -0.015190
13.872759 -0.020232
13.877760 -0.023184
13.882761 -0.024211
13.887762 -0.023860
13.892763 -0.021738
13.897764 -0.018283
13.902765 -0.013885
13.907766 -0.008899
13.912767 -0.003898
13.917768 0.001146
13.922769 0.005878
13.927770 0.009975
13.932771 0.013137
13.937772 0.015463
13.942773 0.016879
13.947774 0.016972
13.952775 0.016112
13.957776 0.014590
13.962777 0.012231
13.967778 0.009294
13.972779 0.006074
13.977780 0.002796
13.982781 -0.000310
13.987782 -0.003643
13.992783 -0.007227
13.997784 -0.010739
14.002785 -0.014244
14.007786 -0.017569
14.012787 -0.020226
14.017788 -0.022089
14.022789 -0.023183
14.027790 -0.023513
14.032791 -0.023021
14.037792 -0.021587
14.042793 -0.019201
14.047794 -0.016134
14.052795 -0.012246
14.057796 -0.007308
14.062797 -0.001592
14.067798 0.004584
14.072799 0.011019
14.077800 0.017444
14.082801 0.022976
14.087802 0.026961
14.092803 0.028971
14.097804 0.028890
14.102805 0.026982
14.107806 0.023322
14.112807 0.018435
14.117808 0.013178
14.122809 0.007975
14.127810 0.003074
14.132811 -0.001294
14.137812 -0.005087
14.142813 -0.007936
14.147814 -0.010035
14.152815 -0.011158
14.157816 -0.010799
14.162817 -0.009384
14.167818 -0.007183
14.172819 -0.004991
14.177820 -0.002978
14.182821 -0.001492
14.187822 -0.001283
14.192823 -0.001704
14.197824 -0.002717
14.202825 -0.004243
14.207826 -0.005725
14.212827 -0.007235
14.217828 -0.008300
14.222829 -0.008794
14.227830 -0.008826
14.232831 -0.008157
14.237832 -0.006792
14.242833 -0.004703
14.247834 -0.002103
14.252835 0.001018
14.257836 0.004527
14.262837 0.008220
14.267838 0.011858
14.272839 0.015042
14.277840 0.017795
14.282841 0.019618
14.287842 0.020222
14.292843 0.019969
14.297844 0.019112
14.302845 0.017582
14.307846 0.015442
14.312847 0.013048
14.317848 0.010506
14.322849 0.007985
14.327850 0.005138
14.332851 0.002098
14.337852 -0.000876
14.342853 -0.003986
14.347854 -0.006951
14.352855 -0.009797
14.357856 -0.012087
14.362857 -0.013760
14.367858 -0.015117
14.372859 -0.015788
14.377860 -0.015606
14.382861 -0.014558
14.387862 -0.012803
14.392863 -0.010432
14.397864 -0.007566
14.402865 -0.004423
14.407866 -0.001625
14.412867 0.000469
14.417868 0.001821
14.422869 0.002130
14.427870 0.001358
14.432870 -0.000306
14.437871 -0.002360
14.442872 -0.004793
14.447873 -0.007595
14.452874 -0.010277
14.457875 -0.012617
14.462876 -0.014388
14.467877 -0.015740
14.472878 -0.016769
14.477879 -0.017004
14.482880 -0.016398
14.487881 -0.015145
14.492882 -0.013011
14.497883 -0.009752
14.502884 -0.005556
14.507885 -0.000771
14.512886 0.004236
14.517887 0.008958
14.522888 0.013054
14.527889 0.015939
14.532890 0.017468
14.537891 0.017952
14.542892 0.017338
14.547893 0.015802
14.552894 0.013518
14.557895 0.011019
14.562896 0.008717
14.567897 0.006055
14.572898 0.003163
14.577899 0.000509
14.582900 -0.001990
14.587901 -0.004181
14.592902 -0.005771
14.597903 -0.006446
14.602904 -0.005747
14.607905 -0.003904
14.612906 -0.001041
14.617907 0.003015
14.622908 0.007759
14.627909 0.012635
14.632910 0.016965
14.637911 0.020215
14.642912 0.022124
14.647913 0.022385
14.652914 0.020991
14.657915 0.018397
14.662916 0.015030
14.667917 0.011063
14.672918 0.007317
14.677919 0.004288
14.682920 0.002054
14.687921 0.000857
14.692922 0.000248
14.697923 -0.000047
14.702924 -0.000053
14.707925 -0.000317
14.712926 -0.000918
14.717927 -0.001526
14.722928 -0.002098
14.727929 -0.002473
14.732930 -0.002584
14.737931 -0.002256
14.742932 -0.001684
14.747933 -0.001220
14.752934 -0.000739
14.757935 -0.000369
14.762936 -0.000423
14.767937 -0.000963
14.772938 -0.001915
14.777939 -0.002993
14.782940 -0.004071
14.787941 -0.005356
14.792942 -0.006383
14.797943 -0.006938
14.802944 -0.007216
14.807945 -0.007266
14.812946 -0.007287
14.817947 -0.007312
14.822948 -0.007547
14.827949 -0.008282
14.832950 -0.009562
14.837951 -0.011138
14.842952 -0.012919
14.847953 -0.014819
14.852954 -0.016319
14.857955 -0.016860
14.862956 -0.016326
14.867957 -0.014836
14.872958 -0.012162
14.877959 -0.008688
14.882960 -0.004972
14.887961 -0.001320
14.892962 0.001745
14.897963 0.004096
14.902964 0.005677
14.907965 0.006362
14.912966 0.006454
14.917967 0.006472
14.922968 0.006572
14.927969 0.006389
14.932970 0.005759
14.937971 0.004960
14.942972 0.003950
14.947973 0.002594
14.952974 0.000834
14.957975 -0.001194
14.962976 -0.003166
14.967977 -0.005289
14.972978 -0.007447
14.977979 -0.009168
14.982980 -0.010596
14.987981 -0.011880
14.992982 -0.012823
14.997983 -0.013248
15.002984 -0.012889
15.007985 -0.011862
15.012986 -0.010126
15.017987 -0.007445
15.022988 -0.004095
15.027989 -0.000313
15.032990 0.003319
15.037991 0.006773
15.042992 0.009860
15.047993 0.012098
15.052994 0.013818
15.057995 0.014937
15.062996 0.015637
15.067997 0.015844
15.072998 0.015409
15.077999 0.015045
15.083000 0.014372
15.088001 0.012999
15.093002 0.011345
15.098003 0.009575
15.103004 0.007811
15.108005 0.005806
15.113006 0.003767
15.118007 0.002176
15.123008 0.000881
15.128009 -0.000338
15.133010 -0.001367
15.138011 -0.001825
15.143012 -0.001946
15.148013 -0.002118
15.153014 -0.002025
15.158015 -0.001646
15.163016 -0.001256
15.168017 -0.000847
15.173018 -0.000675
15.178019 -0.000522
15.183020 -0.000365
15.188021 -0.000439
15.193022 -0.000477
15.198023 -0.000526
15.203024 -0.000453
15.208025 -0.000420
15.213026 -0.000439
15.218027 -0.000194
15.223028 0.000180
15.228029 0.000438
15.233030 0.000500
15.238031 0.000686
15.243032 0.000733
15.248033 0.000289
15.253034 -0.000622
15.258035 -0.001899
15.263036 -0.003419
15.268037 -0.005219
15.273038 -0.007085
15.278039 -0.008776
15.283040 -0.010063
15.288041 -0.011015
15.293042 -0.011557
15.298043 -0.011304
15.303044 -0.010473
15.308045 -0.009215
15.313046 -0.007793
15.318047 -0.006180
15.323048 -0.004154
15.328049 -0.002374
15.333050 -0.000982
15.338051 0.000515
15.343052 0.001999
15.348053 0.003292
15.353054 0.004469
15.358055 0.005862
15.363056 0.007436
15.368056 0.008660
15.373057 0.009719
15.378058 0.010489
15.383059 0.010641
15.388060 0.009840
15.393061 0.007874
15.398062 0.005050
15.403063 0.001403
15.408064 -0.002895
15.413065 -0.007380
15.418066 -0.011453
15.423067 -0.014852
15.428068 -0.017457
15.433069 -0.018921
15.438070 -0.019102
15.443071 -0.018181
15.448072 -0.016545
15.453073 -0.014431
15.458074 -0.011879
15.463075 -0.009092
15.468076 -0.006409
15.473077 -0.003915
15.478078 -0.001683
15.483079 0.000321
15.488080 0.001966
15.493081 0.003048
15.498082 0.004095
15.503083 0.005099
15.508084 0.005708
15.513085 0.006313
15.518086 0.007080
15.523087 0.007981
15.528088 0.008826
15.533089 0.009492
15.538090 0.010054
15.543091 0.010174
15.548092 0.009816
15.553093 0.009028
15.558094 0.007888
15.563095 0.006682
15.568096 0.005267
15.573097 0.003722
15.578098 0.002307
15.583099 0.000943
15.588100 -0.000681
15.593101 -0.002457
15.598102 -0.003982
15.603103 -0.005383
15.608104 -0.006571
15.613105 -0.007366
15.618106 -0.007607
15.623107 -0.006973
15.628108 -0.005786
15.633109 -0.004241
15.638110 -0.002086
15.643111 0.000442
15.648112 0.002831
15.653113 0.004930
15.658114 0.006801
15.663115 0.008314
15.668116 0.009019
15.673117 0.009056
15.678118 0.008867
15.683119 0.008358
15.688120 0.007506
15.693121 0.006573
15.698122 0.005885
15.703123 0.005347
15.708124 0.004746
15.713125 0.004100
15.718126 0.003386
15.723127 0.002763
15.728128 0.001926
15.733129 0.000784
15.738130 -0.000055
15.743131 -0.000750
15.748132 -0.001279
15.753133 -0.001415
15.758134 -0.001146
15.763135 -0.000302
15.768136 0.000699
15.773137 0.001804
15.778138 0.003125
15.783139 0.004220
15.788140 0.005024
15.793141 0.005390
15.798142 0.005380
15.803143 0.005043
15.808144 0.004130
15.813145 0.002949
15.818146 0.001543
15.823147 0.000047
15.828148 -0.001433
15.833149 -0.002817
15.838150 -0.003754
15.843151 -0.004276
15.848152 -0.004690
15.853153 -0.004907
15.858154 -0.004616
15.863155 -0.004083
15.868156 -0.003490
15.873157 -0.002880
15.878158 -0.001959
15.883159 -0.000890
15.888160 -0.000057
15.893161 0.000759
15.898162 0.001415
15.903163 0.002153
15.908164 0.002616
15.913165 0.002780
15.918166 0.003243
15.923167 0.003445
15.928168 0.003463
15.933169 0.003302
15.938170 0.002857
15.943171 0.002163
15.948172 0.000713
15.953173 -0.001172
15.958174 -0.003352
15.963175 -0.005723
15.968176 -0.008094
15.973177 -0.010622
15.978178 -0.012793
15.983179 -0.014423
15.988180 -0.015772
15.993181 -0.016653
15.998182 -0.016678
16.003183 -0.016102
16.008184 -0.015122
16.013185 -0.013480
16.018186 -0.011352
16.023187 -0.008959
16.028188 -0.006609
16.033189 -0.004261
16.038190 -0.002027
16.043191 -0.000137
16.048192 0.001412
16.053193 0.002395
16.058194 0.003254
16.063195 0.004019
16.068196 0.004523
16.073197 0.004942
16.078198 0.005458
16.083199 0.006307
16.088200 0.007005
16.093201 0.007742
16.098202 0.008835
16.103203 0.009851
16.108204 0.010705
16.113205 0.011170
16.118206 0.011170
16.123207 0.010810
16.128208 0.009737
16.133209 0.008018
16.138210 0.006144
16.143211 0.004230
16.148212 0.002281
16.153213 0.000568
16.158214 -0.000679
16.163215 -0.001536
16.168216 -0.002276
16.173217 -0.002833
16.178218 -0.002995
16.183219 -0.002820
16.188220 -0.002553
16.193221 -0.002127
16.198222 -0.001463
16.203223 -0.000754
16.208224 0.000025
16.213225 0.000768
16.218226 0.001519
16.223227 0.002489
16.228228 0.003286
16.233229 0.003970
16.238230 0.004514
16.243231 0.004941
16.248232 0.005233
16.253233 0.004990
16.258234 0.004617
16.263235 0.003978
16.268236 0.002958
16.273237 0.001639
16.278238 0.000111
16.283239 -0.001345
16.288240 -0.003122
16.293241 -0.004900
16.298241 -0.006351
16.303242 -0.007513
16.308243 -0.008352
16.313244 -0.008769
16.318245 -0.008488
16.323246 -0.007750
16.328247 -0.006646
16.333248 -0.005340
16.338249 -0.003903
16.343250 -0.002258
16.348251 -0.000874
16.353252 0.000173
16.358253 0.001035
16.363254 0.001790
16.368255 0.002176
16.373256 0.002211
16.378257 0.002368
16.383258 0.002357
16.388259 0.002289
16.393260 0.002149
16.398261 0.001882
16.403262 0.001664
16.408263 0.000873
16.413264 -0.000215
16.418265 -0.001427
16.423266 -0.003065
16.428267 -0.004784
16.433268 -0.006623
16.438269 -0.008285
16.443270 -0.009421
16.448271 -0.010217
16.453272 -0.010424
16.458273 -0.009924
16.463274 -0.008622
16.468275 -0.006632
16.473276 -0.004409
16.478277 -0.001826
16.483278 0.000921
16.488279 0.003436
16.493280 0.005510
16.498281 0.007050
16.503282 0.008280
16.508283 0.008804
16.513284 0.008703
16.518285 0.008514
16.523286 0.008119
16.528287 0.007555
16.533288 0.006870
16.538289 0.006331
16.543290 0.006106
16.548291 0.005827
16.553292 0.005664
16.558293 0.005996
16.563294 0.006470
16.568295 0.006883
16.573296 0.007424
16.578297 0.007924
16.583298 0.008366
16.588299 0.008502
16.593300 0.008202
16.598301 0.007853
16.603302 0.007208
16.608303 0.006321
16.613304 0.005449
16.618305 0.004549
16.623306 0.003939
16.628307 0.003310
16.633308 0.002628
16.638309 0.002224
16.643310 0.001811
16.648311 0.001212
16.653312 0.000384
16.658313 -0.000327
16.663314 -0.001211
16.668315 -0.002357
16.673316 -0.003356
16.678317 -0.004509
16.683318 -0.005414
16.688319 -0.006139
16.693320 -0.006936
16.698321 -0.007468
16.703322 -0.007860
16.708323 -0.008336
16.713324 -0.009031
16.718325 -0.009548
16.723326 -0.009780
16.728327 -0.009992
16.733328 -0.009970
16.738329 -0.009310
16.743330 -0.008098
16.748331 -0.006462
16.753332 -0.004432
16.758333 -0.002132
16.763334 0.000444
16.768335 0.002693
16.773336 0.004465
16.778337 0.005822
16.783338 0.006726
16.788339 0.007133
16.793340 0.006812
16.798341 0.006220
16.803342 0.005576
16.808343 0.004847
16.813344 0.004008
16.818345 0.003241
16.823346 0.002749
16.828347 0.002043
16.833348 0.001354
16.838349 0.000748
16.843350 0.000039
16.848351 -0.000703
16.853352 -0.001440
16.858353 -0.001831
16.863354 -0.002096
16.868355 -0.002295
16.873356 -0.002302
16.878357 -0.001993
16.883358 -0.001406
16.888359 -0.000921
16.893360 -0.000565
16.898361 -0.000322
16.903362 -0.000116
16.908363 -0.000238
16.913364 -0.000811
16.918365 -0.001362
16.923366 -0.001937
16.928367 -0.002705
16.933368 -0.003329
16.938369 -0.003734
16.943370 -0.004055
16.948371 -0.004240
16.953372 -0.004476
16.958373 -0.004715
16.963374 -0.004785
16.968375 -0.004903
16.973376 -0.005151
16.978377 -0.005237
16.983378 -0.005130
16.988379 -0.005024
16.993380 -0.004946
16.998381 -0.004661
17.003382 -0.004126
17.008383 -0.003603
17.013384 -0.002970
17.018385 -0.002022
17.023386 -0.001019
17.028387 -0.000047
17.033388 0.001092
17.038389 0.002288
17.043390 0.003556
17.048391 0.004646
17.053392 0.005561
17.058393 0.006487
17.063394 0.007160
17.068395 0.007578
17.073396 0.007715
17.078397 0.007891
17.083398 0.008026
17.088399 0.007858
17.093400 0.007657
17.098401 0.007568
17.103402 0.007555
17.108403 0.007525
17.113404 0.007513
17.118405 0.007543
17.123406 0.007692
17.128407 0.007589
17.133408 0.007192
17.138409 0.006667
17.143410 0.005868
17.148411 0.004793
17.153412 0.003279
17.158413 0.001568
17.163414 -0.000198
17.168415 -0.002012
17.173416 -0.003799
17.178417 -0.005215
17.183418 -0.006179
17.188419 -0.007117
17.193420 -0.007725
17.198421 -0.007927
17.203422 -0.007978
17.208423 -0.008038
17.213424 -0.008073
17.218425 -0.007914
17.223426 -0.007691
17.228426 -0.007397
17.233427 -0.007005
17.238428 -0.006466
17.243429 -0.005578
17.248430 -0.004671
17.253431 -0.003917
17.258432 -0.002972
17.263433 -0.002227
17.268434 -0.001638
17.273435 -0.001197
17.278436 -0.001184
17.283437 -0.001101
17.288438 -0.001368
17.293439 -0.002092
17.298440 -0.002677
17.303441 -0.003342
17.308442 -0.004071
17.313443 -0.004644
17.318444 -0.005070
17.323445 -0.005066
17.328446 -0.004709
17.333447 -0.004295
17.338448 -0.003469
17.343449 -0.002254
17.348450 -0.001104
17.353451 0.000152
17.358452 0.001492
17.363453 0.002672
17.368454 0.003667
17.373455 0.004323
17.378456 0.004878
17.383457 0.005427
17.388458 0.005527
17.393459 0.005392
17.398460 0.005371
17.403461 0.005298
17.408462 0.005163
17.413463 0.004918
17.418464 0.004818
17.423465 0.004964
17.428466 0.005039
17.433467 0.005226
17.438468 0.005585
17.443469 0.006155
17.448470 0.006845
17.453471 0.007495
17.458472 0.008376
17.463473 0.009365
17.468474 0.010098
17.473475 0.010729
17.478476 0.011229
17.483477 0.011634
17.488478 0.011635
17.493479 0.011070
17.498480 0.010533
17.503481 0.009773
17.508482 0.008734
17.513483 0.007504
17.518484 0.006288
17.523485 0.005204
17.528486 0.003850
17.533487 0.002508
17.538488 0.001340
17.543489 0.000384
17.548490 -0.000590
17.553491 -0.001647
17.558492 -0.002618
17.563493 -0.003619
17.568494 -0.004910
17.573495 -0.006512
17.578496 -0.008030
17.583497 -0.009636
17.588498 -0.011220
17.593499 -0.012724
17.598500 -0.014139
17.603501 -0.015030
17.608502 -0.015547
17.613503 -0.015731
17.618504 -0.015493
17.623505 -0.014674
17.628506 -0.013593
17.633507 -0.012394
17.638508 -0.010862
17.643509 -0.009367
17.648510 -0.008048
17.653511 -0.006967
17.658512 -0.005867
17.663513 -0.004692
17.668514 -0.003808
17.673515 -0.003108
17.678516 -0.002228
17.683517 -0.001191
17.688518 -0.000285
17.693519 0.000417
17.698520 0.001063
17.703521 0.001917
17.708522 0.002504
17.713523 0.002719
17.718524 0.003023
17.723525 0.003206
17.728526 0.003151
17.733527 0.002779
17.738528 0.002436
17.743529 0.002209
17.748530 0.001810
17.753531 0.001327
17.758532 0.000983
17.763533 0.000870
17.768534 0.000819
17.773535 0.000826
17.778536 0.000938
17.783537 0.001270
17.788538 0.001596
17.793539 0.001878
17.798540 0.002299
17.803541 0.002650
17.808542 0.002649
17.813543 0.002452
17.818544 0.002205
17.823545 0.001657
17.828546 0.000867
17.833547 -0.000087
17.838548 -0.000907
17.843549 -0.001581
17.848550 -0.002268
17.853551 -0.002914
17.858552 -0.003309
17.863553 -0.003419
17.868554 -0.003599
17.873555 -0.003801
17.878556 -0.003858
17.883557 -0.003513
17.888558 -0.003187
17.893559 -0.002793
17.898560 -0.001866
17.903561 -0.000697
17.908562 0.000591
17.913563 0.001864
17.918564 0.003370
17.923565 0.005031
17.928566 0.006592
17.933567 0.007929
17.938568 0.009120
17.943569 0.010317
17.948570 0.011015
17.953571 0.011347
17.958572 0.011687
17.963573 0.011625
17.968574 0.011204
17.973575 0.010437
17.978576 0.009590
17.983577 0.008941
17.988578 0.007842
17.993579 0.006515
17.998580 0.005467
18.003581 0.004355
18.008582 0.003056
18.013583 0.001688
18.018584 0.000388
18.023585 -0.000800
18.028586 -0.001942
18.033587 -0.003044
18.038588 -0.003915
18.043589 -0.004362
18.048590 -0.004663
18.053591 -0.004702
18.058592 -0.004344
18.063593 -0.003646
18.068594 -0.002651
18.073595 -0.001787
18.078596 -0.000824
18.083597 -0.000001
18.088598 0.000430
18.093599 0.000476
18.098600 0.000007
18.103601 -0.000506
18.108602 -0.001513
18.113603 -0.003021
18.118604 -0.004293
18.123605 -0.005477
18.128606 -0.006706
18.133607 -0.007667
18.138608 -0.008401
18.143609 -0.008812
18.148610 -0.008902
18.153611 -0.009086
18.158611 -0.008918
18.163612 -0.008483
18.168613 -0.008151
18.173614 -0.007796
18.178615 -0.007378
18.183616 -0.006548
18.188617 -0.005790
18.193618 -0.005280
18.198619 -0.004508
18.203620 -0.003770
18.208621 -0.003147
18.213622 -0.002690
18.218623 -0.002278
18.223624 -0.001760
18.228625 -0.001495
18.233626 -0.001368
18.238627 -0.001175
18.243628 -0.001009
18.248629 -0.001044
18.253630 -0.001347
18.258631 -0.001615
18.263632 -0.001889
18.268633 -0.002480
18.273634 -0.003299
18.278635 -0.004015
18.283636 -0.004553
18.288637 -0.005234
18.293638 -0.005891
18.298639 -0.006213
18.303640 -0.006448
18.308641 -0.006634
18.313642 -0.006583
18.318643 -0.006134
18.323644 -0.005481
18.328645 -0.004622
18.333646 -0.003409
18.338647 -0.001924
18.343648 0.000170
18.348649 0.002381
18.353650 0.004506
18.358651 0.007040
18.363652 0.009658
18.368653 0.012024
18.373654 0.014051
18.378655 0.015940
18.383656 0.017546
18.388657 0.018532
18.393658 0.018878
18.398659 0.018962
18.403660 0.018877
18.408661 0.018091
18.413662 0.016901
18.418663 0.015647
18.423664 0.014273
18.428665 0.012629
18.433666 0.010643
18.438667 0.008614
18.443668 0.006654
18.448669 0.004634
18.453670 0.002570
18.458671 0.000876
18.463672 -0.000424
18.468673 -0.001532
18.473674 -0.002501
18.478675 -0.003069
18.483676 -0.003114
18.488677 -0.003076
18.493678 -0.002952
18.498679 -0.002651
18.503680 -0.002224
18.508681 -0.001907
18.513682 -0.001727
18.518683 -0.001648
18.523684 -0.001829
18.528685 -0.002321
18.533686 -0.003132
18.538687 -0.003839
18.543688 -0.004504
18.548689 -0.005311
18.553690 -0.005963
18.558691 -0.006421
18.563692 -0.006677
18.568693 -0.006848
18.573694 -0.007120
18.578695 -0.007187
18.583696 -0.006889
18.588697 -0.006824
18.593698 -0.006968
18.598699 -0.007015
18.603700 -0.006956
18.608701 -0.006937
18.613702 -0.007229
18.618703 -0.007429
18.623704 -0.007493
18.628705 -0.007880
18.633706 -0.008332
18.638707 -0.008529
18.643708 -0.008488
18.648709 -0.008293
18.653710 -0.007964
18.658711 -0.007223
18.663712 -0.006233
18.668713 -0.005291
18.673714 -0.004364
18.678715 -0.003324
18.683716 -0.002200
18.688717 -0.001128
18.693718 -0.000227
18.698719 0.000580
18.703720 0.001649
18.708721 0.002619
18.713722 0.003421
18.718723 0.004413
18.723724 0.005568
18.728725 0.006540
18.733726 0.007174
18.738727 0.007919
18.743728 0.008545
18.748729 0.008765
18.753730 0.008699
18.758731 0.008375
18.763732 0.007973
18.768733 0.007370
18.773734 0.006645
18.778735 0.006169
18.783736 0.005928
18.788737 0.005736
18.793738 0.005611
18.798739 0.005856
18.803740 0.006235
18.808741 0.006447
18.813742 0.006707
18.818743 0.006872
18.823744 0.006864
18.828745 0.006609
18.833746 0.005900
18.838747 0.005098
18.843748 0.004281
18.848749 0.002961
18.853750 0.001313
18.858751 -0.000263
18.863752 -0.001736
18.868753 -0.003143
18.873754 -0.004545
18.878755 -0.005539
18.883756 -0.006045
18.888757 -0.006408
18.893758 -0.006453
18.898759 -0.006044
18.903760 -0.005190
18.908761 -0.004140
18.913762 -0.002991
18.918763 -0.001561
18.923764 0.000069
18.928765 0.001651
18.933766 0.003054
18.938767 0.004442
18.943768 0.005709
18.948769 0.006658
18.953770 0.007064
18.958771 0.007038
18.963772 0.006829
18.968773 0.006223
18.973774 0.005156
18.978775 0.003871
18.983776 0.002569
18.988777 0.001105
18.993778 -0.000500
18.998779 -0.001855
19.003780 -0.002894
19.008781 -0.003855
19.013782 -0.004663
19.018783 -0.005330
19.023784 -0.005831
19.028785 -0.006308
19.033786 -0.006972
19.038787 -0.007492
19.043788 -0.007893
19.048789 -0.008498
19.053790 -0.009223
19.058791 -0.009606
19.063792 -0.009565
19.068793 -0.009407
19.073794 -0.009145
19.078795 -0.008432
19.083796 -0.007395
19.088796 -0.006367
19.093797 -0.005366
19.098798 -0.004302
19.103799 -0.002985
19.108800 -0.001982
19.113801 -0.001404
19.118802 -0.000844
19.123803 -0.000504
19.128804 -0.000483
19.133805 -0.000808
19.138806 -0.001144
19.143807 -0.001267
19.148808 -0.001387
19.153809 -0.001546
19.158810 -0.001416
19.163811 -0.000831
19.168812 -0.000113
19.173813 0.000757
19.178814 0.001835
19.183815 0.003049
19.188816 0.004095
19.193817 0.004856
19.198818 0.005587
19.203819 0.006052
19.208820 0.006227
19.213821 0.006109
19.218822 0.005828
19.223823 0.005813
19.228824 0.005637
19.233825 0.005392
19.238826 0.005287
19.243827 0.005104
19.248828 0.004856
19.253829 0.004432
19.258830 0.003998
19.263831 0.003455
19.268832 0.002545
19.273833 0.001471
19.278834 0.000277
19.283835 -0.000895
19.288836 -0.002118
19.293837 -0.003435
19.298838 -0.004463
19.303839 -0.005206
19.308840 -0.005749
19.313841 -0.005942
19.318842 -0.005642
19.323843 -0.004943
19.328844 -0.004015
19.333845 -0.002900
19.338846 -0.001598
19.343847 -0.000108
19.348848 0.001236
19.353849 0.002327
19.358850 0.003326
19.363851 0.004210
19.368852 0.004852
19.373853 0.004984
19.378854 0.004876
19.383855 0.004793
19.388856 0.004464
19.393857 0.003890
19.398858 0.003457
19.403859 0.003081
19.408860 0.002652
19.413861 0.002359
19.418862 0.002181
19.423863 0.002309
19.428864 0.002305
19.433865 0.002202
19.438866 0.002302
19.443867 0.002266
19.448868 0.002262
19.453869 0.002071
19.458870 0.001883
19.463871 0.001799
19.468872 0.001398
19.473873 0.001074
19.478874 0.000697
19.483875 0.000365
19.488876 0.000053
19.493877 -0.000484
19.498878 -0.000847
19.503879 -0.001192
19.508880 -0.001492
19.513881 -0.001835
19.518882 -0.002219
19.523883 -0.002160
19.528884 -0.002123
19.533885 -0.002269
19.538886 -0.001970
19.543887 -0.001486
19.548888 -0.001137
19.553889 -0.000664
19.558890 -0.000105
19.563891 0.000506
19.568892 0.001101
19.573893 0.001533
19.578894 0.002043
19.583895 0.002694
19.588896 0.003080
19.593897 0.003167
19.598898 0.003285
19.603899 0.003336
19.608900 0.003172
19.613901 0.002719
19.618902 0.002189
19.623903 0.001742
19.628904 0.001026
19.633905 0.000026
19.638906 -0.000938
19.643907 -0.001822
19.648908 -0.002868
19.653909 -0.003958
19.658910 -0.004852
19.663911 -0.005555
19.668912 -0.006179
19.673913 -0.006662
19.678914 -0.006804
19.683915 -0.006689
19.688916 -0.006500
19.693917 -0.006336
19.698918 -0.005947
19.703919 -0.005206
19.708920 -0.004753
19.713921 -0.004292
19.718922 -0.003494
19.723923 -0.002907
19.728924 -0.002258
19.733925 -0.001659
19.738926 -0.001047
19.743927 -0.000365
19.748928 -0.000037
19.753929 0.000162
19.758930 0.000251
19.763931 0.000362
19.768932 0.000262
19.773933 -0.000194
19.778934 -0.000470
19.783935 -0.000620
19.788936 -0.000911
19.793937 -0.001225
19.798938 -0.001349
19.803939 -0.001241
19.808940 -0.001206
19.813941 -0.001191
19.818942 -0.000937
19.823943 -0.000624
19.828944 -0.000362
19.833945 -0.000291
19.838946 -0.000141
19.843947 0.000265
19.848948 0.000410
19.853949 0.000644
19.858950 0.001174
19.863951 0.001780
19.868952 0.002477
19.873953 0.003156
19.878954 0.003909
19.883955 0.004782
19.888956 0.005597
19.893957 0.006335
19.898958 0.007118
19.903959 0.007788
19.908960 0.008308
19.913961 0.008649
19.918962 0.008748
19.923963 0.008878
19.928964 0.008743
19.933965 0.008289
19.938966 0.007858
19.943967 0.007440
19.948968 0.006994
19.953969 0.006306
19.958970 0.005589
19.963971 0.004933
19.968972 0.004193
19.973973 0.003288
19.978974 0.002460
19.983975 0.001774
19.988976 0.000830
19.993977 0.000101
19.998978 -0.000300
20.003979 -0.000549
20.008980 -0.000746
20.013981 -0.000861
20.018981 -0.000709
20.023982 -0.000567
20.028983 -0.000526
20.033984 -0.000816
20.038985 -0.001101
20.043986 -0.001291
20.048987 -0.001889
20.053988 -0.002541
20.058989 -0.003102
20.063990 -0.003587
20.068991 -0.003954
20.073992 -0.004321
20.078993 -0.004394
20.083994 -0.004125
20.088995 -0.003918
20.093996 -0.003686
20.098997 -0.003227
20.103998 -0.002704
20.108999 -0.002420
20.114000 -0.002461
20.119001 -0.002424
20.124002 -0.002394
20.129003 -0.002592
20.134004 -0.002972
20.139005 -0.003304
20.144006 -0.003237
20.149007 -0.003498
20.154008 -0.003833
20.159009 -0.003651
20.164010 -0.003651
20.169011 -0.003763
20.174012 -0.003956
20.179013 -0.004109
20.184014 -0.003975
20.189015 -0.003898
20.194016 -0.003984
20.199017 -0.003924
20.204018 -0.003632
20.209019 -0.003402
20.214020 -0.003190
20.219021 -0.003007
20.224022 -0.002611
20.229023 -0.002104
20.234024 -0.001950
20.239025 -0.001605
20.244026 -0.001150
20.249027 -0.000864
20.254028 -0.000595
20.259029 -0.000395
20.264030 -0.000000
20.269031 0.000246
20.274032 0.000352
20.279033 0.000720
20.284034 0.001064
20.289035 0.001403
20.294036 0.001653
20.299037 0.001957
20.304038 0.002509
20.309039 0.002961
20.314040 0.003258
20.319041 0.003638
20.324042 0.004179
20.329043 0.004525
20.334044 0.004697
20.339045 0.004845
20.344046 0.004815
20.349047 0.004641
20.354048 0.004140
20.359049 0.003613
20.364050 0.003067
20.369051 0.002259
20.374052 0.001508
20.379053 0.000883
20.384054 0.000477
20.389055 0.000090
20.394056 -0.000329
20.399057 -0.000559
20.404058 -0.000586
20.409059 -0.000601
20.414060 -0.000808
20.419061 -0.000893
20.424062 -0.000847
20.429063 -0.000850
20.434064 -0.000843
20.439065 -0.000637
20.444066 -0.000251
20.449067 0.000080
20.454068 0.000231
20.459069 0.000488
20.464070 0.000816
20.469071 0.000834
20.474072 0.000742
20.479073 0.000633
20.484074 0.000433
20.489075 0.000039
20.494076 -0.000459
20.499077 -0.000820
20.504078 -0.001057
20.509079 -0.001374
20.514080 -0.001795
20.519081 -0.002052
20.524082 -0.002149
20.529083 -0.002431
20.534084 -0.002850
20.539085 -0.003052
20.544086 -0.003306
20.549087 -0.003755
20.554088 -0.004179
20.559089 -0.004444
20.564090 -0.004602
20.569091 -0.004778
20.574092 -0.005005
20.579093 -0.005204
20.584094 -0.005120
20.589095 -0.004937
20.594096 -0.004934
20.599097 -0.004809
20.604098 -0.004356
20.609099 -0.003930
20.614100 -0.003483
20.619101 -0.002771
20.624102 -0.001759
20.629103 -0.000656
20.634104 0.000330
20.639105 0.001536
20.644106 0.002770
20.649107 0.003812
20.654108 0.004645
20.659109 0.005187
20.664110 0.005537
20.669111 0.005535
20.674112 0.005071
20.679113 0.004513
20.684114 0.004027
20.689115 0.003203
20.694116 0.002299
20.699117 0.001507
20.704118 0.000812
20.709119 0.000300
20.714120 -0.000264
20.719121 -0.000672
20.724122 -0.000787
20.729123 -0.000880
20.734124 -0.000933
20.739125 -0.000726
20.744126 -0.000255
20.749127 0.000299
20.754128 0.000923
20.759129 0.001822
20.764130 0.002945
20.769131 0.004037
20.774132 0.005169
20.779133 0.006407
20.784134 0.007637
20.789135 0.008520
20.794136 0.009109
20.799137 0.009647
20.804138 0.009841
20.809139 0.009636
20.814140 0.009153
20.819141 0.008401
20.824142 0.007427
20.829143 0.006207
20.834144 0.004696
20.839145 0.003063
20.844146 0.001542
20.849147 -0.000111
20.854148 -0.001915
20.859149 -0.003559
20.864150 -0.004994
20.869151 -0.006309
20.874152 -0.007476
20.879153 -0.008224
20.884154 -0.008533
20.889155 -0.008673
20.894156 -0.008702
20.899157 -0.008337
20.904158 -0.007614
20.909159 -0.006922
20.914160 -0.006138
20.919161 -0.005164
20.924162 -0.004047
20.929163 -0.002952
20.934164 -0.002057
20.939165 -0.001173
20.944166 -0.000324
20.949167 0.000343
20.954167 0.000904
20.959168 0.001510
20.964169 0.002229
20.969170 0.002792
20.974171 0.003236
20.979172 0.003758
20.984173 0.004176
20.989174 0.004364
20.994175 0.004363
20.999176 0.004344
21.004177 0.004309
21.009178 0.003985
21.014179 0.003453
21.019180 0.002877
21.024181 0.002244
21.029182 0.001607
21.034183 0.000820
21.039184 0.000061
21.044185 -0.000492
21.049186 -0.001094
21.054187 -0.001732
21.059188 -0.002276
21.064189 -0.002592
21.069190 -0.002809
21.074191 -0.003228
21.079192 -0.003529
21.084193 -0.003625
21.089194 -0.003698
21.094195 -0.003724
21.099196 -0.003596
21.104197 -0.003318
21.109198 -0.003002
21.114199 -0.002720
21.119200 -0.002498
21.124201 -0.002158
21.129202 -0.001944
21.134203 -0.002035
21.139204 -0.002180
21.144205 -0.002360
21.149206 -0.002751
21.154207 -0.003404
21.159208 -0.003906
21.164209 -0.004305
21.169210 -0.004729
21.174211 -0.005285
21.179212 -0.005644
21.184213 -0.005560
21.189214 -0.005678
21.194215 -0.005786
21.199216 -0.005638
21.204217 -0.005287
21.209218 -0.005031
21.214219 -0.004847
21.219220 -0.004506
21.224221 -0.004157
21.229222 -0.003794
21.234223 -0.003704
21.239224 -0.003528
21.244225 -0.003181
21.249226 -0.003083
21.254227 -0.003177
21.259228 -0.003040
21.264229 -0.002665
21.269230 -0.002344
21.274231 -0.001917
21.279232 -0.001426
21.284233 -0.000600
21.289234 0.000296
21.294235 0.001040
21.299236 0.002090
21.304237 0.003194
21.309238 0.004195
21.314239 0.005289
21.319240 0.006374
21.324241 0.007280
21.329242 0.008178
21.334243 0.008935
21.339244 0.009480
21.344245 0.010140
21.349246 0.010441
21.354247 0.010388
21.359248 0.010353
21.364249 0.010200
21.369250 0.009796
21.374251 0.009027
21.379252 0.008176
21.384253 0.007382
21.389254 0.006514
21.394255 0.005500
21.399256 0.004616
21.404257 0.003990
21.409258 0.003321
21.414259 0.002827
21.419260 0.002499
21.424261 0.002367
21.429262 0.002408
21.434263 0.002226
21.439264 0.002017
21.444265 0.001953
21.449266 0.001686
21.454267 0.001178
21.459268 0.000782
21.464269 0.000286
21.469270 -0.000354
21.474271 -0.001059
21.479272 -0.001741
21.484273 -0.002110
21.489274 -0.002732
21.494275 -0.003336
21.499276 -0.003599
21.504277 -0.003726
21.509278 -0.003566
21.514279 -0.003478
21.519280 -0.003128
21.524281 -0.002410
21.529282 -0.001746
21.534283 -0.001146
21.539284 -0.000472
21.544285 0.000375
21.549286 0.001132
21.554287 0.001671
21.559288 0.002088
21.564289 0.002555
21.569290 0.002771
21.574291 0.002651
21.579292 0.002575
21.584293 0.002582
21.589294 0.002411
21.594295 0.002056
21.599296 0.001821
21.604297 0.001628
21.609298 0.001322
21.614299 0.000881
21.619300 0.000410
21.624301 -0.000010
21.629302 -0.000610
21.634303 -0.001418
21.639304 -0.002221
21.644305 -0.003007
21.649306 -0.003798
21.654307 -0.004627
21.659308 -0.005454
21.664309 -0.006003
21.669310 -0.006482
21.674311 -0.007040
21.679312 -0.007251
21.684313 -0.007151
21.689314 -0.007056
21.694315 -0.006892
21.699316 -0.006519
21.704317 -0.005901
21.709318 -0.005259
21.714319 -0.004698
21.719320 -0.003950
21.724321 -0.003082
21.729322 -0.002268
21.734323 -0.001525
21.739324 -0.000753
21.744325 0.000200
21.749326 0.001001
21.754327 0.001543
21.759328 0.001993
21.764329 0.002427
21.769330 0.002694
21.774331 0.002531
21.779332 0.002299
21.784333 0.001991
21.789334 0.001436
21.794335 0.000570
21.799336 -0.000418
21.804337 -0.001179
21.809338 -0.002055
21.814339 -0.003127
21.819340 -0.003860
21.824341 -0.004214
21.829342 -0.004545
21.834343 -0.004716
21.839344 -0.004665
21.844345 -0.004301
21.849346 -0.003793
21.854347 -0.003299
21.859348 -0.002705
21.864349 -0.002174
21.869350 -0.001663
21.874351 -0.001432
21.879352 -0.001198
21.884352 -0.000842
21.889353 -0.000761
21.894354 -0.000796
21.899355 -0.000726
21.904356 -0.000354
21.909357 -0.000154
21.914358 -0.000161
21.919359 0.000016
21.924360 0.000199
21.929361 0.000280
21.934362 0.000187
21.939363 0.000101
21.944364 0.000091
21.949365 0.000067
21.954366 -0.000194
21.959367 -0.000393
21.964368 -0.000150
21.969369 -0.000036
21.974370 -0.000046
21.979371 -0.000001
21.984372 0.000456
21.989373 0.000960
21.994374 0.001072
21.999375 0.001640
22.004376 0.002291
22.009377 0.002773
22.014378 0.003268
22.019379 0.003691
22.024380 0.004289
22.029381 0.004729
22.034382 0.004841
22.039383 0.004791
22.044384 0.004621
22.049385 0.004187
22.054386 0.003464
22.059387 0.002651
22.064388 0.001926
22.069389 0.001109
22.074390 0.000119
22.079391 -0.000550
22.084392 -0.000911
22.089393 -0.001168
22.094394 -0.001306
22.099395 -0.001265
22.104396 -0.000890
22.109397 -0.000349
22.114398 0.000140
22.119399 0.000849
22.124400 0.001779
22.129401 0.002602
22.134402 0.003309
22.139403 0.004065
22.144404 0.004914
22.149405 0.005666
22.154406 0.006079
22.159407 0.006378
22.164408 0.006657
22.169409 0.006620
22.174410 0.006399
22.179411 0.006243
22.184412 0.006093
22.189413 0.005707
22.194414 0.005218
22.199415 0.004863
22.204416 0.004531
22.209417 0.004086
22.214418 0.003525
22.219419 0.003046
22.224420 0.002745
22.229421 0.002385
22.234422 0.001896
22.239423 0.001624
22.244424 0.001516
22.249425 0.001455
22.254426 0.001381
22.259427 0.001249
22.264428 0.001303
22.269429 0.001269
22.274430 0.001160
22.279431 0.001105
22.284432 0.001111
22.289433 0.001201
22.294434 0.000971
22.299435 0.000820
22.304436 0.000799
22.309437 0.000529
22.314438 0.000196
22.319439 -0.000283
22.324440 -0.000695
22.329441 -0.001233
22.334442 -0.001992
22.339443 -0.002707
22.344444 -0.003455
22.349445 -0.004179
22.354446 -0.005115
22.359447 -0.006006
22.364448 -0.006475
22.369449 -0.006976
22.374450 -0.007545
22.379451 -0.007785
22.384452 -0.007786
22.389453 -0.007761
22.394454 -0.007743
22.399455 -0.007613
22.404456 -0.007376
22.409457 -0.007304
22.414458 -0.007184
22.419459 -0.007083
22.424460 -0.006980
22.429461 -0.006594
22.434462 -0.006410
22.439463 -0.006108
22.444464 -0.005538
22.449465 -0.005117
22.454466 -0.004664
22.459467 -0.004151
22.464468 -0.003631
22.469469 -0.003018
22.474470 -0.002583
22.479471 -0.002345
22.484472 -0.001855
22.489473 -0.001546
22.494474 -0.001495
22.499475 -0.001233
22.504476 -0.001032
22.509477 -0.001050
22.514478 -0.001192
22.519479 -0.001340
22.524480 -0.001444
22.529481 -0.001652
22.534482 -0.001913
22.539483 -0.002073
22.544484 -0.002032
22.549485 -0.001904
22.554486 -0.001824
22.559487 -0.001469
22.564488 -0.000746
22.569489 0.000043
22.574490 0.000848
22.579491 0.001578
22.584492 0.002484
22.589493 0.003407
22.594494 0.003934
22.599495 0.004501
22.604496 0.005145
22.609497 0.005728
22.614498 0.006207
22.619499 0.006629
22.624500 0.007262
22.629501 0.007786
22.634502 0.008024
22.639503 0.008335
22.644504 0.008915
22.649505 0.009381
22.654506 0.009577
22.659507 0.009778
22.664508 0.010020
22.669509 0.010057
22.674510 0.009809
22.679511 0.009465
22.684512 0.008961
22.689513 0.008262
22.694514 0.007493
22.699515 0.006583
22.704516 0.005660
22.709517 0.004578
22.714518 0.003309
22.719519 0.002210
22.724520 0.001274
22.729521 0.000367
22.734522 -0.000650
22.739523 -0.001496
22.744524 -0.002090
22.749525 -0.002761
22.754526 -0.003477
22.759527 -0.004057
22.764528 -0.004358
22.769529 -0.004722
22.774530 -0.005107
22.779531 -0.005257
22.784532 -0.005324
22.789533 -0.005331
22.794534 -0.005408
22.799535 -0.005310
22.804536 -0.005016
22.809537 -0.004976
22.814537 -0.004952
22.819538 -0.004767
22.824539 -0.004504
22.829540 -0.004406
22.834541 -0.004499
22.839542 -0.004323
22.844543 -0.004056
22.849544 -0.003917
22.854545 -0.003713
22.859546 -0.003461
22.864547 -0.003145
22.869548 -0.002753
22.874549 -0.002321
22.879550 -0.001773
22.884551 -0.001173
22.889552 -0.000484
22.894553 0.000141
22.899554 0.000870
22.904555 0.001832
22.909556 0.002510
22.914557 0.003141
22.919558 0.003719
22.924559 0.004194
22.929560 0.004560
22.934561 0.004534
22.939562 0.004561
22.944563 0.004466
22.949564 0.004057
22.954565 0.003580
22.959566 0.003118
22.964567 0.002643
22.969568 0.002048
22.974569 0.001313
22.979570 0.000549
22.984571 0.000148
22.989572 -0.000328
22.994573 -0.001005
22.999574 -0.001518
23.004575 -0.001964
23.009576 -0.002334
23.014577 -0.002928
23.019578 -0.003365
23.024579 -0.003496
23.029580 -0.003822
23.034581 -0.004144
23.039582 -0.004323
23.044583 -0.004263
23.049584 -0.003988
23.054585 -0.003857
23.059586 -0.003640
23.064587 -0.003230
23.069588 -0.002896
23.074589 -0.002661
23.079590 -0.002481
23.084591 -0.002177
23.089592 -0.001881
23.094593 -0.001758
23.099594 -0.001536
23.104595 -0.001087
23.109596 -0.000676
23.114597 -0.000619
23.119598 -0.000454
23.124599 -0.000038
23.129600 0.000068
23.134601 -0.000050
23.139602 -0.000239
23.144603 -0.000321
23.149604 -0.000536
23.154605 -0.001164
23.159606 -0.001665
23.164607 -0.001907
23.169608 -0.002241
23.174609 -0.002623
23.179610 -0.002731
23.184611 -0.002634
23.189612 -0.002397
23.194613 -0.002198
23.199614 -0.001742
23.204615 -0.001046
23.209616 -0.000445
23.214617 0.000145
23.219618 0.000748
23.224619 0.001579
23.229620 0.002344
23.234621 0.002856
23.239622 0.003401
23.244623 0.004038
23.249624 0.004389
23.254625 0.004551
23.259626 0.004670
23.264627 0.004564
23.269628 0.004443
23.274629 0.004083
23.279630 0.003752
23.284631 0.003531
23.289632 0.003183
23.294633 0.002743
23.299634 0.002389
23.304635 0.002292
23.309636 0.002064
23.314637 0.001780
23.319638 0.001579
23.324639 0.001502
23.329640 0.001494
23.334641 0.001363
23.339642 0.001273
23.344643 0.001234
23.349644 0.001226
23.354645 0.001101
23.359646 0.000994
23.364647 0.001013
23.369648 0.000972
23.374649 0.000885
23.379650 0.000763
23.384651 0.000807
23.389652 0.000932
23.394653 0.000963
23.399654 0.001003
23.404655 0.001105
23.409656 0.001140
23.414657 0.000913
23.419658 0.000718
23.424659 0.000570
23.429660 0.000235
23.434661 -0.000297
23.439662 -0.000787
23.444663 -0.001146
23.449664 -0.001637
23.454665 -0.002163
23.459666 -0.002646
23.464667 -0.002825
23.469668 -0.003010
23.474669 -0.003445
23.479670 -0.003623
23.484671 -0.003568
23.489672 -0.003567
23.494673 -0.003604
23.499674 -0.003419
23.504675 -0.003174
23.509676 -0.002736
23.514677 -0.002362
23.519678 -0.002002
23.524679 -0.001240
23.529680 -0.000616
23.534681 -0.000208
23.539682 0.000272
23.544683 0.000863
23.549684 0.001180
23.554685 0.001356
23.559686 0.001436
23.564687 0.001295
23.569688 0.001136
23.574689 0.000648
23.579690 0.000097
23.584691 -0.000396
23.589692 -0.000973
23.594693 -0.001500
23.599694 -0.002030
23.604695 -0.002373
23.609696 -0.002538
23.614697 -0.002680
23.619698 -0.002677
23.624699 -0.002490
23.629700 -0.002146
23.634701 -0.001805
23.639702 -0.001445
23.644703 -0.000943
23.649704 -0.000437
23.654705 -0.000076
23.659706 0.000265
23.664707 0.000769
23.669708 0.001244
23.674709 0.001564
23.679710 0.001962
23.684711 0.002402
23.689712 0.002659
23.694713 0.002800
23.699714 0.002940
23.704715 0.003132
23.709716 0.003281
23.714717 0.003104
23.719718 0.002974
23.724719 0.003154
23.729720 0.003235
23.734721 0.003107
23.739722 0.003100
23.744722 0.003332
23.749723 0.003319
23.754724 0.003185
23.759725 0.003226
23.764726 0.003226
23.769727 0.003106
23.774728 0.002832
23.779729 0.002547
23.784730 0.002339
23.789731 0.002190
23.794732 0.001869
23.799733 0.001586
23.804734 0.001556
23.809735 0.001478
23.814736 0.001262
23.819737 0.001073
23.824738 0.001198
23.829739 0.001284
23.834740 0.001101
23.839741 0.001067
23.844742 0.001077
23.849743 0.001032
23.854744 0.000849
23.859745 0.000608
23.864746 0.000506
23.869747 0.000109
23.874748 -0.000540
23.879749 -0.001006
23.884750 -0.001329
23.889751 -0.001780
23.894752 -0.002443
23.899753 -0.003006
23.904754 -0.003296
23.909755 -0.003657
23.914756 -0.004132
23.919757 -0.004572
23.924758 -0.004913
23.929759 -0.005107
23.934760 -0.005432
23.939761 -0.005684
23.944762 -0.005566
23.949763 -0.005349
23.954764 -0.005263
23.959765 -0.004986
23.964766 -0.004350
23.969767 -0.003743
23.974768 -0.003246
23.979769 -0.002735
23.984770 -0.002048
23.989771 -0.001490
23.994772 -0.001206
23.999773 -0.000883
24.004774 -0.000591
24.009775 -0.000466
24.014776 -0.000419
24.019777 -0.000445
24.024778 -0.000276
24.029779 -0.000042
24.034780 -0.000144
24.039781 -0.000179
24.044782 -0.000106
24.049783 -0.000042
24.054784 -0.000191
24.059785 -0.000455
24.064786 -0.000472
24.069787 -0.000714
24.074788 -0.000952
24.079789 -0.001116
24.084790 -0.001311
24.089791 -0.001378
24.094792 -0.001625
24.099793 -0.001688
24.104794 -0.001471
24.109795 -0.001301
24.114796 -0.001189
24.119797 -0.001006
24.124798 -0.000497
24.129799 -0.000087
24.134800 0.000122
24.139801 0.000408
24.144802 0.000717
24.149803 0.000976
24.154804 0.000987
24.159805 0.000996
24.164806 0.001072
24.169807 0.000963
24.174808 0.000787
24.179809 0.000578
24.184810 0.000444
24.189811 0.000269
24.194812 0.000060
24.199813 -0.000002
24.204814 0.000074
24.209815 0.000229
24.214816 0.000138
24.219817 0.000165
24.224818 0.000408
24.229819 0.000493
24.234820 0.000521
24.239821 0.000492
24.244822 0.000694
24.249823 0.000917
24.254824 0.000961
24.259825 0.001129
24.264826 0.001462
24.269827 0.002025
24.274828 0.002404
24.279829 0.002743
24.284830 0.003308
24.289831 0.003726
24.294832 0.003977
24.299833 0.004142
24.304834 0.004354
24.309835 0.004321
24.314836 0.003883
24.319837 0.003536
24.324838 0.003138
24.329839 0.002573
24.334840 0.002031
24.339841 0.001460
24.344842 0.001017
24.349843 0.000701
24.354844 0.000367
24.359845 0.000070
24.364846 -0.000004
24.369847 0.000076
24.374848 0.000034
24.379849 0.000071
24.384850 0.000152
24.389851 0.000107
24.394852 -0.000031
24.399853 -0.000093
24.404854 -0.000117
24.409855 -0.000279
24.414856 -0.000507
24.419857 -0.000725
24.424858 -0.000803
24.429859 -0.000914
24.434860 -0.001052
24.439861 -0.001172
24.444862 -0.001269
24.449863 -0.001122
24.454864 -0.001121
24.459865 -0.001240
24.464866 -0.001128
24.469867 -0.001072
24.474868 -0.001181
24.479869 -0.001266
24.484870 -0.001238
24.489871 -0.001232
24.494872 -0.001347
24.499873 -0.001440
24.504874 -0.001409
24.509875 -0.001392
24.514876 -0.001366
24.519877 -0.001173
24.524878 -0.000912
24.529879 -0.000567
24.534880 -0.000337
24.539881 -0.000134
24.544882 0.000333
24.549883 0.000644
24.554884 0.000777
24.559885 0.000858
24.564886 0.000962
24.569887 0.001216
24.574888 0.001258
24.579889 0.001282
24.584890 0.001545
24.589891 0.001717
24.594892 0.001732
24.599893 0.001824
24.604894 0.002121
24.609895 0.002269
24.614896 0.002183
24.619897 0.002113
24.624898 0.002083
24.629899 0.001884
24.634900 0.001418
24.639901 0.000948
24.644902 0.000625
24.649903 0.000265
24.654904 -0.000292
24.659905 -0.000746
24.664906 -0.001023
24.669907 -0.001293
24.674907 -0.001576
24.679908 -0.001774
24.684909 -0.001829
24.689910 -0.001841
24.694911 -0.001846
24.699912 -0.001920
24.704913 -0.001873
24.709914 -0.001665
24.714915 -0.001724
24.719916 -0.001745
24.724917 -0.001566
24.729918 -0.001556
24.734919 -0.001681
24.739920 -0.001802
24.744921 -0.001854
24.749922 -0.001965
24.754923 -0.002223
24.759924 -0.002330
24.764925 -0.002333
24.769926 -0.002485
24.774927 -0.002671
24.779928 -0.002702
24.784929 -0.002556
24.789930 -0.002425
24.794931 -0.002476
24.799932 -0.002408
24.804933 -0.002284
24.809934 -0.002196
24.814935 -0.002120
24.819936 -0.002132
24.824937 -0.001934
24.829938 -0.001723
24.834939 -0.001786
24.839940 -0.001811
24.844941 -0.001644
24.849942 -0.001471
24.854943 -0.001477
24.859944 -0.001510
24.864945 -0.001236
24.869946 -0.000897
24.874947 -0.000713
24.879948 -0.000379
24.884949 0.000164
24.889950 0.000757
24.894951 0.001255
24.899952 0.001768
24.904953 0.002406
24.909954 0.002987
24.914955 0.003386
24.919956 0.003716
24.924957 0.004023
24.929958 0.004245
24.934959 0.004233
24.939960 0.004164
24.944961 0.004262
24.949962 0.004083
24.954963 0.003813
24.959964 0.003672
24.964965 0.003486
24.969966 0.003214
24.974967 0.002654
24.979968 0.002324
24.984969 0.002108
24.989970 0.001729
24.994971 0.001341
24.999972 0.000870
25.004973 0.000684
25.009974 0.000512
25.014975 0.000227
25.019976 0.000052
25.024977 0.000092
25.029978 0.000252
25.034979 0.000254
25.039980 0.000380
25.044981 0.000545
25.049982 0.000728
25.054983 0.000791
25.059984 0.000731
25.064985 0.000917
25.069986 0.000942
25.074987 0.000840
25.079988 0.000766
25.084989 0.000762
25.089990 0.000708
25.094991 0.000401
25.099992 0.000174
25.104993 0.000032
25.109994 -0.000094
25.114995 -0.000364
25.119996 -0.000527
25.124997 -0.000425
25.129998 -0.000446
25.134999 -0.000599
25.140000 -0.000628
