0.000000 0.000000
0.005001 -0.000348
0.010002 -0.000448
0.015003 0.000210
0.020004 0.000452
0.025005 0.000386
0.030006 -0.000294
0.035007 -0.000055
0.040008 0.000582
0.045009 -0.000096
0.050010 -0.000191
0.055011 0.000174
0.060012 0.000221
0.065013 0.000144
0.070014 -0.000240
0.075015 0.000031
0.080016 0.000445
0.085017 -0.000016
0.090018 -0.000480
0.095019 0.000084
0.100020 0.000354
0.105021 -0.000144
0.110022 -0.000097
0.115023 0.000061
0.120024 0.000152
0.125025 -0.000114
0.130026 -0.000377
0.135027 -0.000177
0.140028 0.000328
0.145029 0.000191
0.150030 -0.000693
0.155031 -0.000294
0.160032 0.000276
0.165033 0.000112
0.170034 -0.000544
0.175035 -0.000469
0.180036 0.000511
0.185037 0.000146
0.190038 -0.000179
0.195039 0.000048
0.200040 0.000225
0.205041 0.000112
0.210042 -0.000362
0.215043 0.000059
0.220044 0.000559
0.225045 -0.000155
0.230046 -0.000681
0.235047 -0.000303
0.240049 0.000114
0.245050 -0.000010
0.250051 -0.000540
0.255052 -0.000025
0.260053 0.000428
0.265054 -0.000083
0.270055 -0.000350
0.275056 -0.000031
0.280057 0.000338
0.285058 -0.000008
0.290059 -0.000085
0.295060 0.000086
0.300061 0.000257
0.305062 0.000187
0.310063 -0.000050
0.315064 0.000245
0.320065 0.000246
0.325066 -0.000040
0.330067 -0.000495
0.335068 -0.000074
0.340069 0.000627
0.345070 0.000089
0.350071 -0.000411
0.355072 -0.000059
0.360073 0.000437
0.365074 -0.000084
0.370075 -0.000405
0.375076 -0.000023
0.380077 0.000362
0.385078 0.000046
0.390079 -0.000276
0.395080 0.000570
0.400081 0.000345
0.405082 -0.000249
0.410083 -0.000093
0.415084 -0.000054
0.420085 0.000409
0.425086 -0.000077
0.430087 -0.000704
0.435088 0.000256
0.440089 0.000512
0.445090 -0.000292
0.450091 -0.000401
0.455092 0.000326
0.460093 0.000478
0.465094 -0.000048
0.470095 -0.000120
0.475096 0.000138
0.480097 0.000520
0.485098 -0.000168
0.490099 -0.000371
0.495100 0.000189
0.500101 0.000200
0.505102 0.000223
0.510103 -0.000056
0.515104 0.000360
0.520105 0.000426
0.525106 0.000001
0.530107 -0.000133
0.535108 -0.000251
0.540109 0.000054
0.545110 -0.000108
0.550111 -0.000253
0.555112 0.000119
0.560113 0.000321
0.565114 -0.000061
0.570115 -0.000065
0.575116 0.000046
0.580117 -0.000127
0.585118 0.000087
0.590119 0.000109
0.595120 0.000425
0.600121 0.000600
0.605122 0.000153
0.610123 -0.000125
0.615124 -0.000172
0.620125 0.000162
0.625126 -0.000089
0.630127 0.000000
0.635128 0.000455
0.640129 0.000332
0.645130 -0.000050
0.650131 -0.000379
0.655132 0.000279
0.660133 0.000437
0.665134 -0.000409
0.670135 -0.000403
0.675136 0.000121
0.680137 0.000603
0.685138 0.000239
0.690139 -0.000285
0.695140 0.000422
0.700141 0.000512
0.705142 -0.000131
0.710143 -0.000170
0.715145 0.000004
0.720146 0.000330
0.725147 0.000209
0.730148 -0.000133
0.735149 0.000033
0.740150 0.000238
0.745151 0.000027
0.750152 -0.000345
0.755153 0.000104
0.760154 0.000336
0.765155 -0.000371
0.770156 -0.000349
0.775157 -0.000108
0.780158 0.000332
0.785159 0.000134
0.790160 -0.000475
0.795161 0.000076
0.800162 0.000313
0.805163 -0.000119
0.810164 -0.000067
0.815165 0.000581
0.820166 0.000493
0.825167 0.000025
0.830168 -0.000077
0.835169 -0.000108
0.840170 0.000093
0.845171 -0.000012
0.850172 -0.000460
0.855173 -0.000050
0.860174 0.000478
0.865175 0.000095
0.870176 -0.000186
0.875177 0.000268
0.880178 0.000401
0.885179 -0.000142
0.890180 -0.000223
0.895181 0.000076
0.900182 0.000144
0.905183 -0.000029
0.910184 -0.000090
0.915185 0.000358
0.920186 0.000411
0.925187 -0.000289
0.930188 -0.000174
0.935189 0.000359
0.940190 0.000364
0.945191 0.000241
0.950192 -0.000116
0.955193 0.000144
0.960194 0.000471
0.965195 -0.000405
0.970196 -0.000296
0.975197 0.000435
0.980198 0.000320
0.985199 -0.000268
0.990200 -0.000165
0.995201 0.000792
1.000202 0.000484
1.005203 -0.000180
1.010204 -0.000026
1.015205 -0.000046
1.020206 -0.000069
1.025207 -0.000014
1.030208 -0.000319
1.035209 -0.000003
1.040210 0.000636
1.045211 -0.000013
1.050212 -0.000234
1.055213 -0.000119
1.060214 0.000181
1.065215 0.000347
1.070216 -0.000123
1.075217 0.000369
1.080218 0.000615
1.085219 -0.000003
1.090220 -0.000103
1.095221 0.000136
1.100222 0.000311
1.105223 0.000102
1.110224 -0.000324
1.115225 -0.000073
1.120226 0.000358
1.125227 0.000014
1.130228 -0.000291
1.135229 0.000014
1.140230 0.000452
1.145231 0.000162
1.150232 -0.000329
1.155233 0.000040
1.160234 0.000512
1.165235 -0.000135
1.170236 -0.000404
1.175237 0.000341
1.180238 0.000483
1.185239 0.000004
1.190241 -0.000216
1.195242 0.000002
1.200243 0.000483
1.205244 -0.000052
1.210245 -0.000541
1.215246 0.000228
1.220247 0.000420
1.225248 0.000091
1.230249 -0.000105
1.235250 0.000175
1.240251 0.000493
1.245252 0.000319
1.250253 0.000014
1.255254 -0.000007
1.260255 0.000514
1.265256 0.000162
1.270257 -0.000103
1.275258 0.000356
1.280259 0.000347
1.285260 0.000048
1.290261 -0.000351
1.295262 -0.000144
1.300263 0.000676
1.305264 0.000010
1.310265 -0.000186
1.315266 0.000566
1.320267 0.000360
1.325268 0.000176
1.330269 -0.000161
1.335270 0.000065
1.340271 0.000642
1.345272 -0.000056
1.350273 -0.000428
1.355274 0.000211
1.360275 0.000302
1.365276 -0.000458
1.370277 -0.000826
1.375278 0.000164
1.380279 0.000803
1.385280 -0.000163
1.390281 -0.000267
1.395282 0.000284
1.400283 0.000219
1.405284 -0.000075
1.410285 -0.000533
1.415286 -0.000277
1.420287 0.000333
1.425288 0.000096
1.430289 -0.000477
1.435290 0.000055
1.440291 0.000453
1.445292 -0.000168
1.450293 -0.000124
1.455294 0.000220
1.460295 0.000416
1.465296 0.000090
1.470297 -0.000372
1.475298 0.000132
1.480299 0.000307
1.485300 -0.000244
1.490301 -0.000297
1.495302 0.000038
1.500303 0.000025
1.505304 -0.000093
1.510305 -0.000111
1.515306 0.000252
1.520307 0.000320
1.525308 -0.000216
1.530309 -0.000171
1.535310 -0.000082
1.540311 0.000422
1.545312 -0.000345
1.550313 -0.000826
1.555314 0.000512
1.560315 0.000209
1.565316 0.000023
1.570317 0.000008
1.575318 -0.000120
1.580319 0.000170
1.585320 -0.000090
1.590321 -0.000286
1.595322 -0.000015
1.600323 0.000271
1.605324 0.000014
1.610325 -0.000533
1.615326 -0.000135
1.620327 0.000754
1.625328 -0.000075
1.630329 -0.000398
1.635330 0.000284
1.640331 0.000147
1.645332 -0.000199
1.650333 -0.000426
1.655334 0.000019
1.660335 0.000267
1.665336 0.000040
1.670338 -0.000045
1.675339 -0.000009
1.680340 0.000012
1.685341 0.000045
1.690342 -0.000131
1.695343 0.000002
1.700344 0.000500
1.705345 0.000126
1.710346 -0.000353
1.715347 0.000004
1.720348 0.000408
1.725349 -0.000272
1.730350 -0.000446
1.735351 0.000335
1.740352 0.000485
1.745353 0.000068
1.750354 -0.000511
1.755355 -0.000266
1.760356 0.000373
1.765357 -0.000137
1.770358 -0.000182
1.775359 0.000314
1.780360 0.000282
1.785361 0.000350
1.790362 -0.000327
1.795363 -0.000193
1.800364 0.000280
1.805365 -0.000218
1.810366 0.000028
1.815367 0.000346
1.820368 0.000561
1.825369 0.000466
1.830370 -0.000009
1.835371 0.000058
1.840372 0.000639
1.845373 0.000128
1.850374 -0.000385
1.855375 0.000096
1.860376 0.000021
1.865377 -0.000203
1.870378 -0.000323
1.875379 0.000282
1.880380 0.000461
1.885381 -0.000210
1.890382 -0.000400
1.895383 -0.000050
1.900384 0.000497
1.905385 -0.000219
1.910386 -0.000342
1.915387 0.000139
1.920388 0.000277
1.925389 -0.000028
1.930390 -0.000819
1.935391 0.000002
1.940392 0.000590
1.945393 0.000004
1.950394 -0.000368
1.955395 0.000237
1.960396 0.000825
1.965397 0.000423
1.970398 -0.000152
1.975399 -0.000141
1.980400 0.000200
1.985401 0.000034
1.990402 0.000010
1.995403 -0.000225
2.000404 0.000041
2.005405 0.000312
2.010406 -0.000293
2.015407 0.000104
2.020408 0.000572
2.025409 0.000032
2.030410 0.000094
2.035411 0.000370
2.040412 0.000091
2.045413 -0.000319
2.050414 -0.000474
2.055415 0.000075
2.060416 -0.000052
2.065417 -0.000569
2.070418 -0.000344
2.075419 0.000536
2.080420 0.000400
2.085421 -0.000381
2.090422 -0.000173
2.095423 0.000320
2.100424 0.000733
2.105425 0.000036
2.110426 -0.000419
2.115427 0.000294
2.120428 0.000568
2.125429 0.000389
2.130430 -0.000231
2.135431 -0.000165
2.140432 0.000482
2.145434 0.000017
2.150435 -0.000519
2.155436 -0.000038
2.160437 0.000472
2.165438 0.000192
2.170439 -0.000124
2.175440 0.000182
2.180441 0.000552
2.185442 -0.000028
2.190443 -0.000495
2.195444 -0.000081
2.200445 0.000090
2.205446 0.000006
2.210447 -0.000423
2.215448 -0.000054
2.220449 0.000525
2.225450 0.000075
2.230451 -0.000336
2.235452 -0.000054
2.240453 0.000017
2.245454 -0.000461
2.250455 -0.000218
2.255456 0.000248
2.260457 0.000324
2.265458 -0.000004
2.270459 -0.000314
2.275460 0.000203
2.280461 0.000237
2.285462 -0.000084
2.290463 -0.000023
2.295464 0.000194
2.300465 0.000389
2.305466 -0.000293
2.310467 -0.000244
2.315468 0.000231
2.320469 0.000004
2.325470 -0.000130
2.330471 -0.000401
2.335472 -0.000092
2.340473 0.000459
2.345474 0.000131
2.350475 -0.000254
2.355476 -0.000139
2.360477 0.000275
2.365478 -0.000201
2.370479 -0.000470
2.375480 0.000207
2.380481 0.000068
2.385482 -0.000310
2.390483 -0.000151
2.395484 -0.000034
2.400485 0.000130
2.405486 -0.000265
2.410487 -0.000568
2.415488 0.000275
2.420489 0.000684
2.425490 0.000068
2.430491 -0.000417
2.435492 -0.000146
2.440493 0.000228
2.445494 -0.000041
2.450495 -0.000276
2.455496 0.000278
2.460497 0.000483
2.465498 -0.000224
2.470499 -0.000277
2.475500 0.000135
2.480501 0.000418
2.485502 0.000224
2.490503 -0.000667
2.495504 -0.000037
2.500505 0.000656
2.505506 -0.000017
2.510507 -0.000032
2.515508 0.000017
2.520509 0.000190
2.525510 0.000075
2.530511 -0.000466
2.535512 0.000113
2.540513 0.000359
2.545514 -0.000419
2.550515 -0.000558
2.555516 0.000246
2.560517 0.000528
2.565518 -0.000256
2.570519 -0.000436
2.575520 0.000355
2.580521 0.000371
2.585522 -0.000206
2.590523 -0.000502
2.595524 -0.000094
2.600525 0.000415
2.605526 -0.000190
2.610527 -0.000600
2.615528 0.000086
2.620530 0.000468
2.625531 -0.000192
2.630532 -0.000502
2.635533 0.000159
2.640534 0.000451
2.645535 -0.000205
2.650536 -0.000638
2.655537 0.000184
2.660538 0.000778
2.665539 0.000052
2.670540 -0.000511
2.675541 0.000054
2.680542 0.000064
2.685543 -0.000393
2.690544 -0.000286
2.695545 0.000222
2.700546 0.000417
2.705547 -0.000152
2.710548 0.000080
2.715549 0.000098
2.720550 -0.000101
2.725551 -0.000191
2.730552 -0.000457
2.735553 0.000547
2.740554 0.000697
2.745555 0.000058
2.750556 0.000092
2.755557 0.000207
2.760558 0.000393
2.765559 -0.000389
2.770560 -0.000442
2.775561 0.000132
2.780562 -0.000005
2.785563 0.000073
2.790564 -0.000087
2.795565 0.000344
2.800566 0.000613
2.805567 -0.000498
2.810568 -0.000500
2.815569 0.000246
2.820570 0.000329
2.825571 0.000167
2.830572 -0.000040
2.835573 0.000041
2.840574 0.000383
2.845575 -0.000012
2.850576 -0.000449
2.855577 0.000186
2.860578 0.000357
2.865579 0.000013
2.870580 -0.000286
2.875581 -0.000194
2.880582 0.000585
2.885583 0.000192
2.890584 -0.000085
2.895585 0.000301
2.900586 0.000223
2.905587 -0.000237
2.910588 -0.000355
2.915589 0.000221
2.920590 0.000291
2.925591 -0.000062
2.930592 -0.000226
2.935593 0.000103
2.940594 0.000378
2.945595 -0.000147
2.950596 -0.000166
2.955597 -0.000002
2.960598 0.000019
2.965599 -0.000256
2.970600 -0.000500
2.975601 0.000458
2.980602 0.000314
2.985603 -0.000513
2.990604 -0.000132
2.995605 0.000385
3.000606 0.000810
3.005607 0.000167
3.010608 -0.000555
3.015609 0.000545
3.020610 0.000492
3.025611 -0.000404
3.030612 -0.000078
3.035613 0.000188
3.040614 0.000669
3.045615 0.000460
3.050616 -0.000389
3.055617 0.000102
3.060618 0.000643
3.065619 0.000139
3.070620 -0.000299
3.075621 0.000017
3.080622 0.000562
3.085623 0.000050
3.090624 -0.000312
3.095626 0.000466
3.100627 0.000661
3.105628 0.000109
3.110629 -0.000140
3.115630 0.000101
3.120631 0.000539
3.125632 -0.000006
3.130633 -0.000594
3.135634 -0.000017
3.140635 0.000021
3.145636 -0.000425
3.150637 -0.000506
3.155638 0.000216
3.160639 0.000718
3.165640 -0.000010
3.170641 -0.000320
3.175642 -0.000055
3.180643 0.000353
3.185644 0.000197
3.190645 -0.000198
3.195646 0.000167
3.200647 0.000393
3.205648 -0.000013
3.210649 -0.000502
3.215650 -0.000318
3.220651 0.000466
3.225652 0.000257
3.230653 -0.000555
3.235654 0.000094
3.240655 0.000538
3.245656 0.000083
3.250657 -0.000187
3.255658 -0.000004
3.260659 0.000654
3.265660 0.000443
3.270661 -0.000243
3.275662 -0.000252
3.280663 0.000145
3.285664 -0.000029
3.290665 -0.000183
3.295666 0.000268
3.300667 0.000299
3.305668 0.000007
3.310669 -0.000238
3.315670 0.000017
3.320671 0.000310
3.325672 -0.000226
3.330673 -0.000442
3.335674 0.000065
3.340675 0.000451
3.345676 0.000045
3.350677 -0.000346
3.355678 0.000116
3.360679 0.000257
3.365680 -0.000160
3.370681 -0.000468
3.375682 0.000090
3.380683 0.000297
3.385684 -0.000246
3.390685 -0.000474
3.395686 -0.000117
3.400687 0.000391
3.405688 -0.000410
3.410689 -0.000466
3.415690 0.000231
3.420691 0.000266
3.425692 0.000193
3.430693 -0.000132
3.435694 0.000276
3.440695 0.000327
3.445696 -0.000211
3.450697 -0.000123
3.455698 0.000353
3.460699 0.000411
3.465700 -0.000115
3.470701 -0.000313
3.475702 0.000202
3.480703 0.000286
3.485704 -0.000267
3.490705 -0.000352
3.495706 -0.000166
3.500707 0.000202
3.505708 0.000159
3.510709 0.000059
3.515710 0.000554
3.520711 0.000560
3.525712 -0.000187
3.530713 -0.000254
3.535714 0.000064
3.540715 -0.000137
3.545716 -0.000226
3.550717 -0.000138
3.555718 0.000360
3.560719 0.000633
3.565720 0.000013
3.570722 -0.000241
3.575723 -0.000077
3.580724 0.000263
3.585725 0.000052
3.590726 -0.000450
3.595727 0.000403
3.600728 0.000522
3.605729 -0.000341
3.610730 0.000112
3.615731 0.000531
3.620732 0.000340
3.625733 0.000255
3.630734 0.000170
3.635735 0.000295
3.640736 0.000381
3.645737 -0.000151
3.650738 -0.000356
3.655739 0.000234
3.660740 0.000522
3.665741 0.000125
3.670742 -0.000155
3.675743 0.000169
3.680744 0.000443
3.685745 -0.000072
3.690746 -0.000303
3.695747 0.000169
3.700748 0.000124
3.705749 -0.000134
3.710750 -0.000052
3.715751 0.000214
3.720752 0.000300
3.725753 -0.000192
3.730754 -0.000416
3.735755 0.000007
3.740756 0.000131
3.745757 -0.000055
3.750758 -0.000318
3.755759 0.000238
3.760760 0.000612
3.765761 -0.000034
3.770762 -0.000130
3.775763 0.000260
3.780764 0.000599
3.785765 0.000105
3.790766 -0.000320
3.795767 0.000204
3.800768 0.000392
3.805769 -0.000110
3.810770 -0.000375
3.815771 0.000189
3.820772 0.000142
3.825773 -0.000508
3.830774 -0.000687
3.835775 0.000118
3.840776 0.000593
3.845777 -0.000288
3.850778 -0.000224
3.855779 0.000018
3.860780 -0.000000
3.865781 0.000044
3.870782 -0.000435
3.875783 -0.000066
3.880784 0.000300
3.885785 0.000086
3.890786 0.000161
3.895787 0.000338
3.900788 0.000413
3.905789 -0.000225
3.910790 -0.000663
3.915791 0.000270
3.920792 0.000214
3.925793 -0.000170
3.930794 -0.000153
3.935795 -0.000006
3.940796 0.000582
3.945797 -0.000087
3.950798 -0.000505
3.955799 0.000182
3.960800 0.000341
3.965801 -0.000176
3.970802 -0.000469
3.975803 -0.000061
3.980804 0.000157
3.985805 -0.000226
3.990806 -0.000634
3.995807 0.000090
4.000808 0.000529
4.005809 -0.000262
4.010810 -0.000432
4.015811 0.000192
4.020812 0.000325
4.025813 -0.000187
4.030814 -0.000414
4.035815 -0.000211
4.040816 0.000191
4.045818 0.000110
4.050819 -0.000225
4.055820 0.000123
4.060821 0.000462
4.065822 -0.000001
4.070823 -0.000371
4.075824 0.000099
4.080825 0.000216
4.085826 -0.000487
4.090827 -0.000390
4.095828 0.000116
4.100829 0.000420
4.105830 0.000176
4.110831 -0.000401
4.115832 -0.000019
4.120833 0.000251
4.125834 -0.000390
4.130835 -0.000461
4.135836 0.000166
4.140837 0.000505
4.145838 -0.000108
4.150839 -0.000589
4.155840 0.000063
4.160841 0.000445
4.165842 -0.000484
4.170843 -0.000566
4.175844 0.000409
4.180845 0.000409
4.185846 0.000046
4.190847 -0.000135
4.195848 0.000160
4.200849 0.000398
4.205850 -0.000443
4.210851 -0.000507
4.215852 0.000364
4.220853 0.000544
4.225854 0.000020
4.230855 -0.000132
4.235856 0.000392
4.240857 0.000414
4.245858 0.000059
4.250859 -0.000302
4.255860 -0.000241
4.260861 0.000221
4.265862 -0.000054
4.270863 -0.000161
4.275864 0.000116
4.280865 0.000150
4.285866 -0.000168
4.290867 -0.000509
4.295868 -0.000190
4.300869 0.000169
4.305870 -0.000253
4.310871 -0.000384
4.315872 0.000229
4.320873 0.000266
4.325874 -0.000157
4.330875 -0.000430
4.335876 0.000168
4.340877 0.000251
4.345878 -0.000356
4.350879 -0.000392
4.355880 -0.000138
4.360881 0.000351
4.365882 -0.000027
4.370883 -0.000334
4.375884 0.000018
4.380885 0.000366
4.385886 -0.000070
4.390887 -0.000467
4.395888 0.000110
4.400889 -0.000108
4.405890 -0.000181
4.410891 -0.000448
4.415892 -0.000275
4.420893 0.000492
4.425894 -0.000467
4.430895 -0.000664
4.435896 0.000142
4.440897 0.000213
4.445898 -0.000381
4.450899 -0.000550
4.455900 0.000133
4.460901 0.000178
4.465902 -0.000332
4.470903 -0.000226
4.475904 0.000251
4.480905 0.000204
4.485906 0.000153
4.490907 -0.000153
4.495908 -0.000014
4.500909 0.000657
4.505910 -0.000157
4.510911 -0.000738
4.515912 -0.000039
4.520914 0.000061
4.525915 -0.000206
4.530916 -0.000144
4.535917 -0.000067
4.540918 0.000353
4.545919 0.000010
4.550920 -0.000813
4.555921 0.000027
4.560922 0.000411
4.565923 -0.000326
4.570924 -0.000381
4.575925 -0.000010
4.580926 0.000460
4.585927 -0.000044
4.590928 -0.000678
4.595929 -0.000422
4.600930 0.000176
4.605931 0.000206
4.610932 -0.000172
4.615933 0.000384
4.620934 0.000174
4.625935 -0.000249
4.630936 -0.000084
4.635937 -0.000223
4.640938 -0.000108
4.645939 -0.000320
4.650940 -0.000509
4.655941 0.000230
4.660942 0.000116
4.665943 -0.000694
4.670944 -0.000512
4.675945 -0.000163
4.680946 0.000108
4.685947 -0.000227
4.690948 -0.000616
4.695949 -0.000142
4.700950 0.000084
4.705951 -0.000358
4.710952 -0.000418
4.715953 0.000240
4.720954 -0.000059
4.725955 -0.000510
4.730956 -0.000283
4.735957 0.000072
4.740958 0.000165
4.745959 -0.000084
4.750960 -0.000413
4.755961 -0.000459
4.760962 0.000142
4.765963 0.000050
4.770964 -0.000221
4.775965 -0.000080
4.780966 -0.000205
4.785967 -0.000166
4.790968 -0.000458
4.795969 -0.000056
4.800970 0.000386
4.805971 -0.000264
4.810972 -0.000394
4.815973 0.000104
4.820974 0.000247
4.825975 0.000001
4.830976 -0.000191
4.835977 0.000147
4.840978 0.000689
4.845979 0.000114
4.850980 -0.000253
4.855981 0.000014
4.860982 0.000361
4.865983 -0.000266
4.870984 -0.001756
4.875985 -0.000848
4.880986 0.001136
4.885987 0.002251
4.890988 0.000868
4.895989 0.002542
4.900990 0.003779
4.905991 0.001034
4.910992 -0.004002
4.915993 -0.007554
4.920994 -0.000883
4.925995 0.000556
4.930996 0.005551
4.935997 0.010696
4.940998 0.001613
4.945999 -0.003359
4.951000 -0.009167
4.956001 -0.006574
4.961002 0.000653
4.966003 0.002243
4.971004 0.003975
4.976005 0.003226
4.981006 0.010019
4.986007 0.007554
4.991008 0.002447
4.996009 0.007263
5.001011 0.008635
5.006012 0.010092
5.011013 0.008976
5.016014 0.006071
5.021015 -0.014156
5.026016 -0.040523
5.031017 -0.036948
5.036018 -0.017298
5.041019 0.005262
5.046020 0.015147
5.051021 -0.005223
5.056022 -0.011372
5.061023 -0.001248
5.066024 0.000662
5.071025 0.009520
5.076026 0.004117
5.081027 -0.003756
5.086028 0.008422
5.091029 0.007024
5.096030 -0.008701
5.101031 -0.002978
5.106032 0.012957
5.111033 0.024198
5.116034 0.022129
5.121035 0.015388
5.126036 0.015936
5.131037 -0.011247
5.136038 -0.038601
5.141039 -0.040220
5.146040 -0.015044
5.151041 0.027657
5.156042 0.048473
5.161043 0.044346
5.166044 0.022852
5.171045 0.000548
5.176046 -0.015160
5.181047 -0.042160
5.186048 -0.072117
5.191049 -0.064083
5.196050 -0.035091
5.201051 -0.010496
5.206052 0.017513
5.211053 0.035088
5.216054 0.037937
5.221055 0.037469
5.226056 0.032057
5.231057 0.016994
5.236058 0.007856
5.241059 -0.008764
5.246060 -0.008408
5.251061 0.015658
5.256062 0.012398
5.261063 -0.003860
5.266064 -0.023991
5.271065 -0.024958
5.276066 -0.018197
5.281067 -0.023208
5.286068 0.006519
5.291069 0.031905
5.296070 0.037356
5.301071 0.028186
5.306072 -0.024854
5.311073 -0.058947
5.316074 -0.046644
5.321075 -0.026148
5.326076 -0.003758
5.331077 0.033516
5.336078 0.057540
5.341079 0.037418
5.346080 -0.000619
5.351081 -0.028657
5.356082 -0.024552
5.361083 -0.009535
5.366084 -0.016102
5.371085 -0.025589
5.376086 0.006701
5.381087 0.037952
5.386088 0.009534
5.391089 -0.013846
5.396090 -0.000655
5.401091 0.031945
5.406092 0.038374
5.411093 0.005151
5.416094 -0.019555
5.421095 -0.028709
5.426096 -0.014026
5.431097 0.001413
5.436098 0.007817
5.441099 0.007682
5.446100 -0.020048
5.451101 -0.037561
5.456102 -0.020322
5.461103 0.013315
5.466104 0.041168
5.471105 0.058482
5.476107 0.067692
5.481108 0.054953
5.486109 0.005650
5.491110 -0.064437
5.496111 -0.100811
5.501112 -0.091721
5.506113 -0.045898
5.511114 0.032017
5.516115 0.083597
5.521116 0.068772
5.526117 0.004221
5.531118 -0.058789
5.536119 -0.054124
5.541120 -0.008794
5.546121 0.014909
5.551122 0.023375
5.556123 0.026300
5.561124 0.027233
5.566125 0.018063
5.571126 0.003192
5.576127 -0.007277
5.581128 -0.029062
5.586129 -0.025456
5.591130 0.020584
5.596131 0.053177
5.601132 0.042595
5.606133 0.015841
5.611134 0.005269
5.616135 -0.008958
5.621136 -0.039373
5.626137 -0.055885
5.631138 -0.040265
5.636139 -0.019481
5.641140 -0.022610
5.646141 -0.014634
5.651142 0.021218
5.656143 0.037464
5.661144 0.003054
5.666145 -0.037258
5.671146 -0.030829
5.676147 -0.013796
5.681148 0.004268
5.686149 0.032908
5.691150 0.042079
5.696151 0.047534
5.701152 0.024773
5.706153 -0.023678
5.711154 -0.031574
5.716155 -0.008066
5.721156 0.017241
5.726157 0.002042
5.731158 -0.026997
5.736159 -0.018771
5.741160 -0.004891
5.746161 0.009650
5.751162 0.023922
5.756163 0.029884
5.761164 0.024829
5.766165 0.006551
5.771166 -0.007245
5.776167 -0.013599
5.781168 -0.036097
5.786169 -0.058969
5.791170 -0.054211
5.796171 -0.018276
5.801172 0.029760
5.806173 0.067573
5.811174 0.085271
5.816175 0.054464
5.821176 0.023597
5.826177 0.024654
5.831178 0.018325
5.836179 -0.008727
5.841180 -0.034321
5.846181 -0.046329
5.851182 -0.054599
5.856183 -0.036228
5.861184 -0.010449
5.866185 0.016573
5.871186 0.028467
5.876187 0.002650
5.881188 -0.017472
5.886189 -0.018002
5.891190 0.010323
5.896191 0.032482
5.901192 0.003446
5.906193 -0.046742
5.911194 -0.064637
5.916195 -0.061544
5.921196 -0.048656
5.926197 -0.004424
5.931198 0.023306
5.936199 0.011008
5.941200 -0.002904
5.946201 0.028746
5.951203 0.055533
5.956204 0.042580
5.961205 0.052910
5.966206 0.057726
5.971207 0.032842
5.976208 0.009394
5.981209 -0.017647
5.986210 -0.052144
5.991211 -0.055733
5.996212 -0.037067
6.001213 -0.026330
6.006214 -0.008470
6.011215 0.011462
6.016216 0.029034
6.021217 0.023404
6.026218 -0.005451
6.031219 -0.020089
6.036220 -0.019139
6.041221 -0.004862
6.046222 0.010176
6.051223 0.021208
6.056224 0.030572
6.061225 0.014478
6.066226 0.003411
6.071227 0.006951
6.076228 -0.011257
6.081229 -0.051488
6.086230 -0.085229
6.091231 -0.069581
6.096232 -0.015682
6.101233 0.044041
6.106234 0.082349
6.111235 0.087433
6.116236 0.076628
6.121237 0.051640
6.126238 0.017412
6.131239 -0.022859
6.136240 -0.052355
6.141241 -0.058725
6.146242 -0.057012
6.151243 -0.037281
6.156244 -0.007964
6.161245 0.004345
6.166246 0.016421
6.171247 0.025778
6.176248 0.025039
6.181249 0.034485
6.186250 0.037995
6.191251 0.029893
6.196252 0.010778
6.201253 -0.030370
6.206254 -0.067411
6.211255 -0.075427
6.216256 -0.048154
6.221257 -0.005882
6.226258 0.018779
6.231259 0.022727
6.236260 0.013291
6.241261 -0.000021
6.246262 -0.001282
6.251263 0.008442
6.256264 0.013006
6.261265 -0.008443
6.266266 -0.048756
6.271267 -0.062442
6.276268 -0.033745
6.281269 0.009008
6.286270 0.035500
6.291271 0.043853
6.296272 0.047495
6.301273 0.055864
6.306274 0.054098
6.311275 0.023677
6.316276 0.000722
6.321277 0.005479
6.326278 0.023330
6.331279 0.032282
6.336280 0.013672
6.341281 -0.008010
6.346282 -0.016474
6.351283 -0.021621
6.356284 -0.031015
6.361285 -0.031180
6.366286 -0.013111
6.371287 0.005144
6.376288 0.008206
6.381289 0.000646
6.386290 -0.011096
6.391291 -0.031359
6.396292 -0.043273
6.401293 -0.034923
6.406294 -0.006531
6.411295 0.016690
6.416296 0.011843
6.421297 -0.000883
6.426299 -0.017389
6.431300 -0.037691
6.436301 -0.043994
6.441302 -0.024080
6.446303 0.005675
6.451304 0.033417
6.456305 0.054011
6.461306 0.046840
6.466307 0.015384
6.471308 -0.007443
6.476309 -0.005261
6.481310 0.000933
6.486311 0.000892
6.491312 -0.004487
6.496313 -0.003148
6.501314 0.011497
6.506315 0.013564
6.511316 0.001100
6.516317 -0.019136
6.521318 -0.040503
6.526319 -0.037750
6.531320 -0.011726
6.536321 0.017297
6.541322 0.036720
6.546323 0.044257
6.551324 0.037083
6.556325 0.015584
6.561326 -0.003638
6.566327 -0.022582
6.571328 -0.037783
6.576329 -0.029734
6.581330 -0.007764
6.586331 0.013231
6.591332 0.026636
6.596333 0.025332
6.601334 0.007043
6.606335 -0.010569
6.611336 -0.013124
6.616337 -0.013172
6.621338 -0.007688
6.626339 0.003235
6.631340 0.010292
6.636341 0.011927
6.641342 0.005213
6.646343 -0.003684
6.651344 -0.013654
6.656345 -0.007550
6.661346 0.019838
6.666347 0.040998
6.671348 0.037781
6.676349 0.014472
6.681350 -0.006531
6.686351 -0.018548
6.691352 -0.021634
6.696353 -0.014547
6.701354 -0.007843
6.706355 -0.008903
6.711356 -0.013325
6.716357 -0.009935
6.721358 -0.006938
6.726359 -0.014037
6.731360 -0.024707
6.736361 -0.040937
6.741362 -0.053451
6.746363 -0.061025
6.751364 -0.067795
6.756365 -0.053048
6.761366 -0.018694
6.766367 0.020399
6.771368 0.046050
6.776369 0.046326
6.781370 0.034148
6.786371 0.021942
6.791372 0.019788
6.796373 0.023529
6.801374 0.031938
6.806375 0.042516
6.811376 0.037568
6.816377 0.018875
6.821378 0.005010
6.826379 0.002655
6.831380 0.008618
6.836381 0.017892
6.841382 0.017848
6.846383 0.010073
6.851384 0.001310
6.856385 -0.004232
6.861386 -0.005406
6.866387 -0.006662
6.871388 -0.002643
6.876389 0.003688
6.881390 0.005795
6.886391 0.000311
6.891392 -0.008318
6.896393 -0.018103
6.901395 -0.029578
6.906396 -0.028349
6.911397 -0.009419
6.916398 0.015273
6.921399 0.030799
6.926400 0.038559
6.931401 0.037610
6.936402 0.013865
6.941403 -0.030399
6.946404 -0.074085
6.951405 -0.091763
6.956406 -0.073255
6.961407 -0.033618
6.966408 0.010796
6.971409 0.056405
6.976410 0.090614
6.981411 0.112298
6.986412 0.136019
6.991413 0.163388
6.996414 0.189087
7.001415 0.196117
7.006416 0.177814
7.011417 0.142235
7.016418 0.083510
7.021419 0.000400
7.026420 -0.095328
7.031421 -0.193002
7.036422 -0.280505
7.041423 -0.350427
7.046424 -0.405749
7.051425 -0.446457
7.056426 -0.469370
7.061427 -0.476000
7.066428 -0.466090
7.071429 -0.433579
7.076430 -0.369440
7.081431 -0.277342
7.086432 -0.166247
7.091433 -0.036459
7.096434 0.086010
7.101435 0.178105
7.106436 0.249491
7.111437 0.301381
7.116438 0.335209
7.121439 0.351444
7.126440 0.350948
7.131441 0.344430
7.136442 0.332446
7.141443 0.327302
7.146444 0.335020
7.151445 0.342451
7.156446 0.344598
7.161447 0.331157
7.166448 0.295592
7.171449 0.254299
7.176450 0.229989
7.181451 0.220394
7.186452 0.214111
7.191453 0.211725
7.196454 0.201724
7.201455 0.168675
7.206456 0.120738
7.211457 0.073694
7.216458 0.025319
7.221459 -0.027608
7.226460 -0.088325
7.231461 -0.159113
7.236462 -0.229443
7.241463 -0.292563
7.246464 -0.333760
7.251465 -0.344640
7.256466 -0.332364
7.261467 -0.307848
7.266468 -0.277995
7.271469 -0.228618
7.276470 -0.161706
7.281471 -0.099889
7.286472 -0.050695
7.291473 -0.004179
7.296474 0.049266
7.301475 0.113146
7.306476 0.179427
7.311477 0.233734
7.316478 0.268350
7.321479 0.272366
7.326480 0.253779
7.331481 0.227358
7.336482 0.196316
7.341483 0.160287
7.346484 0.116528
7.351485 0.073113
7.356486 0.035867
7.361487 0.004955
7.366488 -0.027200
7.371489 -0.070618
7.376491 -0.109497
7.381492 -0.121044
7.386493 -0.109266
7.391494 -0.091205
7.396495 -0.082251
7.401496 -0.089861
7.406497 -0.117784
7.411498 -0.169564
7.416499 -0.235155
7.421500 -0.309788
7.426501 -0.382761
7.431502 -0.430569
7.436503 -0.444534
7.441504 -0.422281
7.446505 -0.371736
7.451506 -0.303295
7.456507 -0.227887
7.461508 -0.165329
7.466509 -0.115016
7.471510 -0.074039
7.476511 -0.039787
7.481512 -0.001071
7.486513 0.036812
7.491514 0.068567
7.496515 0.086420
7.501516 0.086259
7.506517 0.071190
7.511518 0.048136
7.516519 0.025527
7.521520 -0.003461
7.526521 -0.033876
7.531522 -0.050584
7.536523 -0.049457
7.541524 -0.029957
7.546525 0.018009
7.551526 0.095559
7.556527 0.190038
7.561528 0.281165
7.566529 0.347035
7.571530 0.382074
7.576531 0.379842
7.581532 0.347787
7.586533 0.302619
7.591534 0.267047
7.596535 0.267937
7.601536 0.295404
7.606537 0.324222
7.611538 0.339509
7.616539 0.331971
7.621540 0.295515
7.626541 0.228123
7.631542 0.141773
7.636543 0.057568
7.641544 -0.011944
7.646545 -0.061350
7.651546 -0.087811
7.656547 -0.091981
7.661548 -0.080132
7.666549 -0.061627
7.671550 -0.038578
7.676551 -0.015029
7.681552 -0.000235
7.686553 0.010766
7.691554 0.030251
7.696555 0.053592
7.701556 0.063319
7.706557 0.042035
7.711558 -0.012663
7.716559 -0.089116
7.721560 -0.177410
7.726561 -0.267981
7.731562 -0.347525
7.736563 -0.408927
7.741564 -0.448828
7.746565 -0.467325
7.751566 -0.473233
7.756567 -0.465299
7.761568 -0.439626
7.766569 -0.399747
7.771570 -0.345737
7.776571 -0.280556
7.781572 -0.215619
7.786573 -0.162099
7.791574 -0.121491
7.796575 -0.086771
7.801576 -0.055515
7.806577 -0.031225
7.811578 -0.012975
7.816579 -0.003222
7.821580 -0.000745
7.826581 0.002785
7.831582 0.016332
7.836583 0.047400
7.841584 0.087933
7.846585 0.127658
7.851586 0.160132
7.856588 0.183561
7.861589 0.199598
7.866590 0.206516
7.871591 0.215142
7.876592 0.236374
7.881593 0.266687
7.886594 0.296784
7.891595 0.318867
7.896596 0.328449
7.901597 0.323633
7.906598 0.309723
7.911599 0.290464
7.916600 0.268064
7.921601 0.242485
7.926602 0.203819
7.931603 0.146071
7.936604 0.069646
7.941605 -0.015262
7.946606 -0.085824
7.951607 -0.121891
7.956608 -0.117881
7.961609 -0.087003
7.966610 -0.047119
7.971611 -0.010426
7.976612 0.014275
7.981613 0.021869
7.986614 0.010033
7.991615 -0.015629
7.996616 -0.048138
8.001617 -0.079905
8.006618 -0.101355
8.011619 -0.112440
8.016620 -0.121141
8.021621 -0.139608
8.026622 -0.169811
8.031623 -0.199818
8.036624 -0.214495
8.041625 -0.199629
8.046626 -0.148909
8.051627 -0.069625
8.056628 0.014091
8.061629 0.076561
8.066630 0.102813
8.071631 0.091180
8.076632 0.056219
8.081633 0.015486
8.086634 -0.016330
8.091635 -0.028191
8.096636 -0.022660
8.101637 -0.011419
8.106638 -0.005317
8.111639 -0.013047
8.116640 -0.033403
8.121641 -0.056046
8.126642 -0.070073
8.131643 -0.064945
8.136644 -0.043083
8.141645 -0.016842
8.146646 0.004342
8.151647 0.014486
8.156648 0.014642
8.161649 0.006907
8.166650 -0.003683
8.171651 -0.009621
8.176652 -0.008669
8.181653 -0.003034
8.186654 0.001824
8.191655 0.000187
8.196656 -0.006775
8.201657 -0.012435
8.206658 -0.019088
8.211659 -0.029478
8.216660 -0.039145
8.221661 -0.040762
8.226662 -0.030555
8.231663 -0.011754
8.236664 0.009525
8.241665 0.021729
8.246666 0.022619
8.251667 0.018974
8.256668 0.013844
8.261669 0.011971
8.266670 0.015152
8.271671 0.018640
8.276672 0.017097
8.281673 0.007002
8.286674 -0.013020
8.291675 -0.037568
8.296676 -0.056431
8.301677 -0.060004
8.306678 -0.043553
8.311679 -0.008183
8.316680 0.038286
8.321681 0.080647
8.326682 0.106275
8.331684 0.109431
8.336685 0.092081
8.341686 0.063578
8.346687 0.037830
8.351688 0.028904
8.356689 0.041473
8.361690 0.071491
8.366691 0.109994
8.371692 0.145718
8.376693 0.172118
8.381694 0.185432
8.386695 0.184397
8.391696 0.174202
8.396697 0.158041
8.401698 0.135857
8.406699 0.107735
8.411700 0.074537
8.416701 0.038900
8.421702 0.001423
8.426703 -0.036446
8.431704 -0.067749
8.436705 -0.085175
8.441706 -0.089376
8.446707 -0.086446
8.451708 -0.083354
8.456709 -0.084894
8.461710 -0.094608
8.466711 -0.114680
8.471712 -0.140337
8.476713 -0.165689
8.481714 -0.185503
8.486715 -0.195572
8.491716 -0.195122
8.496717 -0.182661
8.501718 -0.157100
8.506719 -0.119652
8.511720 -0.073141
8.516721 -0.025603
8.521722 0.012548
8.526723 0.035109
8.531724 0.040378
8.536725 0.033526
8.541726 0.021476
8.546727 0.009963
8.551728 0.005264
8.556729 0.007342
8.561730 0.009598
8.566731 0.009419
8.571732 0.005954
8.576733 -0.002526
8.581734 -0.016428
8.586735 -0.038990
8.591736 -0.068572
8.596737 -0.099093
8.601738 -0.125862
8.606739 -0.143214
8.611740 -0.146945
8.616741 -0.136744
8.621742 -0.115378
8.626743 -0.089733
8.631744 -0.066882
8.636745 -0.052824
8.641746 -0.051215
8.646747 -0.056998
8.651748 -0.061240
8.656749 -0.057390
8.661750 -0.041721
8.666751 -0.015379
8.671752 0.019593
8.676753 0.059595
8.681754 0.097148
8.686755 0.130337
8.691756 0.162946
8.696757 0.198772
8.701758 0.240025
8.706759 0.281049
8.711760 0.316284
8.716761 0.340823
8.721762 0.348876
8.726763 0.341197
8.731764 0.322162
8.736765 0.297123
8.741766 0.266723
8.746767 0.230374
8.751768 0.189428
8.756769 0.143858
8.761770 0.095995
8.766771 0.048063
8.771772 0.005181
8.776773 -0.028160
8.781774 -0.053653
8.786775 -0.071536
8.791776 -0.082007
8.796777 -0.086126
8.801778 -0.086292
8.806780 -0.085857
8.811781 -0.089308
8.816782 -0.100530
8.821783 -0.121816
8.826784 -0.154052
8.831785 -0.190967
8.836786 -0.228235
8.841787 -0.266083
8.846788 -0.299128
8.851789 -0.320746
8.856790 -0.329800
8.861791 -0.325111
8.866792 -0.305123
8.871793 -0.268618
8.876794 -0.217866
8.881795 -0.164401
8.886796 -0.115332
8.891797 -0.073899
8.896798 -0.044925
8.901799 -0.029676
8.906800 -0.025922
8.911801 -0.026648
8.916802 -0.023581
8.921803 -0.014361
8.926804 -0.003486
8.931805 0.005843
8.936806 0.010044
8.941807 0.008277
8.946808 0.004720
8.951809 0.005473
8.956810 0.018546
8.961811 0.046176
8.966812 0.086915
8.971813 0.134863
8.976814 0.179616
8.981815 0.209520
8.986816 0.220043
8.991817 0.215483
8.996818 0.198790
9.001819 0.174738
9.006820 0.149721
9.011821 0.129670
9.016822 0.117483
9.021823 0.109457
9.026824 0.102714
9.031825 0.098334
9.036826 0.097122
9.041827 0.099795
9.046828 0.105600
9.051829 0.109213
9.056830 0.104430
9.061831 0.085693
9.066832 0.052420
9.071833 0.014241
9.076834 -0.018949
9.081835 -0.041760
9.086836 -0.051483
9.091837 -0.048510
9.096838 -0.035456
9.101839 -0.018748
9.106840 -0.000913
9.111841 0.016422
9.116842 0.027178
9.121843 0.025592
9.126844 0.008753
9.131845 -0.020965
9.136846 -0.056378
9.141847 -0.088844
9.146848 -0.112091
9.151849 -0.119607
9.156850 -0.109555
9.161851 -0.088076
9.166852 -0.059576
9.171853 -0.025980
9.176854 0.007009
9.181855 0.031434
9.186856 0.041832
9.191857 0.036396
9.196858 0.018150
9.201859 -0.010086
9.206860 -0.042809
9.211861 -0.071357
9.216862 -0.092929
9.221863 -0.106259
9.226864 -0.110881
9.231865 -0.107141
9.236866 -0.095704
9.241867 -0.082935
9.246868 -0.073677
9.251869 -0.067644
9.256870 -0.063920
9.261871 -0.060157
9.266872 -0.053721
9.271873 -0.042476
9.276874 -0.025930
9.281876 -0.007008
9.286877 0.012378
9.291878 0.033801
9.296879 0.056763
9.301880 0.077757
9.306881 0.094532
9.311882 0.106544
9.316883 0.114342
9.321884 0.114657
9.326885 0.104680
9.331886 0.085464
9.336887 0.056999
9.341888 0.022911
9.346889 -0.011628
9.351890 -0.041232
9.356891 -0.059896
9.361892 -0.067526
9.366893 -0.063665
9.371894 -0.048100
9.376895 -0.023822
9.381896 0.006345
9.386897 0.038603
9.391898 0.072200
9.396899 0.104875
9.401900 0.131666
9.406901 0.151197
9.411902 0.161089
9.416903 0.160424
9.421904 0.151561
9.426905 0.136853
9.431906 0.120007
9.436907 0.102507
9.441908 0.082962
9.446909 0.062053
9.451910 0.042913
9.456911 0.027747
9.461912 0.015938
9.466913 0.004591
9.471914 -0.008344
9.476915 -0.024548
9.481916 -0.048052
9.486917 -0.075343
9.491918 -0.097591
9.496919 -0.109263
9.501920 -0.106110
9.506921 -0.088979
9.511922 -0.062089
9.516923 -0.031358
9.521924 -0.005256
9.526925 0.009045
9.531926 0.009981
9.536927 -0.001143
9.541928 -0.023043
9.546929 -0.051583
9.551930 -0.081851
9.556931 -0.109215
9.561932 -0.130717
9.566933 -0.143854
9.571934 -0.145995
9.576935 -0.136809
9.581936 -0.118369
9.586937 -0.094621
9.591938 -0.070546
9.596939 -0.049623
9.601940 -0.033150
9.606941 -0.022472
9.611942 -0.016940
9.616943 -0.017528
9.621944 -0.025996
9.626945 -0.039933
9.631946 -0.052364
9.636947 -0.056129
9.641948 -0.050860
9.646949 -0.037110
9.651950 -0.016831
9.656951 0.004424
9.661952 0.021085
9.666953 0.028739
9.671954 0.027729
9.676955 0.020173
9.681956 0.008837
9.686957 -0.001251
9.691958 -0.007124
9.696959 -0.007771
9.701960 -0.004960
9.706961 -0.002665
9.711962 -0.001040
9.716963 -0.000829
9.721964 -0.001852
9.726965 -0.000288
9.731966 0.008089
9.736967 0.027667
9.741968 0.056810
9.746969 0.089438
9.751970 0.120920
9.756972 0.146201
9.761973 0.162208
9.766974 0.168366
9.771975 0.166233
9.776976 0.158957
9.781977 0.146838
9.786978 0.130315
9.791979 0.111207
9.796980 0.089029
9.801981 0.063149
9.806982 0.035905
9.811983 0.009898
9.816984 -0.012106
9.821985 -0.029046
9.826986 -0.040877
9.831987 -0.045570
9.836988 -0.043708
9.841989 -0.037019
9.846990 -0.027410
9.851991 -0.015578
9.856992 0.000255
9.861993 0.018661
9.866994 0.036588
9.871995 0.052554
9.876996 0.062545
9.881997 0.061627
9.886998 0.046372
9.891999 0.016797
9.897000 -0.022477
9.902001 -0.064642
9.907002 -0.101628
9.912003 -0.128169
9.917004 -0.143378
9.922005 -0.151805
9.927006 -0.156875
9.932007 -0.158869
9.937008 -0.156834
9.942009 -0.148846
9.947010 -0.135621
9.952011 -0.116951
9.957012 -0.094818
9.962013 -0.074333
9.967014 -0.057428
9.972015 -0.044923
9.977016 -0.036563
9.982017 -0.030474
9.987018 -0.026112
9.992019 -0.020731
9.997020 -0.012111
10.002021 -0.003999
10.007022 0.002597
10.012023 0.009720
10.017024 0.017539
10.022025 0.027610
10.027026 0.041610
10.032027 0.059614
10.037028 0.080938
10.042029 0.101194
10.047030 0.114885
10.052031 0.119182
10.057032 0.112918
10.062033 0.094948
10.067034 0.066519
10.072035 0.032968
10.077036 0.001620
10.082037 -0.021342
10.087038 -0.034366
10.092039 -0.036205
10.097040 -0.028069
10.102041 -0.014752
10.107042 0.002661
10.112043 0.023967
10.117044 0.047870
10.122045 0.070856
10.127046 0.088567
10.132047 0.098091
10.137048 0.096054
10.142049 0.081627
10.147050 0.058938
10.152051 0.034603
10.157052 0.014446
10.162053 0.000464
10.167054 -0.009040
10.172055 -0.014693
10.177056 -0.017701
10.182057 -0.020667
10.187058 -0.022969
10.192059 -0.024106
10.197060 -0.024013
10.202061 -0.023309
10.207062 -0.024121
10.212063 -0.026296
10.217064 -0.030958
10.222065 -0.039285
10.227066 -0.048014
10.232068 -0.054139
10.237069 -0.055327
10.242070 -0.051291
10.247071 -0.043502
10.252072 -0.033022
10.257073 -0.021596
10.262074 -0.011713
10.267075 -0.006685
10.272076 -0.004344
10.277077 -0.003064
10.282078 -0.002454
10.287079 0.001154
10.292080 0.009366
10.297081 0.023464
10.302082 0.040563
10.307083 0.056779
10.312084 0.069261
10.317085 0.074368
10.322086 0.070626
10.327087 0.057132
10.332088 0.036230
10.337089 0.011472
10.342090 -0.013880
10.347091 -0.036314
10.352092 -0.055792
10.357093 -0.072832
10.362094 -0.088943
10.367095 -0.104223
10.372096 -0.116207
10.377097 -0.123390
10.382098 -0.125072
10.387099 -0.120712
10.392100 -0.108954
10.397101 -0.091493
10.402102 -0.071828
10.407103 -0.054472
10.412104 -0.040751
10.417105 -0.029918
10.422106 -0.025282
10.427107 -0.026102
10.432108 -0.031068
10.437109 -0.039051
10.442110 -0.048718
10.447111 -0.058897
10.452112 -0.066329
10.457113 -0.070093
10.462114 -0.070842
10.467115 -0.068708
10.472116 -0.061836
10.477117 -0.048886
10.482118 -0.030603
10.487119 -0.007491
10.492120 0.021040
10.497121 0.053510
10.502122 0.087384
10.507123 0.121301
10.512124 0.153036
10.517125 0.182831
10.522126 0.208441
10.527127 0.228445
10.532128 0.245586
10.537129 0.257253
10.542130 0.259091
10.547131 0.251385
10.552132 0.234067
10.557133 0.206796
10.562134 0.171191
10.567135 0.130162
10.572136 0.089567
10.577137 0.051883
10.582138 0.018770
10.587139 -0.005916
10.592140 -0.022724
10.597141 -0.032821
10.602142 -0.038365
10.607143 -0.042806
10.612144 -0.046066
10.617145 -0.049894
10.622146 -0.055382
10.627147 -0.059462
10.632148 -0.061313
10.637149 -0.058557
10.642150 -0.051362
10.647151 -0.044225
10.652152 -0.036744
10.657153 -0.029228
10.662154 -0.024230
10.667155 -0.020562
10.672156 -0.017482
10.677157 -0.015450
10.682158 -0.015122
10.687159 -0.018190
10.692160 -0.022212
10.697161 -0.025665
10.702162 -0.028705
10.707164 -0.029866
10.712165 -0.027744
10.717166 -0.022162
10.722167 -0.016287
10.727168 -0.011687
10.732169 -0.009825
10.737170 -0.011841
10.742171 -0.018082
10.747172 -0.028136
10.752173 -0.038825
10.757174 -0.049363
10.762175 -0.061075
10.767176 -0.073669
10.772177 -0.084311
10.777178 -0.089761
10.782179 -0.090072
10.787180 -0.087291
10.792181 -0.081177
10.797182 -0.073119
10.802183 -0.066348
10.807184 -0.061074
10.812185 -0.055117
10.817186 -0.047077
10.822187 -0.037181
10.827188 -0.025596
10.832189 -0.014026
10.837190 -0.004553
10.842191 0.001389
10.847192 0.003616
10.852193 0.005715
10.857194 0.009686
10.862195 0.013701
10.867196 0.018314
10.872197 0.024954
10.877198 0.032037
10.882199 0.037526
10.887200 0.040753
10.892201 0.042069
10.897202 0.041548
10.902203 0.038021
10.907204 0.030799
10.912205 0.021566
10.917206 0.010822
10.922207 -0.002611
10.927208 -0.018684
10.932209 -0.034920
10.937210 -0.048660
10.942211 -0.058609
10.947212 -0.062057
10.952213 -0.056987
10.957214 -0.045051
10.962215 -0.028298
10.967216 -0.008548
10.972217 0.012415
10.977218 0.033068
10.982219 0.050206
10.987220 0.062753
10.992221 0.071189
10.997222 0.076738
11.002223 0.080043
11.007224 0.082278
11.012225 0.086026
11.017226 0.090342
11.022227 0.094806
11.027228 0.098268
11.032229 0.100247
11.037230 0.101001
11.042231 0.098176
11.047232 0.090767
11.052233 0.079086
11.057234 0.063536
11.062235 0.043097
11.067236 0.018994
11.072237 -0.005255
11.077238 -0.026902
11.082239 -0.044538
11.087240 -0.056887
11.092241 -0.061443
11.097242 -0.059165
11.102243 -0.052606
11.107244 -0.045047
11.112245 -0.039940
11.117246 -0.039074
11.122247 -0.043590
11.127248 -0.052236
11.132249 -0.062271
11.137250 -0.072095
11.142251 -0.081590
11.147252 -0.090293
11.152253 -0.097537
11.157254 -0.101242
11.162255 -0.100123
11.167256 -0.094112
11.172257 -0.080910
11.177258 -0.061275
11.182259 -0.037783
11.187261 -0.012742
11.192262 0.009985
11.197263 0.028758
11.202264 0.041887
11.207265 0.049097
11.212266 0.053174
11.217267 0.055795
11.222268 0.057605
11.227269 0.059214
11.232270 0.061459
11.237271 0.064054
11.242272 0.064844
11.247273 0.063127
11.252274 0.060548
11.257275 0.056717
11.262276 0.050846
11.267277 0.043151
11.272278 0.033777
11.277279 0.024169
11.282280 0.013447
11.287281 0.002151
11.292282 -0.007641
11.297283 -0.015326
11.302284 -0.020222
11.307285 -0.022569
11.312286 -0.021932
11.317287 -0.019250
11.322288 -0.016250
11.327289 -0.014017
11.332290 -0.012065
11.337291 -0.009366
11.342292 -0.006811
11.347293 -0.004245
11.352294 -0.000624
11.357295 0.004449
11.362296 0.010110
11.367297 0.015866
11.372298 0.021298
11.377299 0.025834
11.382300 0.027658
11.387301 0.024753
11.392302 0.018028
11.397303 0.006958
11.402304 -0.006779
11.407305 -0.021066
11.412306 -0.034276
11.417307 -0.042969
11.422308 -0.047251
11.427309 -0.048565
11.432310 -0.047991
11.437311 -0.047343
11.442312 -0.049186
11.447313 -0.054534
11.452314 -0.062171
11.457315 -0.070514
11.462316 -0.078684
11.467317 -0.085613
11.472318 -0.089358
11.477319 -0.089742
11.482320 -0.086908
11.487321 -0.080890
11.492322 -0.071373
11.497323 -0.057969
11.502324 -0.041404
11.507325 -0.022560
11.512326 -0.002678
11.517327 0.018172
11.522328 0.037338
11.527329 0.051487
11.532330 0.061692
11.537331 0.067232
11.542332 0.068130
11.547333 0.066030
11.552334 0.062154
11.557335 0.058212
11.562336 0.053626
11.567337 0.048850
11.572338 0.045218
11.577339 0.042474
11.582340 0.040146
11.587341 0.037055
11.592342 0.033590
11.597343 0.030747
11.602344 0.026892
11.607345 0.022381
11.612346 0.019124
11.617347 0.017608
11.622348 0.017043
11.627349 0.017271
11.632350 0.020407
11.637351 0.027735
11.642352 0.038249
11.647353 0.050535
11.652354 0.064425
11.657355 0.077523
11.662357 0.087419
11.667358 0.092467
11.672359 0.092264
11.677360 0.089481
11.682361 0.082799
11.687362 0.072707
11.692363 0.061232
11.697364 0.047234
11.702365 0.029854
11.707366 0.008220
11.712367 -0.016206
11.717368 -0.041797
11.722369 -0.067513
11.727370 -0.091049
11.732371 -0.108535
11.737372 -0.118534
11.742373 -0.123124
11.747374 -0.122158
11.752375 -0.116702
11.757376 -0.107571
11.762377 -0.096718
11.767378 -0.085626
11.772379 -0.072808
11.777380 -0.058955
11.782381 -0.043936
11.787382 -0.028591
11.792383 -0.012269
11.797384 0.004175
11.802385 0.017008
11.807386 0.026927
11.812387 0.033906
11.817388 0.037981
11.822389 0.039183
11.827390 0.038248
11.832391 0.037109
11.837392 0.036847
11.842393 0.037745
11.847394 0.038918
11.852395 0.042353
11.857396 0.047466
11.862397 0.051913
11.867398 0.055778
11.872399 0.057606
11.877400 0.057731
11.882401 0.055150
11.887402 0.048308
11.892403 0.038936
11.897404 0.027056
11.902405 0.012001
11.907406 -0.004530
11.912407 -0.021712
11.917408 -0.039100
11.922409 -0.055532
11.927410 -0.069640
11.932411 -0.079464
11.937412 -0.084333
11.942413 -0.084921
11.947414 -0.081902
11.952415 -0.075658
11.957416 -0.067170
11.962417 -0.057620
11.967418 -0.047645
11.972419 -0.038196
11.977420 -0.030024
11.982421 -0.023467
11.987422 -0.019188
11.992423 -0.015795
11.997424 -0.012545
12.002425 -0.010184
12.007426 -0.008466
12.012427 -0.007627
12.017428 -0.008540
12.022429 -0.011652
12.027430 -0.015860
12.032431 -0.020013
12.037432 -0.023513
12.042433 -0.025531
12.047434 -0.025868
12.052435 -0.023689
12.057436 -0.018033
12.062437 -0.010299
12.067438 -0.001902
12.072439 0.007664
12.077440 0.018183
12.082441 0.028709
12.087442 0.038995
12.092443 0.050058
12.097444 0.061006
12.102445 0.069926
12.107446 0.076465
12.112447 0.081348
12.117448 0.085093
12.122449 0.086691
12.127450 0.085789
12.132451 0.083653
12.137453 0.079781
12.142454 0.072899
12.147455 0.064081
12.152456 0.054005
12.157457 0.044382
12.162458 0.034773
12.167459 0.025031
12.172460 0.018377
12.177461 0.013942
12.182462 0.012364
12.187463 0.012413
12.192464 0.014295
12.197465 0.019461
12.202466 0.023818
12.207467 0.025954
12.212468 0.024206
12.217469 0.018972
12.222470 0.010593
12.227471 -0.002238
12.232472 -0.015480
12.237473 -0.027313
12.242474 -0.038283
12.247475 -0.046339
12.252476 -0.049154
12.257477 -0.046266
12.262478 -0.038647
12.267479 -0.027335
12.272480 -0.013453
12.277481 0.002256
12.282482 0.017407
12.287483 0.030099
12.292484 0.041019
12.297485 0.048149
12.302486 0.050615
12.307487 0.048237
12.312488 0.041097
12.317489 0.030854
12.322490 0.017607
12.327491 0.002819
12.332492 -0.011671
12.337493 -0.023577
12.342494 -0.033404
12.347495 -0.042220
12.352496 -0.047373
12.357497 -0.048877
12.362498 -0.049021
12.367499 -0.047888
12.372500 -0.044571
12.377501 -0.040932
12.382502 -0.037776
12.387503 -0.035835
12.392504 -0.035424
12.397505 -0.034938
12.402506 -0.036171
12.407507 -0.038595
12.412508 -0.040691
12.417509 -0.042979
12.422510 -0.046313
12.427511 -0.050158
12.432512 -0.052568
12.437513 -0.053127
12.442514 -0.052183
12.447515 -0.051322
12.452516 -0.049459
12.457517 -0.046846
12.462518 -0.045209
12.467519 -0.044116
12.472520 -0.043363
12.477521 -0.041304
12.482522 -0.039207
12.487523 -0.037406
12.492524 -0.033436
12.497525 -0.028024
12.502526 -0.022984
12.507527 -0.018341
12.512528 -0.013727
12.517529 -0.008364
12.522530 -0.002391
12.527531 0.002765
12.532532 0.008647
12.537533 0.015414
12.542534 0.022436
12.547535 0.028483
12.552536 0.033450
12.557537 0.038246
12.562538 0.042036
12.567539 0.045563
12.572540 0.048771
12.577541 0.051826
12.582542 0.053438
12.587543 0.052449
12.592544 0.049311
12.597545 0.044853
12.602546 0.038971
12.607547 0.031816
12.612549 0.024586
12.617550 0.018203
12.622551 0.013584
12.627552 0.010411
12.632553 0.010051
12.637554 0.011258
12.642555 0.012822
12.647556 0.014051
12.652557 0.014723
12.657558 0.016739
12.662559 0.018879
12.667560 0.020266
12.672561 0.021933
12.677562 0.025147
12.682563 0.028960
12.687564 0.032820
12.692565 0.037761
12.697566 0.043040
12.702567 0.047536
12.707568 0.050885
12.712569 0.054828
12.717570 0.059658
12.722571 0.064140
12.727572 0.068283
12.732573 0.070802
12.737574 0.071718
12.742575 0.069650
12.747576 0.063071
12.752577 0.054254
12.757578 0.042661
12.762579 0.028347
12.767580 0.012094
12.772581 -0.004153
12.777582 -0.016826
12.782583 -0.027568
12.787584 -0.036614
12.792585 -0.041861
12.797586 -0.044001
12.802587 -0.045324
12.807588 -0.047042
12.812589 -0.049854
12.817590 -0.054151
12.822591 -0.059587
12.827592 -0.066866
12.832593 -0.073661
12.837594 -0.078904
12.842595 -0.083247
12.847596 -0.084799
12.852597 -0.082635
12.857598 -0.076379
12.862599 -0.067689
12.867600 -0.058663
12.872601 -0.048808
12.877602 -0.039662
12.882603 -0.033590
12.887604 -0.030087
12.892605 -0.028102
12.897606 -0.026541
12.902607 -0.027009
12.907608 -0.029111
12.912609 -0.029355
12.917610 -0.028692
12.922611 -0.027813
12.927612 -0.024937
12.932613 -0.019498
12.937614 -0.011872
12.942615 -0.003369
12.947616 0.004677
12.952617 0.012906
12.957618 0.021426
12.962619 0.029369
12.967620 0.035927
12.972621 0.041708
12.977622 0.047825
12.982623 0.051653
12.987624 0.052264
12.992625 0.051514
12.997626 0.047523
13.002627 0.039980
13.007628 0.030157
13.012629 0.019054
13.017630 0.009567
13.022631 0.001808
13.027632 -0.004249
13.032633 -0.006129
13.037634 -0.003604
13.042635 0.002203
13.047636 0.010705
13.052637 0.020877
13.057638 0.031883
13.062639 0.041696
13.067640 0.048673
13.072641 0.054032
13.077642 0.056995
13.082643 0.056740
13.087645 0.053997
13.092646 0.049811
13.097647 0.045184
13.102648 0.039315
13.107649 0.032412
13.112650 0.025330
13.117651 0.017321
13.122652 0.007800
13.127653 -0.004179
13.132654 -0.018737
13.137655 -0.034195
13.142656 -0.050460
13.147657 -0.066631
13.152658 -0.080930
13.157659 -0.092623
13.162660 -0.100571
13.167661 -0.106017
13.172662 -0.107459
13.177663 -0.104694
13.182664 -0.100951
13.187665 -0.095407
13.192666 -0.088113
13.197667 -0.079626
13.202668 -0.070714
13.207669 -0.061730
13.212670 -0.051262
13.217671 -0.039633
13.222672 -0.028264
13.227673 -0.016828
13.232674 -0.003941
13.237675 0.009278
13.242676 0.022244
13.247677 0.034286
13.252678 0.046263
13.257679 0.058814
13.262680 0.069920
13.267681 0.081058
13.272682 0.092561
13.277683 0.104700
13.282684 0.117239
13.287685 0.128164
13.292686 0.138376
13.297687 0.145801
13.302688 0.149325
13.307689 0.149045
13.312690 0.145645
13.317691 0.140052
13.322692 0.129981
13.327693 0.116250
13.332694 0.100500
13.337695 0.082819
13.342696 0.062511
13.347697 0.040221
13.352698 0.018923
13.357699 -0.000980
13.362700 -0.019003
13.367701 -0.034531
13.372702 -0.046769
13.377703 -0.054441
13.382704 -0.059815
13.387705 -0.063879
13.392706 -0.064636
13.397707 -0.062947
13.402708 -0.059892
13.407709 -0.055613
13.412710 -0.050778
13.417711 -0.044604
13.422712 -0.038938
13.427713 -0.035045
13.432714 -0.031321
13.437715 -0.028673
13.442716 -0.027123
13.447717 -0.026593
13.452718 -0.026869
13.457719 -0.027051
13.462720 -0.028500
13.467721 -0.031860
13.472722 -0.035434
13.477723 -0.038586
13.482724 -0.041888
13.487725 -0.044664
13.492726 -0.046617
13.497727 -0.046762
13.502728 -0.045645
13.507729 -0.045081
13.512730 -0.042291
13.517731 -0.037036
13.522732 -0.031871
13.527733 -0.027724
13.532734 -0.023268
13.537735 -0.019048
13.542736 -0.017035
13.547737 -0.016223
13.552738 -0.016818
13.557739 -0.017465
13.562741 -0.018821
13.567742 -0.022220
13.572743 -0.024577
13.577744 -0.025699
13.582745 -0.028042
13.587746 -0.031113
13.592747 -0.032854
13.597748 -0.034313
13.602749 -0.036121
13.607750 -0.037668
13.612751 -0.038401
13.617752 -0.037587
13.622753 -0.036396
13.627754 -0.035042
13.632755 -0.033001
13.637756 -0.030283
13.642757 -0.026733
13.647758 -0.024142
13.652759 -0.021545
13.657760 -0.018017
13.662761 -0.015538
13.667762 -0.013054
13.672763 -0.010059
13.677764 -0.005438
13.682765 0.000609
13.687766 0.007891
13.692767 0.018781
13.697768 0.032257
13.702769 0.046725
13.707770 0.062205
13.712771 0.078050
13.717772 0.094262
13.722773 0.109983
13.727774 0.123628
13.732775 0.135758
13.737776 0.146202
13.742777 0.152653
13.747778 0.154877
13.752779 0.154102
13.757780 0.150173
13.762781 0.142098
13.767782 0.129502
13.772783 0.113770
13.777784 0.096519
13.782785 0.076844
13.787786 0.055177
13.792787 0.033343
13.797788 0.012667
13.802789 -0.006491
13.807790 -0.024835
13.812791 -0.040039
13.817792 -0.051845
13.822793 -0.061296
13.827794 -0.068565
13.832795 -0.073692
13.837796 -0.076296
13.842797 -0.078556
13.847798 -0.080423
13.852799 -0.081112
13.857800 -0.080370
13.862801 -0.079299
13.867802 -0.078209
13.872803 -0.075023
13.877804 -0.069789
13.882805 -0.063393
13.887806 -0.056605
13.892807 -0.048438
13.897808 -0.039119
13.902809 -0.030500
13.907810 -0.023607
13.912811 -0.019070
13.917812 -0.015690
13.922813 -0.014691
13.927814 -0.017246
13.932815 -0.022099
13.937816 -0.028576
13.942817 -0.035995
13.947818 -0.044191
13.952819 -0.051718
13.957820 -0.056275
13.962821 -0.058059
13.967822 -0.057324
13.972823 -0.053422
13.977824 -0.046362
13.982825 -0.037720
13.987826 -0.029022
13.992827 -0.020406
13.997828 -0.011094
14.002829 -0.002906
14.007830 0.003406
14.012831 0.009138
14.017832 0.013602
14.022833 0.017027
14.027834 0.019619
14.032835 0.022008
14.037836 0.024671
14.042838 0.027030
14.047839 0.028978
14.052840 0.029983
14.057841 0.031045
14.062842 0.030917
14.067843 0.029246
14.072844 0.027012
14.077845 0.024788
14.082846 0.023040
14.087847 0.020458
14.092848 0.019774
14.097849 0.021217
14.102850 0.023300
14.107851 0.025940
14.112852 0.028785
14.117853 0.032600
14.122854 0.034720
14.127855 0.034423
14.132856 0.033125
14.137857 0.030040
14.142858 0.025939
14.147859 0.021001
14.152860 0.016006
14.157861 0.012795
14.162862 0.010489
14.167863 0.009443
14.172864 0.011213
14.177865 0.014587
14.182866 0.018510
14.187867 0.022981
14.192868 0.027238
14.197869 0.031361
14.202870 0.033821
14.207871 0.034072
14.212872 0.033091
14.217873 0.030277
14.222874 0.026258
14.227875 0.020520
14.232876 0.014153
14.237877 0.008508
14.242878 0.002188
14.247879 -0.004367
14.252880 -0.009808
14.257881 -0.013469
14.262882 -0.016229
14.267883 -0.018690
14.272884 -0.019645
14.277885 -0.018758
14.282886 -0.017283
14.287887 -0.016228
14.292888 -0.014241
14.297889 -0.010822
14.302890 -0.007196
14.307891 -0.003189
14.312892 0.001039
14.317893 0.006624
14.322894 0.012151
14.327895 0.016006
14.332896 0.020209
14.337897 0.023061
14.342898 0.023501
14.347899 0.022189
14.352900 0.019385
14.357901 0.016348
14.362902 0.012166
14.367903 0.006573
14.372904 0.002119
14.377905 -0.000736
14.382906 -0.003169
14.387907 -0.005779
14.392908 -0.007847
14.397909 -0.008979
14.402910 -0.011502
14.407911 -0.016678
14.412912 -0.023665
14.417913 -0.031740
14.422914 -0.041974
14.427915 -0.054767
14.432916 -0.068176
14.437917 -0.081689
14.442918 -0.094894
14.447919 -0.107113
14.452920 -0.116022
14.457921 -0.120736
14.462922 -0.121510
14.467923 -0.117838
14.472924 -0.110052
14.477925 -0.098275
14.482926 -0.084348
14.487927 -0.069908
14.492928 -0.055496
14.497929 -0.040562
14.502930 -0.026251
14.507931 -0.014100
14.512932 -0.002161
14.517934 0.009610
14.522935 0.019455
14.527936 0.027390
14.532937 0.034505
14.537938 0.040682
14.542939 0.045577
14.547940 0.049829
14.552941 0.054536
14.557942 0.060332
14.562943 0.066612
14.567944 0.073538
14.572945 0.081292
14.577946 0.090123
14.582947 0.099250
14.587948 0.106833
14.592949 0.113081
14.597950 0.118633
14.602951 0.121752
14.607952 0.122149
14.612953 0.121059
14.617954 0.118211
14.622955 0.113072
14.627956 0.104255
14.632957 0.092980
14.637958 0.080338
14.642959 0.065155
14.647960 0.048361
14.652961 0.031394
14.657962 0.014620
14.662963 -0.002193
14.667964 -0.019369
14.672965 -0.036394
14.677966 -0.051343
14.682967 -0.065932
14.687968 -0.080615
14.692969 -0.092793
14.697970 -0.102698
14.702971 -0.109767
14.707972 -0.115117
14.712973 -0.117780
14.717974 -0.116944
14.722975 -0.115831
14.727976 -0.113196
14.732977 -0.108546
14.737978 -0.102838
14.742979 -0.095553
14.747980 -0.087677
14.752981 -0.078225
14.757982 -0.066756
14.762983 -0.055312
14.767984 -0.043141
14.772985 -0.029901
14.777986 -0.015400
14.782987 -0.000001
14.787988 0.014722
14.792989 0.030396
14.797990 0.046253
14.802991 0.060339
14.807992 0.072999
14.812993 0.084272
14.817994 0.092737
14.822995 0.098383
14.827996 0.100936
14.832997 0.100142
14.837998 0.097695
14.842999 0.092457
14.848000 0.084867
14.853001 0.076456
14.858002 0.067252
14.863003 0.057645
14.868004 0.047593
14.873005 0.037976
14.878006 0.028768
14.883007 0.019235
14.888008 0.009340
14.893009 0.000679
14.898010 -0.006518
14.903011 -0.012656
14.908012 -0.017500
14.913013 -0.020764
14.918014 -0.021494
14.923015 -0.021767
14.928016 -0.023021
14.933017 -0.024190
14.938018 -0.026287
14.943019 -0.030740
14.948020 -0.037219
14.953021 -0.044655
14.958022 -0.051564
14.963023 -0.057972
14.968024 -0.064542
14.973025 -0.068906
14.978026 -0.069685
14.983027 -0.068450
14.988028 -0.064888
14.993030 -0.057690
14.998031 -0.047309
15.003032 -0.035074
15.008033 -0.022640
15.013034 -0.010083
15.018035 0.002384
15.023036 0.013268
15.028037 0.021710
15.033038 0.028603
15.038039 0.034810
15.043040 0.039420
15.048041 0.041879
15.053042 0.042934
15.058043 0.044302
15.063044 0.044525
15.068045 0.042370
15.073046 0.039945
15.078047 0.037293
15.083048 0.033622
15.088049 0.029152
15.093050 0.024834
15.098051 0.020523
15.103052 0.016122
15.108053 0.011667
15.113054 0.006930
15.118055 0.002693
15.123056 -0.002144
15.128057 -0.007241
15.133058 -0.011731
15.138059 -0.016005
15.143060 -0.019835
15.148061 -0.024726
15.153062 -0.028733
15.158063 -0.031703
15.163064 -0.034787
15.168065 -0.037102
15.173066 -0.038911
15.178067 -0.037981
15.183068 -0.035705
15.188069 -0.032726
15.193070 -0.027365
15.198071 -0.020242
15.203072 -0.012826
15.208073 -0.006440
15.213074 -0.000526
15.218075 0.004720
15.223076 0.008218
15.228077 0.009244
15.233078 0.009210
15.238079 0.008865
15.243080 0.007090
15.248081 0.004613
15.253082 0.002582
15.258083 0.001591
15.263084 0.000535
15.268085 -0.000644
15.273086 -0.000938
15.278087 -0.001107
15.283088 -0.001949
15.288089 -0.003459
15.293090 -0.005969
15.298091 -0.007991
15.303092 -0.010387
15.308093 -0.014597
15.313094 -0.017658
15.318095 -0.019760
15.323096 -0.021562
15.328097 -0.022024
15.333098 -0.020892
15.338099 -0.017774
15.343100 -0.012636
15.348101 -0.006455
15.353102 0.000524
15.358103 0.009037
15.363104 0.017027
15.368105 0.023725
15.373106 0.030106
15.378107 0.036278
15.383108 0.042272
15.388109 0.046544
15.393110 0.050348
15.398111 0.054782
15.403112 0.057656
15.408113 0.059548
15.413114 0.060989
15.418115 0.062801
15.423116 0.064876
15.428117 0.065404
15.433118 0.065408
15.438119 0.064685
15.443120 0.062318
15.448121 0.057737
15.453122 0.051120
15.458123 0.043534
15.463124 0.034313
15.468126 0.022987
15.473127 0.010880
15.478128 -0.000887
15.483129 -0.013027
15.488130 -0.025711
15.493131 -0.037337
15.498132 -0.046699
15.503133 -0.054489
15.508134 -0.061608
15.513135 -0.066686
15.518136 -0.069402
15.523137 -0.070927
15.528138 -0.071969
15.533139 -0.071832
15.538140 -0.069389
15.543141 -0.066949
15.548142 -0.064362
15.553143 -0.060517
15.558144 -0.056057
15.563145 -0.050665
15.568146 -0.046571
15.573147 -0.042151
15.578148 -0.037272
15.583149 -0.033536
15.588150 -0.030362
15.593151 -0.028091
15.598152 -0.025730
15.603153 -0.023972
15.608154 -0.023721
15.613155 -0.023729
15.618156 -0.022519
15.623157 -0.020856
15.628158 -0.019255
15.633159 -0.016565
15.638160 -0.012942
15.643161 -0.009042
15.648162 -0.005275
15.653163 -0.001391
15.658164 0.002594
15.663165 0.006089
15.668166 0.008975
15.673167 0.011428
15.678168 0.013478
15.683169 0.015161
15.688170 0.017117
15.693171 0.018942
15.698172 0.021157
15.703173 0.024682
15.708174 0.027122
15.713175 0.030274
15.718176 0.034498
15.723177 0.037725
15.728178 0.040826
15.733179 0.043170
15.738180 0.046366
15.743181 0.049334
15.748182 0.050355
15.753183 0.051600
15.758184 0.053553
15.763185 0.055040
15.768186 0.055798
15.773187 0.056756
15.778188 0.057468
15.783189 0.057523
15.788190 0.055442
15.793191 0.052123
15.798192 0.048552
15.803193 0.042723
15.808194 0.035492
15.813195 0.027439
15.818196 0.018904
15.823197 0.010105
15.828198 0.000686
15.833199 -0.007920
15.838200 -0.015733
15.843201 -0.022712
15.848202 -0.028497
15.853203 -0.032835
15.858204 -0.034969
15.863205 -0.036866
15.868206 -0.038179
15.873207 -0.037802
15.878208 -0.037109
15.883209 -0.035527
15.888210 -0.033731
15.893211 -0.031675
15.898212 -0.027776
15.903213 -0.023267
15.908214 -0.018797
15.913215 -0.013317
15.918216 -0.007629
15.923217 -0.002325
15.928218 0.002183
15.933219 0.005881
15.938220 0.008907
15.943222 0.009917
15.948223 0.008938
15.953224 0.007100
15.958225 0.005329
15.963226 0.002672
15.968227 -0.001058
15.973228 -0.004370
15.978229 -0.007153
15.983230 -0.009479
15.988231 -0.011798
15.993232 -0.013591
15.998233 -0.014373
16.003234 -0.015726
16.008235 -0.017818
16.013236 -0.019501
16.018237 -0.020520
16.023238 -0.021331
16.028239 -0.022560
16.033240 -0.023906
16.038241 -0.025347
16.043242 -0.027094
16.048243 -0.029871
16.053244 -0.032537
16.058245 -0.034274
16.063246 -0.036337
16.068247 -0.038097
16.073248 -0.038601
16.078249 -0.037220
16.083250 -0.035453
16.088251 -0.033647
16.093252 -0.029588
16.098253 -0.023673
16.103254 -0.017802
16.108255 -0.011896
16.113256 -0.005344
16.118257 0.001661
16.123258 0.008629
16.128259 0.014405
16.133260 0.019951
16.138261 0.026184
16.143262 0.031705
16.148263 0.036430
16.153264 0.040994
16.158265 0.045593
16.163266 0.049432
16.168267 0.051348
16.173268 0.052995
16.178269 0.055117
16.183270 0.055614
16.188271 0.054672
16.193272 0.053120
16.198273 0.051278
16.203274 0.048398
16.208275 0.043601
16.213276 0.038556
16.218277 0.033570
16.223278 0.028069
16.228279 0.022428
16.233280 0.017461
16.238281 0.013851
16.243282 0.011240
16.248283 0.008964
16.253284 0.007465
16.258285 0.008143
16.263286 0.009077
16.268287 0.009653
16.273288 0.010596
16.278289 0.010909
16.283290 0.011214
16.288291 0.009202
16.293292 0.005500
16.298293 0.001703
16.303294 -0.004340
16.308295 -0.011992
16.313296 -0.020661
16.318297 -0.028956
16.323298 -0.036908
16.328299 -0.045569
16.333300 -0.052938
16.338301 -0.059523
16.343302 -0.065498
16.348303 -0.070772
16.353304 -0.075056
16.358305 -0.076809
16.363306 -0.077695
16.368307 -0.077675
16.373308 -0.074964
16.378309 -0.070222
16.383310 -0.064794
16.388311 -0.059289
16.393312 -0.053173
16.398313 -0.046427
16.403314 -0.040449
16.408315 -0.035607
16.413316 -0.030425
16.418318 -0.025020
16.423319 -0.020185
16.428320 -0.015404
16.433321 -0.010032
16.438322 -0.003950
16.443323 0.002334
16.448324 0.008029
16.453325 0.013624
16.458326 0.019580
16.463327 0.025176
16.468328 0.029633
16.473329 0.033971
16.478330 0.039655
16.483331 0.045173
16.488332 0.049904
16.493333 0.055480
16.498334 0.061497
16.503335 0.067446
16.508336 0.072417
16.513337 0.076373
16.518338 0.081191
16.523339 0.084747
16.528340 0.086023
16.533341 0.086963
16.538342 0.087447
16.543343 0.086088
16.548344 0.083289
16.553345 0.079958
16.558346 0.075749
16.563347 0.070401
16.568348 0.063561
16.573349 0.057096
16.578350 0.050940
16.583351 0.042872
16.588352 0.033949
16.593353 0.024787
16.598354 0.015480
16.603355 0.005842
16.608356 -0.004503
16.613357 -0.014144
16.618358 -0.022592
16.623359 -0.031447
16.628360 -0.040485
16.633361 -0.048539
16.638362 -0.055736
16.643363 -0.061818
16.648364 -0.068110
16.653365 -0.073550
16.658366 -0.076514
16.663367 -0.079058
16.668368 -0.081085
16.673369 -0.081922
16.678370 -0.081487
16.683371 -0.079865
16.688372 -0.078233
16.693373 -0.075367
16.698374 -0.070830
16.703375 -0.065849
16.708376 -0.059856
16.713377 -0.053916
16.718378 -0.047342
16.723379 -0.040302
16.728380 -0.034416
16.733381 -0.028099
16.738382 -0.021700
16.743383 -0.015581
16.748384 -0.010039
16.753385 -0.004812
16.758386 0.001101
16.763387 0.005539
16.768388 0.009017
16.773389 0.012979
16.778390 0.017989
16.783391 0.023115
16.788392 0.027283
16.793393 0.032329
16.798394 0.037971
16.803395 0.043491
16.808396 0.048104
16.813397 0.051765
16.818398 0.055067
16.823399 0.056168
16.828400 0.055446
16.833401 0.052797
16.838402 0.047933
16.843403 0.040970
16.848404 0.031523
16.853405 0.021470
16.858406 0.011671
16.863407 0.000481
16.868408 -0.011293
16.873409 -0.021451
16.878410 -0.030590
16.883411 -0.038367
16.888412 -0.044841
16.893414 -0.050107
16.898415 -0.052970
16.903416 -0.053970
16.908417 -0.053952
16.913418 -0.053409
16.918419 -0.050784
16.923420 -0.046981
16.928421 -0.043301
16.933422 -0.038231
16.938423 -0.031724
16.943424 -0.024271
16.948425 -0.017168
16.953426 -0.009710
16.958427 -0.000871
16.963428 0.007899
16.968429 0.016442
16.973430 0.024571
16.978431 0.032782
16.983432 0.040410
16.988433 0.046539
16.993434 0.051726
16.998435 0.056200
17.003436 0.059512
17.008437 0.061001
17.013438 0.062132
17.018439 0.063073
17.023440 0.062118
17.028441 0.060211
17.033442 0.058174
17.038443 0.055454
17.043444 0.052056
17.048445 0.047747
17.053446 0.043087
17.058447 0.038756
17.063448 0.034075
17.068449 0.027731
17.073450 0.021660
17.078451 0.016726
17.083452 0.011074
17.088453 0.005328
17.093454 -0.000087
17.098455 -0.004513
17.103456 -0.008821
17.108457 -0.013382
17.113458 -0.017242
17.118459 -0.020277
17.123460 -0.023027
17.128461 -0.026811
17.133462 -0.029842
17.138463 -0.031664
17.143464 -0.033811
17.148465 -0.036139
17.153466 -0.037774
17.158467 -0.037907
17.163468 -0.037724
17.168469 -0.036966
17.173470 -0.034483
17.178471 -0.030668
17.183472 -0.026224
17.188473 -0.021669
17.193474 -0.017009
17.198475 -0.011846
17.203476 -0.006586
17.208477 -0.002880
17.213478 0.000261
17.218479 0.003527
17.223480 0.005530
17.228481 0.005876
17.233482 0.005053
17.238483 0.004380
17.243484 0.002428
17.248485 -0.001482
17.253486 -0.005070
17.258487 -0.008455
17.263488 -0.011796
17.268489 -0.015562
17.273490 -0.019075
17.278491 -0.020556
17.283492 -0.021849
17.288493 -0.023869
17.293494 -0.024440
17.298495 -0.023600
17.303496 -0.022910
17.308497 -0.022169
17.313498 -0.020831
17.318499 -0.018677
17.323500 -0.016516
17.328501 -0.014617
17.333502 -0.012181
17.338503 -0.008794
17.343504 -0.005001
17.348505 -0.002234
17.353506 0.001195
17.358507 0.006072
17.363508 0.010073
17.368509 0.013874
17.373511 0.018417
17.378512 0.023301
17.383513 0.028138
17.388514 0.031936
17.393515 0.035318
17.398516 0.039269
17.403517 0.041622
17.408518 0.041792
17.413519 0.041171
17.418520 0.039706
17.423521 0.036938
17.428522 0.032464
17.433523 0.027804
17.438524 0.023334
17.443525 0.018422
17.448526 0.013412
17.453527 0.008585
17.458528 0.005271
17.463529 0.001813
17.468530 -0.002749
17.473531 -0.006602
17.478532 -0.010086
17.483533 -0.014145
17.488534 -0.019257
17.493535 -0.024428
17.498536 -0.028407
17.503537 -0.032227
17.508538 -0.036145
17.513539 -0.038485
17.518540 -0.038661
17.523541 -0.038045
17.528542 -0.036549
17.533543 -0.032678
17.538544 -0.027170
17.543545 -0.020928
17.548546 -0.013810
17.553547 -0.005161
17.558548 0.004545
17.563549 0.012833
17.568550 0.020269
17.573551 0.027761
17.578552 0.034139
17.583553 0.038983
17.588554 0.041914
17.593555 0.043384
17.598556 0.043653
17.603557 0.041865
17.608558 0.038495
17.613559 0.034430
17.618560 0.030478
17.623561 0.026250
17.628562 0.020841
17.633563 0.014784
17.638564 0.009211
17.643565 0.003997
17.648566 -0.002700
17.653567 -0.009878
17.658568 -0.016115
17.663569 -0.022156
17.668570 -0.028258
17.673571 -0.033580
17.678572 -0.036452
17.683573 -0.038632
17.688574 -0.040550
17.693575 -0.040457
17.698576 -0.039097
17.703577 -0.036705
17.708578 -0.034079
17.713579 -0.031014
17.718580 -0.026735
17.723581 -0.023186
17.728582 -0.020788
17.733583 -0.018499
17.738584 -0.016033
17.743585 -0.013620
17.748586 -0.012208
17.753587 -0.010096
17.758588 -0.007152
17.763589 -0.004775
17.768590 -0.002390
17.773591 0.000243
17.778592 0.003859
17.783593 0.007673
17.788594 0.011185
17.793595 0.015420
17.798596 0.020613
17.803597 0.024948
17.808598 0.028048
17.813599 0.031091
17.818600 0.033824
17.823601 0.035700
17.828602 0.035791
17.833603 0.034013
17.838604 0.032678
17.843605 0.030472
17.848607 0.025952
17.853608 0.021277
17.858609 0.016027
17.863610 0.010265
17.868611 0.003942
17.873612 -0.002589
17.878613 -0.007651
17.883614 -0.012058
17.888615 -0.017270
17.893616 -0.022177
17.898617 -0.025255
17.903618 -0.028287
17.908619 -0.031582
17.913620 -0.034165
17.918621 -0.035026
17.923622 -0.035138
17.928623 -0.034775
17.933624 -0.032629
17.938625 -0.029207
17.943626 -0.024200
17.948627 -0.018559
17.953628 -0.012265
17.958629 -0.004761
17.963630 0.003006
17.968631 0.010012
17.973632 0.016585
17.978633 0.023588
17.983634 0.029263
17.988635 0.033022
17.993636 0.035666
17.998637 0.037351
18.003638 0.037356
18.008639 0.035267
18.013640 0.032390
18.018641 0.029708
18.023642 0.026183
18.028643 0.021868
18.033644 0.018216
18.038645 0.014833
18.043646 0.011564
18.048647 0.008125
18.053648 0.004570
18.058649 0.002454
18.063650 0.000557
18.068651 -0.001864
18.073652 -0.003453
18.078653 -0.004312
18.083654 -0.004854
18.088655 -0.005827
18.093656 -0.006969
18.098657 -0.007376
18.103658 -0.007506
18.108659 -0.007555
18.113660 -0.007060
18.118661 -0.005290
18.123662 -0.003305
18.128663 -0.002295
18.133664 -0.000691
18.138665 0.001652
18.143666 0.003934
18.148667 0.006062
18.153668 0.007685
18.158669 0.010543
18.163670 0.013398
18.168671 0.014153
18.173672 0.014728
18.178673 0.014775
18.183674 0.013944
18.188675 0.011882
18.193676 0.008956
18.198677 0.006743
18.203678 0.003779
18.208679 -0.000148
18.213680 -0.004178
18.218681 -0.008193
18.223682 -0.011874
18.228683 -0.015982
18.233684 -0.019859
18.238685 -0.022403
18.243686 -0.024711
18.248687 -0.026145
18.253688 -0.026391
18.258689 -0.025988
18.263690 -0.024707
18.268691 -0.023643
18.273692 -0.021495
18.278693 -0.017702
18.283694 -0.013684
18.288695 -0.009628
18.293696 -0.005867
18.298697 -0.001970
18.303698 0.001788
18.308699 0.004432
18.313700 0.006410
18.318701 0.008324
18.323703 0.009543
18.328704 0.009658
18.333705 0.009128
18.338706 0.008317
18.343707 0.007361
18.348708 0.004912
18.353709 0.001899
18.358710 -0.000464
18.363711 -0.003486
18.368712 -0.007049
18.373713 -0.010727
18.378714 -0.013977
18.383715 -0.016410
18.388716 -0.019091
18.393717 -0.022323
18.398718 -0.024440
18.403719 -0.026248
18.408720 -0.028254
18.413721 -0.028962
18.418722 -0.028609
18.423723 -0.026956
18.428724 -0.024972
18.433725 -0.022541
18.438726 -0.018085
18.443727 -0.013498
18.448728 -0.009107
18.453729 -0.004241
18.458730 0.000875
18.463731 0.006490
18.468732 0.011135
18.473733 0.014998
18.478734 0.019627
18.483735 0.023326
18.488736 0.025513
18.493737 0.027517
18.498738 0.029027
18.503739 0.029859
18.508740 0.030105
18.513741 0.029870
18.518742 0.030868
18.523743 0.031757
18.528744 0.031723
18.533745 0.032986
18.538746 0.034226
18.543747 0.035508
18.548748 0.036888
18.553749 0.037982
18.558750 0.039560
18.563751 0.039289
18.568752 0.037165
18.573753 0.034310
18.578754 0.030381
18.583755 0.025043
18.588756 0.017652
18.593757 0.010006
18.598758 0.002924
18.603759 -0.004552
18.608760 -0.012503
18.613761 -0.020045
18.618762 -0.025348
18.623763 -0.029439
18.628764 -0.032831
18.633765 -0.034351
18.638766 -0.034577
18.643767 -0.033331
18.648768 -0.031368
18.653769 -0.029371
18.658770 -0.026606
18.663771 -0.023786
18.668772 -0.021849
18.673773 -0.020190
18.678774 -0.018698
18.683775 -0.018390
18.688776 -0.019150
18.693777 -0.020010
18.698778 -0.021036
18.703779 -0.022363
18.708780 -0.024145
18.713781 -0.025266
18.718782 -0.024793
18.723783 -0.023877
18.728784 -0.021914
18.733785 -0.018398
18.738786 -0.013025
18.743787 -0.006608
18.748788 -0.000382
18.753789 0.006482
18.758790 0.014064
18.763791 0.021561
18.768792 0.027198
18.773793 0.032134
18.778794 0.037028
18.783795 0.039933
18.788796 0.041371
18.793797 0.041552
18.798799 0.041077
18.803800 0.039689
18.808801 0.036405
18.813802 0.032398
18.818803 0.028464
18.823804 0.023775
18.828805 0.017984
18.833806 0.011990
18.838807 0.005880
18.843808 0.000083
18.848809 -0.006004
18.853810 -0.012180
18.858811 -0.016985
18.863812 -0.021239
18.868813 -0.025592
18.873814 -0.029448
18.878815 -0.031660
18.883816 -0.033286
18.888817 -0.034967
18.893818 -0.035465
18.898819 -0.034561
18.903820 -0.032417
18.908821 -0.030796
18.913822 -0.028164
18.918823 -0.023994
18.923824 -0.020417
18.928825 -0.017130
18.933826 -0.014136
18.938827 -0.010336
18.943828 -0.006674
18.948829 -0.004995
18.953830 -0.002855
18.958831 0.000191
18.963832 0.001955
18.968833 0.003116
18.973834 0.004621
18.978835 0.006572
18.983836 0.008974
18.988837 0.010403
18.993838 0.011951
18.998839 0.014518
19.003840 0.017174
19.008841 0.019786
19.013842 0.021858
19.018843 0.024452
19.023844 0.027388
19.028845 0.029342
19.033846 0.031037
19.038847 0.033687
19.043848 0.035725
19.048849 0.036358
19.053850 0.037516
19.058851 0.038406
19.063852 0.038889
19.068853 0.038299
19.073854 0.036867
19.078855 0.036328
19.083856 0.034339
19.088857 0.031307
19.093858 0.028415
19.098859 0.025199
19.103860 0.021210
19.108861 0.015805
19.113862 0.010789
19.118863 0.005717
19.123864 0.000176
19.128865 -0.005809
19.133866 -0.011888
19.138867 -0.016718
19.143868 -0.021781
19.148869 -0.027033
19.153870 -0.031368
19.158871 -0.034872
19.163872 -0.037773
19.168873 -0.041006
19.173874 -0.043202
19.178875 -0.043950
19.183876 -0.044106
19.188877 -0.044314
19.193878 -0.043769
19.198879 -0.041202
19.203880 -0.038607
19.208881 -0.036243
19.213882 -0.032920
19.218883 -0.029083
19.223884 -0.025633
19.228885 -0.022692
19.233886 -0.019608
19.238887 -0.015965
19.243888 -0.012268
19.248889 -0.009266
19.253890 -0.006346
19.258891 -0.003432
19.263892 -0.000909
19.268893 0.000951
19.273895 0.002547
19.278896 0.004211
19.283897 0.005409
19.288898 0.006262
19.293899 0.006024
19.298900 0.006462
19.303901 0.007048
19.308902 0.006023
19.313903 0.005874
19.318904 0.006502
19.323905 0.006991
19.328906 0.006729
19.333907 0.006224
19.338908 0.006896
19.343909 0.007285
19.348910 0.006501
19.353911 0.005860
19.358912 0.005699
19.363913 0.005625
19.368914 0.004791
19.373915 0.003254
19.378916 0.003069
19.383917 0.002785
19.388918 0.001384
19.393919 0.000807
19.398920 0.001044
19.403921 0.001308
19.408922 0.000918
19.413923 0.000338
19.418924 0.000837
19.423925 0.001659
19.428926 0.001820
19.433927 0.002592
19.438928 0.003822
19.443929 0.004717
19.448930 0.005219
19.453931 0.005253
19.458932 0.005700
19.463933 0.005583
19.468934 0.004480
19.473935 0.004006
19.478936 0.004209
19.483937 0.004444
19.488938 0.004150
19.493939 0.004348
19.498940 0.005939
19.503941 0.007868
19.508942 0.009591
19.513943 0.012035
19.518944 0.015674
19.523945 0.019066
19.528946 0.022410
19.533947 0.025650
19.538948 0.029210
19.543949 0.032822
19.548950 0.034926
19.553951 0.036820
19.558952 0.038831
19.563953 0.040265
19.568954 0.039977
19.573955 0.038415
19.578956 0.036513
19.583957 0.033666
19.588958 0.028621
19.593959 0.022929
19.598960 0.017972
19.603961 0.011453
19.608962 0.004128
19.613963 -0.003068
19.618964 -0.010157
19.623965 -0.016558
19.628966 -0.023528
19.633967 -0.029710
19.638968 -0.034412
19.643969 -0.038728
19.648970 -0.042280
19.653971 -0.045685
19.658972 -0.048066
19.663973 -0.049693
19.668974 -0.051245
19.673975 -0.051566
19.678976 -0.051331
19.683977 -0.050997
19.688978 -0.050275
19.693979 -0.048545
19.698980 -0.045884
19.703981 -0.043134
19.708982 -0.040761
19.713983 -0.038118
19.718984 -0.033957
19.723985 -0.029961
19.728986 -0.026729
19.733987 -0.022755
19.738988 -0.018323
19.743989 -0.014279
19.748991 -0.010978
19.753992 -0.007970
19.758993 -0.004251
19.763994 -0.000806
19.768995 0.002230
19.773996 0.006153
19.778997 0.010715
19.783998 0.015527
19.788999 0.019820
19.794000 0.024746
19.799001 0.030264
19.804002 0.035762
19.809003 0.040916
19.814004 0.044805
19.819005 0.048824
19.824006 0.051902
19.829007 0.052882
19.834008 0.053212
19.839009 0.052884
19.844010 0.050659
19.849011 0.047331
19.854012 0.043815
19.859013 0.039259
19.864014 0.034208
19.869015 0.028234
19.874016 0.021210
19.879017 0.015122
19.884018 0.009634
19.889019 0.002466
19.894020 -0.004182
19.899021 -0.008573
19.904022 -0.013032
19.909023 -0.017206
19.914024 -0.020492
19.919025 -0.022210
19.924026 -0.022745
19.929027 -0.023897
19.934028 -0.023650
19.939029 -0.021805
19.944030 -0.020440
19.949031 -0.019215
19.954032 -0.017219
19.959033 -0.014917
19.964034 -0.012633
19.969035 -0.010966
19.974036 -0.009436
19.979037 -0.007245
19.984038 -0.005561
19.989039 -0.004784
19.994040 -0.004123
19.999041 -0.003101
20.004042 -0.002442
20.009043 -0.002626
20.014044 -0.003678
20.019045 -0.003873
20.024046 -0.003317
20.029047 -0.004357
20.034048 -0.005931
20.039049 -0.006663
20.044050 -0.007206
20.049051 -0.008157
20.054052 -0.009059
20.059053 -0.008923
20.064054 -0.008294
20.069055 -0.008609
20.074056 -0.008438
20.079057 -0.007214
20.084058 -0.006934
20.089059 -0.006884
20.094060 -0.005960
20.099061 -0.004366
20.104062 -0.002865
20.109063 -0.002280
20.114064 -0.001430
20.119065 0.000275
20.124066 0.001638
20.129067 0.002756
20.134068 0.004073
20.139069 0.006476
20.144070 0.009136
20.149071 0.010784
20.154072 0.013239
20.159073 0.016120
20.164074 0.018109
20.169075 0.019106
20.174076 0.019486
20.179077 0.019679
20.184078 0.019026
20.189079 0.017165
20.194080 0.014396
20.199081 0.011841
20.204082 0.008979
20.209083 0.004475
20.214084 -0.000431
20.219085 -0.004133
20.224086 -0.007884
20.229088 -0.012620
20.234089 -0.016190
20.239090 -0.019045
20.244091 -0.021399
20.249092 -0.023316
20.254093 -0.025199
20.259094 -0.025390
20.264095 -0.025275
20.269096 -0.024956
20.274097 -0.023603
20.279098 -0.021132
20.284099 -0.017915
20.289100 -0.014996
20.294101 -0.011039
20.299102 -0.006342
20.304103 -0.002011
20.309104 0.001986
20.314105 0.006185
20.319106 0.011113
20.324107 0.015567
20.329108 0.018982
20.334109 0.022426
20.339110 0.025808
20.344111 0.028477
20.349112 0.029845
20.354113 0.030913
20.359114 0.032671
20.364115 0.032800
20.369116 0.031566
20.374117 0.030357
20.379118 0.029393
20.384119 0.027562
20.389120 0.024224
20.394121 0.021087
20.399122 0.018443
20.404123 0.015695
20.409124 0.011539
20.414125 0.007530
20.419126 0.004440
20.424127 0.000216
20.429128 -0.003855
20.434129 -0.008226
20.439130 -0.011974
20.444131 -0.015276
20.449132 -0.020148
20.454133 -0.023939
20.459134 -0.027095
20.464135 -0.030155
20.469136 -0.033391
20.474137 -0.036580
20.479138 -0.038204
20.484139 -0.039528
20.489140 -0.040986
20.494141 -0.042053
20.499142 -0.041211
20.504143 -0.039927
20.509144 -0.038567
20.514145 -0.035247
20.519146 -0.030845
20.524147 -0.025692
20.529148 -0.020480
20.534149 -0.014671
20.539150 -0.007999
20.544151 -0.002533
20.549152 0.001987
20.554153 0.006666
20.559154 0.011771
20.564155 0.016377
20.569156 0.019513
20.574157 0.022621
20.579158 0.026408
20.584159 0.029259
20.589160 0.031429
20.594161 0.033302
20.599162 0.034950
20.604163 0.036389
20.609164 0.035924
20.614165 0.034903
20.619166 0.034460
20.624167 0.033466
20.629168 0.031163
20.634169 0.028073
20.639170 0.025387
20.644171 0.022271
20.649172 0.018169
20.654173 0.013905
20.659174 0.010263
20.664175 0.006462
20.669176 0.001865
20.674177 -0.001792
20.679178 -0.004774
20.684179 -0.007681
20.689180 -0.010115
20.694181 -0.012763
20.699182 -0.013861
20.704184 -0.013887
20.709185 -0.014838
20.714186 -0.014979
20.719187 -0.013857
20.724188 -0.012323
20.729189 -0.010988
20.734190 -0.009726
20.739191 -0.008233
20.744192 -0.006626
20.749193 -0.005539
20.754194 -0.004288
20.759195 -0.002654
20.764196 -0.001444
20.769197 -0.000465
20.774198 -0.000210
20.779199 0.001120
20.784200 0.002481
20.789201 0.002514
20.794202 0.003410
20.799203 0.004081
20.804204 0.004682
20.809205 0.004918
20.814206 0.004419
20.819207 0.004515
20.824208 0.004359
20.829209 0.003343
20.834210 0.001976
20.839211 0.001010
20.844212 -0.000318
20.849213 -0.002525
20.854214 -0.004667
20.859215 -0.006385
20.864216 -0.008083
20.869217 -0.010138
20.874218 -0.011944
20.879219 -0.012755
20.884220 -0.012792
20.889221 -0.013222
20.894222 -0.013801
20.899223 -0.013273
20.904224 -0.012235
20.909225 -0.012072
20.914226 -0.012020
20.919227 -0.011028
20.924228 -0.009971
20.929229 -0.009644
20.934230 -0.009565
20.939231 -0.008754
20.944232 -0.007821
20.949233 -0.007960
20.954234 -0.008003
20.959235 -0.007411
20.964236 -0.006687
20.969237 -0.006022
20.974238 -0.005377
20.979239 -0.004079
20.984240 -0.002285
20.989241 -0.001051
20.994242 -0.000073
20.999243 0.002230
21.004244 0.003863
21.009245 0.004824
21.014246 0.006472
21.019247 0.008008
21.024248 0.009920
21.029249 0.011075
21.034250 0.011918
21.039251 0.012847
21.044252 0.013846
21.049253 0.014606
21.054254 0.015081
21.059255 0.016696
21.064256 0.018104
21.069257 0.018412
21.074258 0.018686
21.079259 0.019840
21.084260 0.021056
21.089261 0.021205
21.094262 0.020938
21.099263 0.021058
21.104264 0.021072
21.109265 0.019953
21.114266 0.018235
21.119267 0.017041
21.124268 0.015593
21.129269 0.012979
21.134270 0.010470
21.139271 0.008725
21.144272 0.006931
21.149273 0.004178
21.154274 0.001925
21.159275 0.000844
21.164276 -0.000557
21.169277 -0.002476
21.174278 -0.004262
21.179280 -0.004805
21.184281 -0.005410
21.189282 -0.006512
21.194283 -0.007219
21.199284 -0.007570
21.204285 -0.007494
21.209286 -0.008088
21.214287 -0.009262
21.219288 -0.009775
21.224289 -0.010510
21.229290 -0.012558
21.234291 -0.014382
21.239292 -0.015656
21.244293 -0.017031
21.249294 -0.018767
21.254295 -0.020118
21.259296 -0.020502
21.264297 -0.020876
21.269298 -0.021028
21.274299 -0.021086
21.279300 -0.020512
21.284301 -0.019431
21.289302 -0.019154
21.294303 -0.018795
21.299304 -0.017941
21.304305 -0.017523
21.309306 -0.018227
21.314307 -0.018671
21.319308 -0.018485
21.324309 -0.018697
21.329310 -0.019437
21.334311 -0.020145
21.339312 -0.019620
21.344313 -0.019650
21.349314 -0.019898
21.354315 -0.018838
21.359316 -0.017900
21.364317 -0.016902
21.369318 -0.015907
21.374319 -0.014523
21.379320 -0.012129
21.384321 -0.009428
21.389322 -0.006663
21.394323 -0.003610
21.399324 0.000013
21.404325 0.003892
21.409326 0.007928
21.414327 0.011471
21.419328 0.014852
21.424329 0.018451
21.429330 0.020995
21.434331 0.023391
21.439332 0.025958
21.444333 0.028025
21.449334 0.029347
21.454335 0.029784
21.459336 0.030390
21.464337 0.030796
21.469338 0.030623
21.474339 0.030639
21.479340 0.030221
21.484341 0.029332
21.489342 0.028238
21.494343 0.026808
21.499344 0.026329
21.504345 0.026026
21.509346 0.024281
21.514347 0.023054
21.519348 0.022752
21.524349 0.021751
21.529350 0.019718
21.534351 0.017375
21.539352 0.015732
21.544353 0.014283
21.549354 0.012112
21.554355 0.010078
21.559356 0.009206
21.564357 0.008500
21.569358 0.007208
21.574359 0.006029
21.579360 0.005732
21.584361 0.005118
21.589362 0.003649
21.594363 0.002912
21.599364 0.002321
21.604365 0.001581
21.609366 -0.000058
21.614367 -0.002128
21.619368 -0.003381
21.624369 -0.005160
21.629370 -0.007431
21.634371 -0.009603
21.639372 -0.010425
21.644373 -0.011010
21.649374 -0.012215
21.654376 -0.012508
21.659377 -0.012792
21.664378 -0.012815
21.669379 -0.013850
21.674380 -0.015201
21.679381 -0.015007
21.684382 -0.015449
21.689383 -0.016896
21.694384 -0.017833
21.699385 -0.018011
21.704386 -0.019048
21.709387 -0.020422
21.714388 -0.021841
21.719389 -0.022730
21.724390 -0.023155
21.729391 -0.024633
21.734392 -0.024410
21.739393 -0.023101
21.744394 -0.022137
21.749395 -0.021122
21.754396 -0.020472
21.759397 -0.018522
21.764398 -0.016699
21.769399 -0.016170
21.774400 -0.015437
21.779401 -0.014372
21.784402 -0.013557
21.789403 -0.013632
21.794404 -0.013662
21.799405 -0.013374
21.804406 -0.013186
21.809407 -0.013103
21.814408 -0.012916
21.819409 -0.010978
21.824410 -0.008788
21.829411 -0.006825
21.834412 -0.003442
21.839413 0.000482
21.844414 0.005246
21.849415 0.009481
21.854416 0.013472
21.859417 0.018343
21.864418 0.022353
21.869419 0.025924
21.874420 0.028428
21.879421 0.030488
21.884422 0.032383
21.889423 0.032163
21.894424 0.030778
21.899425 0.029651
21.904426 0.028299
21.909427 0.025618
21.914428 0.022555
21.919429 0.019676
21.924430 0.017336
21.929431 0.014191
21.934432 0.010179
21.939433 0.007809
21.944434 0.005398
21.949435 0.002122
21.954436 -0.000387
21.959437 -0.001918
21.964438 -0.003013
21.969439 -0.004786
21.974440 -0.006236
21.979441 -0.005820
21.984442 -0.005342
21.989443 -0.005659
21.994444 -0.005154
21.999445 -0.003583
22.004446 -0.002117
22.009447 -0.001569
22.014448 -0.000720
22.019449 0.000608
22.024450 0.001291
22.029451 0.000538
22.034452 -0.000245
22.039453 -0.000213
22.044454 -0.000402
22.049455 -0.000724
22.054456 -0.001673
22.059457 -0.001426
22.064458 -0.001176
22.069459 -0.001757
22.074460 -0.001268
22.079461 -0.000568
22.084462 0.000992
22.089463 0.002553
22.094464 0.003540
22.099465 0.005270
22.104466 0.006957
22.109467 0.007376
22.114468 0.007215
22.119469 0.007639
22.124470 0.008190
22.129472 0.007900
22.134473 0.006963
22.139474 0.007053
22.144475 0.007078
22.149476 0.005812
22.154477 0.004335
22.159478 0.003791
22.164479 0.003142
22.169480 0.001603
22.174481 0.000196
22.179482 -0.001287
22.184483 -0.002613
22.189484 -0.004104
22.194485 -0.006291
22.199486 -0.008079
22.204487 -0.009313
22.209488 -0.011512
22.214489 -0.013756
22.219490 -0.015669
22.224491 -0.017475
22.229492 -0.019353
22.234493 -0.021388
22.239494 -0.021944
22.244495 -0.022833
22.249496 -0.023620
22.254497 -0.023494
22.259498 -0.022660
22.264499 -0.020944
22.269500 -0.020242
22.274501 -0.019203
22.279502 -0.017278
22.284503 -0.015286
22.289504 -0.014267
22.294505 -0.013402
22.299506 -0.011992
22.304507 -0.011172
22.309508 -0.010196
22.314509 -0.010158
22.319510 -0.009349
22.324511 -0.008266
22.329512 -0.009158
22.334513 -0.009084
22.339514 -0.008515
22.344515 -0.008559
22.349516 -0.008461
22.354517 -0.008372
22.359518 -0.007278
22.364519 -0.005065
22.369520 -0.003973
22.374521 -0.002347
22.379522 0.001143
22.384523 0.003506
22.389524 0.005593
22.394525 0.008463
22.399526 0.011608
22.404527 0.014816
22.409528 0.016979
22.414529 0.018859
22.419530 0.021385
22.424531 0.023743
22.429532 0.025293
22.434533 0.026942
22.439534 0.028560
22.444535 0.029849
22.449536 0.030373
22.454537 0.030844
22.459538 0.031526
22.464539 0.031334
22.469540 0.030725
22.474541 0.029817
22.479542 0.029148
22.484543 0.028230
22.489544 0.026024
22.494545 0.023817
22.499546 0.022167
22.504547 0.019983
22.509548 0.017150
22.514549 0.014306
22.519550 0.011699
22.524551 0.009333
22.529552 0.006556
22.534553 0.003674
22.539554 0.001680
22.544555 0.000097
22.549556 -0.002136
22.554557 -0.003854
22.559558 -0.004734
22.564559 -0.005596
22.569560 -0.006798
22.574561 -0.008409
22.579562 -0.008770
22.584563 -0.008981
22.589564 -0.009952
22.594565 -0.010908
22.599566 -0.011580
22.604568 -0.011348
22.609569 -0.011710
22.614570 -0.012381
22.619571 -0.012129
22.624572 -0.011966
22.629573 -0.012596
22.634574 -0.013925
22.639575 -0.014194
22.644576 -0.014062
22.649577 -0.015304
22.654578 -0.016095
22.659579 -0.015765
22.664580 -0.015107
22.669581 -0.015550
22.674582 -0.015559
22.679583 -0.013870
22.684584 -0.012890
22.689585 -0.011593
22.694586 -0.009179
22.699587 -0.006115
22.704588 -0.003040
22.709589 -0.000389
22.714590 0.002175
22.719591 0.005016
22.724592 0.007649
22.729593 0.009151
22.734594 0.010557
22.739595 0.011495
22.744596 0.012045
22.749597 0.011977
22.754598 0.011392
22.759599 0.010967
22.764600 0.009967
22.769601 0.008764
22.774602 0.006621
22.779603 0.004890
22.784604 0.003756
22.789605 0.000856
22.794606 -0.001778
22.799607 -0.003638
22.804608 -0.006113
22.809609 -0.008995
22.814610 -0.011646
22.819611 -0.013525
22.824612 -0.015355
22.829613 -0.017548
22.834614 -0.018676
22.839615 -0.019032
22.844616 -0.019318
22.849617 -0.019427
22.854618 -0.019305
22.859619 -0.017951
22.864620 -0.016394
22.869621 -0.015792
22.874622 -0.014695
22.879623 -0.012706
22.884624 -0.010813
22.889625 -0.009045
22.894626 -0.007028
22.899627 -0.004503
22.904628 -0.001818
22.909629 0.000350
22.914630 0.002056
22.919631 0.004306
22.924632 0.006533
22.929633 0.007002
22.934634 0.007720
22.939635 0.008887
22.944636 0.008856
22.949637 0.008669
22.954638 0.008198
22.959639 0.008006
22.964640 0.008250
22.969641 0.007857
22.974642 0.007766
22.979643 0.008458
22.984644 0.009397
22.989645 0.010048
22.994646 0.010428
22.999647 0.011832
23.004648 0.013192
23.009649 0.013341
23.014650 0.013681
23.019651 0.014688
23.024652 0.015197
23.029653 0.014870
23.034654 0.014570
23.039655 0.014814
23.044656 0.014675
23.049657 0.013131
23.054658 0.011893
23.059659 0.011488
23.064660 0.011244
23.069661 0.010594
23.074662 0.009323
23.079664 0.008965
23.084665 0.009078
23.089666 0.008063
23.094667 0.007115
23.099668 0.007563
23.104669 0.007163
23.109670 0.006059
23.114671 0.005148
23.119672 0.004647
23.124673 0.004936
23.129674 0.003998
23.134675 0.003304
23.139676 0.003305
23.144677 0.002562
23.149678 0.001775
23.154679 0.000482
23.159680 -0.000015
23.164681 -0.000391
23.169682 -0.002379
23.174683 -0.003963
23.179684 -0.004980
23.184685 -0.006118
23.189686 -0.007480
23.194687 -0.008621
23.199688 -0.008636
23.204689 -0.008519
23.209690 -0.009119
23.214691 -0.008966
23.219692 -0.008337
23.224693 -0.008126
23.229694 -0.007925
23.234695 -0.008290
23.239696 -0.008097
23.244697 -0.007499
23.249698 -0.008429
23.254699 -0.009435
23.259700 -0.009566
23.264701 -0.009955
23.269702 -0.011167
23.274703 -0.012777
23.279704 -0.013159
23.284705 -0.013352
23.289706 -0.014121
23.294707 -0.014235
23.299708 -0.013991
23.304709 -0.012988
23.309710 -0.012537
23.314711 -0.012080
23.319712 -0.010011
23.324713 -0.008488
23.329714 -0.007151
23.334715 -0.005518
23.339716 -0.004108
23.344717 -0.002503
23.349718 -0.001860
23.354719 -0.001066
23.359720 0.000142
23.364721 0.000431
23.369722 0.000051
23.374723 -0.000575
23.379724 -0.000189
23.384725 0.000145
23.389726 -0.000378
23.394727 -0.001018
23.399728 -0.001003
23.404729 -0.000266
23.409730 -0.000717
23.414731 -0.001192
23.419732 -0.000516
23.424733 0.000009
23.429734 0.000327
23.434735 0.000577
23.439736 0.001687
23.444737 0.003257
23.449738 0.003681
23.454739 0.004051
23.459740 0.005280
23.464741 0.006457
23.469742 0.006726
23.474743 0.006700
23.479744 0.007481
23.484745 0.008475
23.489746 0.008623
23.494747 0.008594
23.499748 0.008973
23.504749 0.009428
23.509750 0.009658
23.514751 0.009227
23.519752 0.009661
23.524753 0.009979
23.529754 0.009108
23.534755 0.008277
23.539756 0.007350
23.544757 0.006726
23.549758 0.005315
23.554759 0.003748
23.559761 0.003066
23.564762 0.002056
23.569763 0.001067
23.574764 0.000111
23.579765 -0.000570
23.584766 -0.000934
23.589767 -0.002230
23.594768 -0.003425
23.599769 -0.003193
23.604770 -0.002972
23.609771 -0.003266
23.614772 -0.003201
23.619773 -0.002628
23.624774 -0.001383
23.629775 -0.000677
23.634776 -0.000752
23.639777 0.000335
23.644778 0.002092
23.649779 0.002431
23.654780 0.002728
23.659781 0.003992
23.664782 0.004813
23.669783 0.005426
23.674784 0.005963
23.679785 0.006807
23.684786 0.007997
23.689787 0.008319
23.694788 0.008813
23.699789 0.009673
23.704790 0.010122
23.709791 0.009961
23.714792 0.008752
23.719793 0.008258
23.724794 0.007709
23.729795 0.005752
23.734796 0.003951
23.739797 0.002352
23.744798 0.000882
23.749799 -0.000938
23.754800 -0.003234
23.759801 -0.004460
23.764802 -0.005800
23.769803 -0.007734
23.774804 -0.009472
23.779805 -0.010547
23.784806 -0.010844
23.789807 -0.011611
23.794808 -0.012048
23.799809 -0.011299
23.804810 -0.009981
23.809811 -0.009074
23.814812 -0.008082
23.819813 -0.006198
23.824814 -0.004872
23.829815 -0.003683
23.834816 -0.002705
23.839817 -0.001659
23.844818 -0.000114
23.849819 0.000066
23.854820 -0.000253
23.859821 -0.000043
23.864822 -0.000154
23.869823 -0.000920
23.874824 -0.002535
23.879825 -0.004067
23.884826 -0.005472
23.889827 -0.007380
23.894828 -0.009202
23.899829 -0.010463
23.904830 -0.011659
23.909831 -0.012970
23.914832 -0.013914
23.919833 -0.014102
23.924834 -0.013952
23.929835 -0.014127
23.934836 -0.014117
23.939837 -0.013532
23.944838 -0.012365
23.949839 -0.011559
23.954840 -0.011336
23.959841 -0.010009
23.964842 -0.008182
23.969843 -0.006721
23.974844 -0.004908
23.979845 -0.002968
23.984846 0.000003
23.989847 0.002356
23.994848 0.004035
23.999849 0.006984
24.004850 0.010249
24.009851 0.012763
24.014852 0.014449
24.019853 0.017012
24.024854 0.019692
24.029855 0.021523
24.034857 0.023090
24.039858 0.024787
24.044859 0.026080
24.049860 0.026034
24.054861 0.026359
24.059862 0.026581
24.064863 0.026297
24.069864 0.025335
24.074865 0.023241
24.079866 0.021852
24.084867 0.020364
24.089868 0.017413
24.094869 0.014574
24.099870 0.012306
24.104871 0.009356
24.109872 0.006036
24.114873 0.002377
24.119874 -0.000666
24.124875 -0.003653
24.129876 -0.007063
24.134877 -0.010073
24.139878 -0.012759
24.144879 -0.014474
24.149880 -0.016595
24.154881 -0.018615
24.159882 -0.019334
24.164883 -0.019805
24.169884 -0.020586
24.174885 -0.021098
24.179886 -0.020412
24.184887 -0.019558
24.189888 -0.018851
24.194889 -0.018198
24.199890 -0.017199
24.204891 -0.015674
24.209892 -0.015231
24.214893 -0.014723
24.219894 -0.013305
24.224895 -0.012077
24.229896 -0.011272
24.234897 -0.011391
24.239898 -0.010684
24.244899 -0.010135
24.249900 -0.010849
24.254901 -0.010735
24.259902 -0.010398
24.264903 -0.009807
24.269904 -0.009852
24.274905 -0.009738
24.279906 -0.007974
24.284907 -0.006632
24.289908 -0.005789
24.294909 -0.004014
24.299910 -0.001950
24.304911 -0.000284
24.309912 0.001146
24.314913 0.001728
24.319914 0.003187
24.324915 0.005590
24.329916 0.006692
24.334917 0.007793
24.339918 0.009408
24.344919 0.010824
24.349920 0.011875
24.354921 0.012790
24.359922 0.014062
24.364923 0.015082
24.369924 0.015578
24.374925 0.016087
24.379926 0.017270
24.384927 0.018755
24.389928 0.019384
24.394929 0.019736
24.399930 0.021088
24.404931 0.022440
24.409932 0.023208
24.414933 0.023599
24.419934 0.023868
24.424935 0.024197
24.429936 0.022860
24.434937 0.020648
24.439938 0.019339
24.444939 0.018007
24.449940 0.015943
24.454941 0.012916
24.459942 0.010790
24.464943 0.009404
24.469944 0.006917
24.474945 0.004364
24.479946 0.002552
24.484947 0.001205
24.489948 -0.000615
24.494949 -0.002681
24.499950 -0.003910
24.504951 -0.004942
24.509953 -0.006414
24.514954 -0.007818
24.519955 -0.008447
24.524956 -0.008994
24.529957 -0.010546
24.534958 -0.011763
24.539959 -0.012312
24.544960 -0.012853
24.549961 -0.013616
24.554962 -0.015130
24.559963 -0.015511
24.564964 -0.015125
24.569965 -0.015625
24.574966 -0.015730
24.579967 -0.015144
24.584968 -0.014285
24.589969 -0.013877
24.594970 -0.013201
24.599971 -0.011471
24.604972 -0.010020
24.609973 -0.008958
24.614974 -0.008248
24.619975 -0.006530
24.624976 -0.004454
24.629977 -0.003332
24.634978 -0.001895
24.639979 -0.000392
24.644980 0.001436
24.649981 0.002733
24.654982 0.003421
24.659983 0.004503
24.664984 0.005356
24.669985 0.005108
24.674986 0.004391
24.679987 0.004781
24.684988 0.004547
24.689989 0.003749
24.694990 0.002715
24.699991 0.001816
24.704992 0.002156
24.709993 0.001270
24.714994 -0.000032
24.719995 0.000404
24.724996 0.000520
24.729997 -0.000084
24.734998 -0.000595
24.739999 -0.000812
24.745000 -0.000499
