0.000000 0.000000
0.005001 -0.000045
0.010002 -0.000528
0.015003 0.002263
0.020004 -0.002245
0.025005 -0.000890
0.030006 0.004618
0.035007 -0.000891
0.040008 -0.001164
0.045009 -0.000624
0.050010 0.001700
0.055011 -0.000498
0.060012 -0.002056
0.065013 0.003549
0.070014 0.001024
0.075015 -0.003039
0.080016 0.001288
0.085017 0.000232
0.090018 0.000089
0.095019 0.003981
0.100020 -0.003482
0.105021 -0.001347
0.110022 0.003937
0.115023 0.001358
0.120024 -0.004127
0.125025 0.001539
0.130026 0.001518
0.135027 -0.000908
0.140028 0.001704
0.145029 -0.003206
0.150030 0.004306
0.155031 -0.001474
0.160032 -0.001517
0.165033 0.003508
0.170034 -0.001659
0.175035 0.003438
0.180036 -0.001249
0.185037 -0.002034
0.190038 0.002417
0.195039 -0.000965
0.200040 0.002167
0.205041 0.000869
0.210042 -0.001579
0.215043 0.000997
0.220044 -0.001411
0.225045 0.000883
0.230046 0.002023
0.235047 -0.000950
0.240048 -0.001571
0.245049 0.000158
0.250050 0.000606
0.255051 0.000721
0.260052 -0.000619
0.265053 0.000813
0.270054 0.001561
0.275055 -0.003045
0.280056 0.000067
0.285057 0.000020
0.290058 0.001558
0.295059 -0.000213
0.300060 -0.001273
0.305061 0.001426
0.310062 -0.001634
0.315063 0.001402
0.320064 -0.001019
0.325065 0.000116
0.330066 0.001899
0.335067 -0.000095
0.340068 -0.001769
0.345069 -0.002978
0.350070 0.004054
0.355071 -0.000004
0.360072 -0.001348
0.365073 0.000645
0.370074 -0.001089
0.375075 0.001619
0.380076 -0.003024
0.385077 0.001021
0.390078 0.002137
0.395079 -0.001958
0.400080 0.000067
0.405081 -0.000195
0.410082 -0.000256
0.415083 0.001361
0.420084 0.001057
0.425085 -0.004460
0.430086 0.002342
0.435087 0.001544
0.440088 -0.002229
0.445089 0.002498
0.450090 -0.001844
0.455091 0.000461
0.460092 -0.000107
0.465093 -0.001180
0.470094 0.001094
0.475095 0.000195
0.480096 -0.000103
0.485097 -0.002779
0.490098 0.002376
0.495099 0.001363
0.500100 -0.002619
0.505101 0.001129
0.510102 -0.000440
0.515103 0.000472
0.520104 0.000369
0.525105 -0.001024
0.530106 -0.000043
0.535107 0.002224
0.540108 -0.000996
0.545109 -0.001675
0.550110 0.002905
0.555111 -0.000567
0.560112 -0.000605
0.565113 -0.000521
0.570114 0.000098
0.575115 0.001037
0.580116 0.001538
0.585117 -0.001380
0.590118 -0.001324
0.595119 0.001338
0.600120 -0.001972
0.605121 0.002448
0.610122 -0.001195
0.615123 -0.001707
0.620124 0.001324
0.625125 -0.000666
0.630126 0.002546
0.635127 -0.001173
0.640128 -0.000867
0.645129 0.000715
0.650130 -0.000846
0.655131 0.002309
0.660132 -0.000903
0.665133 -0.001505
0.670134 0.002483
0.675135 -0.000754
0.680136 -0.001581
0.685137 0.000662
0.690138 0.002524
0.695139 -0.002758
0.700140 -0.001343
0.705141 0.003122
0.710142 -0.000844
0.715143 -0.000276
0.720144 0.000568
0.725145 0.001441
0.730146 -0.001121
0.735147 -0.000311
0.740148 -0.001064
0.745149 0.000850
0.750150 0.000883
0.755151 -0.000364
0.760152 0.002649
0.765153 -0.003848
0.770154 0.001569
0.775155 0.002053
0.780156 -0.002655
0.785157 0.001571
0.790158 0.000814
0.795159 -0.000755
0.800160 0.000682
0.805161 0.001565
0.810162 -0.002500
0.815163 -0.000117
0.820164 0.001653
0.825165 0.000642
0.830166 -0.000459
0.835167 -0.000625
0.840168 0.002070
0.845169 -0.002266
0.850170 0.000920
0.855171 0.000938
0.860172 -0.001267
0.865173 0.001029
0.870174 -0.000679
0.875175 0.001179
0.880176 -0.001693
0.885177 0.000530
0.890178 0.001178
0.895179 -0.001125
0.900180 0.001354
0.905181 0.000077
0.910182 -0.000292
0.915183 0.000173
0.920184 -0.000622
0.925185 0.000529
0.930186 0.001364
0.935187 -0.000634
0.940188 0.002551
0.945189 -0.001567
0.950190 -0.000361
0.955191 0.002014
0.960192 -0.002713
0.965193 0.002191
0.970194 0.000616
0.975195 -0.000036
0.980196 -0.000827
0.985197 -0.000510
0.990198 0.003004
0.995199 -0.000391
1.000200 -0.002351
1.005201 0.001116
1.010202 0.001484
1.015203 -0.000099
1.020204 -0.000405
1.025205 0.000460
1.030206 0.003444
1.035207 -0.001873
1.040208 -0.001994
1.045209 0.003011
1.050210 0.002044
1.055211 -0.002190
1.060212 0.001152
1.065213 0.001115
1.070214 -0.001913
1.075215 0.004318
1.080216 -0.002626
1.085217 -0.000200
1.090218 0.003053
1.095219 -0.002668
1.100220 0.001362
1.105221 -0.000575
1.110222 -0.000408
1.115223 0.002448
1.120224 0.000668
1.125225 -0.002590
1.130226 -0.000023
1.135228 0.002059
1.140229 -0.002035
1.145230 0.000971
1.150231 0.000648
1.155232 -0.001735
1.160233 0.001319
1.165234 0.000796
1.170235 -0.001473
1.175236 0.001332
1.180237 0.001243
1.185238 -0.001248
1.190239 0.002078
1.195240 -0.001451
1.200241 -0.000703
1.205242 0.002135
1.210243 -0.000406
1.215244 0.000695
1.220245 -0.000113
1.225246 0.000296
1.230247 0.000056
1.235248 0.000378
1.240249 -0.000316
1.245250 -0.000684
1.250251 0.001974
1.255252 0.000108
1.260253 -0.000806
1.265254 0.000123
1.270255 -0.000260
1.275256 0.001836
1.280257 -0.001429
1.285258 0.001426
1.290259 0.002622
1.295260 -0.003815
1.300261 0.002008
1.305262 -0.001300
1.310263 0.000282
1.315264 0.002761
1.320265 -0.002207
1.325266 0.001408
1.330267 -0.001552
1.335268 -0.000262
1.340269 0.003708
1.345270 -0.000713
1.350271 -0.003652
1.355272 0.003987
1.360273 -0.000812
1.365274 -0.001713
1.370275 0.005304
1.375276 -0.004417
1.380277 0.001386
1.385278 0.002958
1.390279 -0.002084
1.395280 0.001677
1.400281 0.000124
1.405282 -0.001881
1.410283 0.000995
1.415284 0.001780
1.420285 -0.002983
1.425286 0.002279
1.430287 0.001145
1.435288 -0.001303
1.440289 -0.000230
1.445290 0.000203
1.450291 0.003093
1.455292 -0.003268
1.460293 0.001621
1.465294 0.000951
1.470295 -0.002455
1.475296 0.002554
1.480297 -0.001289
1.485298 0.002253
1.490299 0.000250
1.495300 -0.001197
1.500301 0.001327
1.505302 -0.001353
1.510303 0.001286
1.515304 -0.000134
1.520305 -0.001484
1.525306 0.001041
1.530307 0.001959
1.535308 -0.000308
1.540309 -0.000250
1.545310 0.000008
1.550311 -0.000079
1.555312 0.000512
1.560313 -0.001259
1.565314 0.001500
1.570315 0.001448
1.575316 -0.001493
1.580317 0.000696
1.585318 0.001026
1.590319 -0.001237
1.595320 0.003135
1.600321 -0.000912
1.605322 -0.002277
1.610323 0.003827
1.615324 -0.001243
1.620325 0.000337
1.625326 0.001997
1.630327 0.000947
1.635328 -0.002102
1.640329 -0.000681
1.645330 0.002411
1.650331 -0.001732
1.655332 0.002744
1.660333 0.001093
1.665334 -0.002445
1.670335 0.000917
1.675336 0.001934
1.680337 -0.002682
1.685338 0.000409
1.690339 0.003641
1.695340 -0.001699
1.700341 0.000608
1.705342 -0.000090
1.710343 0.001522
1.715344 -0.001115
1.720345 0.000717
1.725346 0.001230
1.730347 -0.003328
1.735348 0.004053
1.740349 -0.000793
1.745350 0.000531
1.750351 0.000786
1.755352 -0.001698
1.760353 0.002135
1.765354 -0.002090
1.770355 0.002288
1.775356 0.001194
1.780357 -0.001530
1.785358 0.001009
1.790359 0.000184
1.795360 -0.001110
1.800361 -0.000268
1.805362 0.002190
1.810363 -0.002432
1.815364 0.003071
1.820365 -0.000603
1.825366 -0.002362
1.830367 0.004950
1.835368 -0.003223
1.840369 -0.000111
1.845370 0.000341
1.850371 0.001628
1.855372 -0.000566
1.860373 -0.001012
1.865374 0.003079
1.870375 -0.003572
1.875376 0.003445
1.880377 0.000824
1.885378 -0.002700
1.890379 0.002936
1.895380 0.000322
1.900381 -0.002305
1.905382 0.002076
1.910383 0.001012
1.915384 -0.002116
1.920385 0.003145
1.925386 -0.003325
1.930387 0.000197
1.935388 0.002587
1.940389 -0.004205
1.945390 0.002432
1.950391 0.001948
1.955392 -0.002602
1.960393 0.000615
1.965394 0.000578
1.970395 -0.000223
1.975396 0.001441
1.980397 -0.001461
1.985398 0.001169
1.990399 -0.000218
1.995400 0.000777
2.000401 -0.000338
2.005402 -0.000680
2.010403 0.004343
2.015404 -0.002749
2.020405 0.001813
2.025406 -0.001436
2.030407 -0.000722
2.035408 0.003615
2.040409 -0.003081
2.045410 0.000708
2.050411 -0.000447
2.055412 0.001127
2.060413 0.000050
2.065414 -0.001856
2.070415 0.002452
2.075416 -0.001152
2.080417 -0.001644
2.085418 0.002338
2.090419 0.000383
2.095420 -0.001002
2.100421 -0.000266
2.105422 0.000799
2.110423 0.002254
2.115424 0.000083
2.120425 -0.001564
2.125426 -0.001723
2.130427 0.003165
2.135428 0.000080
2.140429 -0.002280
2.145430 0.002743
2.150431 -0.001775
2.155432 -0.000245
2.160433 -0.001002
2.165434 0.001562
2.170435 0.001503
2.175436 -0.003111
2.180437 0.002043
2.185438 -0.002089
2.190439 0.000557
2.195440 0.000662
2.200441 -0.002656
2.205442 0.002428
2.210443 0.000239
2.215444 0.001255
2.220445 -0.001778
2.225446 -0.000636
2.230447 0.003505
2.235448 -0.003548
2.240449 0.002704
2.245450 0.000687
2.250451 -0.002494
2.255452 0.004655
2.260453 -0.004042
2.265454 -0.001339
2.270455 0.002110
2.275456 0.000889
2.280457 -0.000009
2.285458 -0.003956
2.290459 0.003459
2.295460 0.000477
2.300461 -0.000962
2.305462 0.001126
2.310463 -0.002746
2.315464 0.001463
2.320465 -0.000039
2.325466 -0.001794
2.330467 0.003215
2.335468 -0.002707
2.340469 -0.002549
2.345470 0.003309
2.350471 -0.001829
2.355472 -0.000164
2.360473 0.001090
2.365474 -0.001250
2.370475 -0.001450
2.375476 0.001538
2.380477 0.000718
2.385478 -0.001742
2.390479 0.000275
2.395480 -0.000546
2.400481 0.000083
2.405482 -0.003144
2.410483 0.001243
2.415484 0.003682
2.420485 -0.002810
2.425486 -0.001657
2.430487 0.002442
2.435488 -0.000340
2.440489 -0.001197
2.445490 0.001309
2.450491 -0.003080
2.455492 0.002162
2.460493 0.001735
2.465494 -0.002618
2.470495 0.001333
2.475496 -0.000225
2.480497 -0.000642
2.485498 0.000133
2.490499 0.000181
2.495500 0.000236
2.500501 -0.000072
2.505502 -0.000978
2.510503 0.000221
2.515504 0.000489
2.520505 -0.001780
2.525506 0.000543
2.530507 0.000712
2.535508 0.000382
2.540509 -0.000212
2.545510 -0.001767
2.550511 0.004405
2.555512 -0.001801
2.560513 -0.001416
2.565514 0.004135
2.570515 -0.003510
2.575516 -0.000199
2.580517 0.002756
2.585518 0.001702
2.590519 -0.002297
2.595520 0.001636
2.600521 0.000484
2.605522 -0.002691
2.610523 0.004268
2.615524 -0.002092
2.620525 0.000294
2.625526 0.002500
2.630527 -0.002547
2.635528 0.001432
2.640529 0.001252
2.645530 -0.001977
2.650531 0.001066
2.655532 0.001171
2.660533 -0.002155
2.665534 0.001250
2.670535 0.002334
2.675536 0.000965
2.680537 -0.001314
2.685538 -0.001174
2.690539 0.002351
2.695540 -0.000517
2.700541 -0.000273
2.705542 0.000098
2.710543 0.000710
2.715544 0.001142
2.720545 -0.002321
2.725546 0.002537
2.730547 -0.000079
2.735548 -0.000929
2.740549 0.001375
2.745550 -0.002282
2.750551 0.001967
2.755552 -0.000772
2.760553 0.000139
2.765554 0.000984
2.770555 0.000023
2.775556 0.000733
2.780557 -0.002964
2.785558 0.001657
2.790559 -0.001200
2.795560 0.001014
2.800561 0.001494
2.805562 -0.000919
2.810563 0.000866
2.815564 -0.001770
2.820565 0.002918
2.825566 -0.002802
2.830567 -0.000430
2.835568 0.005140
2.840569 -0.002863
2.845570 -0.001099
2.850571 0.001706
2.855572 0.000745
2.860573 -0.000924
2.865574 -0.000004
2.870575 0.001261
2.875576 -0.001160
2.880577 0.001116
2.885578 0.000373
2.890579 -0.000967
2.895580 -0.000439
2.900581 -0.000149
2.905582 0.001928
2.910583 -0.000553
2.915584 0.001698
2.920585 -0.000519
2.925586 -0.003165
2.930587 0.003609
2.935588 0.000921
2.940589 -0.002624
2.945590 0.000545
2.950591 0.002592
2.955592 -0.000804
2.960593 -0.001976
2.965594 0.002363
2.970595 -0.001036
2.975596 0.000240
2.980597 0.000103
2.985598 -0.002290
2.990599 0.002364
2.995600 -0.000403
3.000601 0.002607
3.005602 0.000209
3.010603 -0.002841
3.015604 0.004083
3.020605 -0.001212
3.025606 -0.000098
3.030607 0.002560
3.035608 -0.001941
3.040609 0.000513
3.045610 0.000055
3.050611 0.000112
3.055612 0.002133
3.060613 -0.000384
3.065614 -0.000810
3.070615 0.003271
3.075616 -0.001814
3.080617 -0.000850
3.085618 0.004882
3.090619 -0.002285
3.095620 0.002427
3.100621 -0.001278
3.105622 -0.002556
3.110623 0.005959
3.115624 -0.000914
3.120625 -0.000798
3.125626 0.001017
3.130627 -0.000542
3.135628 0.002378
3.140629 -0.000540
3.145630 -0.003844
3.150631 0.005879
3.155632 -0.000360
3.160633 -0.004219
3.165634 0.004887
3.170635 -0.000379
3.175636 -0.000880
3.180637 -0.000294
3.185638 0.001791
3.190639 0.001238
3.195640 -0.002279
3.200641 0.000583
3.205642 0.000704
3.210643 0.000193
3.215644 0.000688
3.220645 -0.001445
3.225646 -0.000389
3.230647 0.000457
3.235648 0.000074
3.240649 0.001168
3.245650 -0.000909
3.250651 0.001476
3.255652 -0.000206
3.260653 -0.001115
3.265654 0.001040
3.270655 0.001849
3.275656 0.000194
3.280657 -0.001789
3.285658 0.002906
3.290659 -0.000405
3.295660 0.000396
3.300661 -0.000546
3.305662 -0.001933
3.310663 0.003447
3.315664 -0.000512
3.320665 0.000473
3.325666 0.000592
3.330667 -0.001244
3.335668 0.003037
3.340669 -0.001189
3.345670 -0.000181
3.350671 0.001345
3.355672 -0.001205
3.360673 0.002736
3.365674 -0.001007
3.370675 0.001634
3.375676 0.001749
3.380677 -0.003430
3.385678 0.002494
3.390679 0.002300
3.395680 -0.001718
3.400681 0.000272
3.405683 0.000919
3.410684 -0.000687
3.415685 0.001133
3.420686 0.001305
3.425687 -0.002064
3.430688 0.001172
3.435689 0.002535
3.440690 -0.002936
3.445691 0.002725
3.450692 0.001016
3.455693 -0.001769
3.460694 0.001257
3.465695 -0.000363
3.470696 0.003711
3.475697 -0.001649
3.480698 0.000083
3.485699 0.000100
3.490700 0.000920
3.495701 0.002744
3.500702 -0.006242
3.505703 0.003276
3.510704 0.000357
3.515705 -0.000290
3.520706 0.003514
3.525707 -0.003764
3.530708 0.003549
3.535709 0.000329
3.540710 -0.001843
3.545711 0.000685
3.550712 0.000288
3.555713 0.002555
3.560714 -0.001943
3.565715 0.003327
3.570716 0.000994
3.575717 -0.003455
3.580718 0.002028
3.585719 0.002164
3.590720 0.001758
3.595721 -0.004575
3.600722 0.002734
3.605723 0.002884
3.610724 -0.003572
3.615725 0.002313
3.620726 -0.000537
3.625727 0.001039
3.630728 0.000323
3.635729 0.000683
3.640730 0.000486
3.645731 -0.000970
3.650732 0.001319
3.655733 0.000574
3.660734 0.001164
3.665735 0.000111
3.670736 0.001848
3.675737 -0.001741
3.680738 -0.001257
3.685739 0.002708
3.690740 0.000353
3.695741 -0.000781
3.700742 0.000796
3.705743 0.000558
3.710744 -0.001615
3.715745 0.003597
3.720746 -0.001837
3.725747 0.000133
3.730748 0.003422
3.735749 -0.002148
3.740750 0.001996
3.745751 -0.002132
3.750752 0.001942
3.755753 0.001123
3.760754 -0.001859
3.765755 0.002065
3.770756 0.000391
3.775757 0.000765
3.780758 -0.003369
3.785759 0.002122
3.790760 0.001745
3.795761 -0.001751
3.800762 0.001895
3.805763 -0.001408
3.810764 0.001710
3.815765 0.000934
3.820766 -0.001621
3.825767 0.000965
3.830768 -0.000024
3.835769 0.001963
3.840770 -0.000422
3.845771 -0.001208
3.850772 0.002010
3.855773 -0.001242
3.860774 0.001484
3.865775 0.000755
3.870776 -0.001987
3.875777 0.001783
3.880778 -0.001090
3.885779 0.000388
3.890780 0.001812
3.895781 -0.000492
3.900782 -0.001452
3.905783 0.000173
3.910784 0.002950
3.915785 -0.003171
3.920786 0.001157
3.925787 0.000745
3.930788 -0.001025
3.935789 0.004763
3.940790 -0.003766
3.945791 -0.000545
3.950792 0.002160
3.955793 -0.000944
3.960794 0.000598
3.965795 0.000887
3.970796 -0.001187
3.975797 -0.000269
3.980798 0.002329
3.985799 -0.002344
3.990800 0.001633
3.995801 0.000751
4.000802 -0.001236
4.005803 -0.000355
4.010804 0.000938
4.015805 0.001870
4.020806 -0.002322
4.025807 0.001098
4.030808 0.001273
4.035809 -0.000543
4.040810 -0.000995
4.045811 0.000260
4.050812 0.000791
4.055813 -0.000395
4.060814 0.001044
4.065815 -0.001042
4.070816 -0.000442
4.075817 0.001404
4.080818 -0.000157
4.085819 0.000041
4.090820 -0.000029
4.095821 0.000985
4.100822 -0.001042
4.105823 -0.002169
4.110824 0.002322
4.115825 0.001680
4.120826 -0.002179
4.125827 -0.000213
4.130828 0.001398
4.135829 -0.000791
4.140830 0.003025
4.145831 -0.001454
4.150832 -0.002142
4.155833 0.004265
4.160834 -0.000190
4.165835 0.000280
4.170836 -0.000002
4.175837 -0.001945
4.180838 0.001708
4.185839 0.001467
4.190840 -0.001288
4.195841 0.001967
4.200842 -0.000765
4.205843 -0.001430
4.210844 0.003285
4.215845 -0.000965
4.220846 -0.001407
4.225847 0.000870
4.230848 0.001711
4.235849 -0.000836
4.240850 -0.000266
4.245851 0.001386
4.250852 -0.000149
4.255853 -0.000087
4.260854 -0.000558
4.265855 0.000318
4.270856 -0.001916
4.275857 0.001908
4.280858 0.001617
4.285859 -0.002901
4.290860 0.003019
4.295861 0.000559
4.300862 -0.001932
4.305863 0.001452
4.310864 -0.000549
4.315865 0.001395
4.320866 -0.000102
4.325867 -0.000926
4.330868 0.001915
4.335869 -0.000573
4.340870 -0.000187
4.345871 -0.000608
4.350872 0.001927
4.355873 0.001556
4.360874 -0.001469
4.365875 0.000075
4.370876 0.001727
4.375877 0.000065
4.380878 -0.002708
4.385879 0.003447
4.390880 0.001915
4.395881 -0.002556
4.400882 0.001460
4.405883 0.001652
4.410884 -0.001778
4.415885 0.001314
4.420886 0.001296
4.425887 -0.000654
4.430888 0.002318
4.435889 -0.000552
4.440890 -0.000264
4.445891 -0.000356
4.450892 0.001724
4.455893 0.001736
4.460894 -0.002630
4.465895 0.000272
4.470896 0.002230
4.475897 0.000095
4.480898 -0.000581
4.485899 0.000286
4.490900 -0.000653
4.495901 0.001387
4.500902 -0.001012
4.505903 0.000204
4.510904 0.001260
4.515905 -0.000413
4.520906 0.001543
4.525907 -0.001862
4.530908 0.002051
4.535909 0.001421
4.540910 -0.000250
4.545911 0.000374
4.550912 -0.002580
4.555913 0.001937
4.560914 0.000629
4.565915 -0.000658
4.570916 0.001325
4.575917 -0.001695
4.580918 -0.000423
4.585919 0.001994
4.590920 0.000730
4.595921 -0.000417
4.600922 0.000433
4.605923 0.000651
4.610924 -0.000561
4.615925 0.004356
4.620926 -0.002884
4.625927 -0.002702
4.630928 0.004497
4.635929 -0.001987
4.640930 0.002982
4.645931 -0.000352
4.650932 0.001891
4.655933 0.000958
4.660934 -0.000895
4.665935 0.006291
4.670936 -0.002635
4.675937 -0.000977
4.680938 -0.002235
4.685939 0.002747
4.690940 0.002920
4.695941 -0.003951
4.700942 0.003218
4.705943 -0.002218
4.710944 -0.000701
4.715945 0.003086
4.720946 0.000528
4.725947 0.001269
4.730948 0.001019
4.735949 0.000206
4.740950 -0.001315
4.745951 0.000785
4.750952 0.001143
4.755953 -0.001228
4.760954 -0.001136
4.765955 0.001854
4.770956 0.001807
4.775957 -0.000477
4.780958 0.001248
4.785959 -0.000130
4.790960 -0.001336
4.795961 0.002626
4.800962 -0.001482
4.805963 -0.001643
4.810964 0.002413
4.815965 -0.001805
4.820966 0.000633
4.825967 0.002023
4.830968 -0.001176
4.835969 0.000995
4.840970 0.000789
4.845971 -0.001241
4.850972 -0.003139
4.855973 0.000065
4.860974 0.002118
4.865975 -0.004113
4.870976 -0.004797
4.875977 -0.000469
4.880978 0.001089
4.885979 0.003714
4.890980 0.008551
4.895981 0.005131
4.900982 0.004485
4.905983 0.004356
4.910984 0.006326
4.915985 0.009209
4.920986 0.003956
4.925987 0.004806
4.930988 -0.003042
4.935989 -0.008404
4.940990 -0.010770
4.945991 -0.010243
4.950992 -0.001077
4.955993 -0.005251
4.960994 -0.005653
4.965995 -0.002857
4.970996 -0.004344
4.975997 0.002846
4.980998 0.008838
4.985999 0.013575
4.991000 0.015453
4.996001 0.007947
5.001002 0.007265
5.006003 0.004612
5.011004 0.004171
5.016005 -0.000225
5.021006 -0.005917
5.026007 -0.003586
5.031008 -0.011940
5.036009 -0.005680
5.041010 -0.000820
5.046011 -0.001894
5.051012 -0.006194
5.056013 -0.018725
5.061014 -0.018287
5.066015 -0.012304
5.071016 0.000786
5.076017 0.003005
5.081018 0.006077
5.086019 0.013565
5.091020 0.007348
5.096021 0.008421
5.101022 0.011202
5.106023 0.010428
5.111024 0.001840
5.116025 -0.011033
5.121026 -0.008199
5.126027 0.002867
5.131028 0.007385
5.136029 0.000915
5.141030 -0.006458
5.146031 -0.010215
5.151032 -0.014138
5.156033 -0.004984
5.161034 0.012459
5.166035 0.027160
5.171036 0.034155
5.176037 0.018807
5.181038 -0.000407
5.186039 -0.014143
5.191040 -0.007470
5.196041 0.019373
5.201042 0.021854
5.206043 0.002098
5.211044 -0.026037
5.216045 -0.045838
5.221046 -0.042613
5.226047 -0.012514
5.231048 0.025600
5.236049 0.030152
5.241050 0.010911
5.246051 -0.005146
5.251052 -0.007882
5.256053 0.008464
5.261054 0.030118
5.266055 0.033557
5.271056 0.015647
5.276057 -0.018281
5.281058 -0.048239
5.286059 -0.042923
5.291060 -0.000005
5.296061 0.038742
5.301062 0.025527
5.306063 -0.011757
5.311064 -0.031035
5.316065 -0.029309
5.321066 -0.004581
5.326067 0.013367
5.331068 0.008621
5.336069 -0.009408
5.341070 -0.033614
5.346071 -0.033218
5.351072 -0.013007
5.356073 0.015118
5.361074 0.035283
5.366075 0.012916
5.371076 -0.015075
5.376077 -0.013477
5.381078 0.016579
5.386079 0.055170
5.391080 0.053800
5.396081 0.016587
5.401082 -0.010645
5.406083 -0.001554
5.411084 0.026622
5.416085 0.034163
5.421086 0.012788
5.426087 -0.016139
5.431088 -0.037084
5.436089 -0.033334
5.441090 -0.005569
5.446091 0.004357
5.451092 -0.009454
5.456093 -0.028936
5.461094 -0.049709
5.466095 -0.040084
5.471096 -0.008769
5.476097 0.009298
5.481098 0.019545
5.486099 0.012588
5.491100 0.000091
5.496101 0.000803
5.501102 0.018477
5.506103 0.051338
5.511104 0.053370
5.516105 0.022494
5.521106 -0.014393
5.526107 -0.024307
5.531108 -0.013297
5.536109 -0.022447
5.541110 -0.030297
5.546111 -0.040215
5.551112 -0.040344
5.556113 -0.024131
5.561114 -0.003526
5.566115 0.019336
5.571116 0.028779
5.576117 0.025908
5.581118 0.021184
5.586119 0.032013
5.591120 0.038388
5.596121 0.032516
5.601122 -0.001435
5.606123 -0.033742
5.611124 -0.030536
5.616125 -0.013589
5.621126 0.005412
5.626127 0.001329
5.631128 -0.013703
5.636129 -0.025759
5.641130 -0.013932
5.646131 0.006436
5.651132 0.026534
5.656133 0.033242
5.661134 0.004827
5.666135 -0.008439
5.671137 -0.006132
5.676138 0.001212
5.681139 -0.000596
5.686140 -0.003718
5.691141 -0.003452
5.696142 -0.012281
5.701143 -0.008281
5.706144 -0.006638
5.711145 0.002064
5.716146 0.015128
5.721147 0.011279
5.726148 0.006781
5.731149 0.004160
5.736150 0.003379
5.741151 0.000327
5.746152 -0.006606
5.751153 -0.009409
5.756154 -0.019561
5.761155 -0.029955
5.766156 -0.020481
5.771157 -0.012140
5.776158 -0.006612
5.781159 0.001513
5.786160 0.002873
5.791161 0.010364
5.796162 0.012016
5.801163 0.021563
5.806164 0.043299
5.811165 0.037539
5.816166 0.023750
5.821167 0.019637
5.826168 0.031616
5.831169 0.045327
5.836170 0.036804
5.841171 0.020031
5.846172 -0.009786
5.851173 -0.033398
5.856174 -0.053548
5.861175 -0.079861
5.866176 -0.086529
5.871177 -0.074142
5.876178 -0.040684
5.881179 -0.004402
5.886180 0.013852
5.891181 0.019257
5.896182 0.027003
5.901183 0.034381
5.906184 0.046735
5.911185 0.061317
5.916186 0.050457
5.921187 0.026477
5.926188 0.003274
5.931189 -0.005225
5.936190 -0.010142
5.941191 -0.015726
5.946192 -0.012665
5.951193 -0.012253
5.956194 -0.014593
5.961195 -0.027940
5.966196 -0.034052
5.971197 -0.023314
5.976198 -0.008513
5.981199 0.001110
5.986200 0.000376
5.991201 -0.009993
5.996202 -0.020059
6.001203 -0.010499
6.006204 0.010367
6.011205 0.031621
6.016206 0.039946
6.021207 0.031850
6.026208 0.017911
6.031209 0.009054
6.036210 0.011843
6.041211 0.015884
6.046212 0.025172
6.051213 0.018269
6.056214 0.000000
6.061215 -0.001990
6.066216 -0.006431
6.071217 -0.013361
6.076218 -0.024616
6.081219 -0.034428
6.086220 -0.044095
6.091221 -0.055621
6.096222 -0.049665
6.101223 -0.022200
6.106224 0.020976
6.111225 0.049311
6.116226 0.055757
6.121227 0.041872
6.126228 0.021757
6.131229 0.017373
6.136230 0.024427
6.141231 0.035037
6.146232 0.021382
6.151233 -0.019596
6.156234 -0.056130
6.161235 -0.064057
6.166236 -0.040041
6.171237 -0.012363
6.176238 0.001405
6.181239 0.006055
6.186240 -0.003929
6.191241 -0.003504
6.196242 0.011662
6.201243 0.028945
6.206244 0.032193
6.211245 0.006692
6.216246 -0.012743
6.221247 -0.022832
6.226248 -0.022370
6.231249 -0.017905
6.236250 0.001628
6.241251 0.027580
6.246252 0.029642
6.251253 0.031097
6.256254 0.030980
6.261255 0.038395
6.266256 0.033209
6.271257 0.005867
6.276258 -0.013838
6.281259 -0.021525
6.286260 -0.027249
6.291261 -0.029891
6.296262 -0.025891
6.301263 -0.031572
6.306264 -0.036480
6.311265 -0.039922
6.316266 -0.026083
6.321267 0.003327
6.326268 0.030275
6.331269 0.050131
6.336270 0.041628
6.341271 0.025923
6.346272 0.019187
6.351273 0.025708
6.356274 0.033655
6.361275 0.029506
6.366276 0.017093
6.371277 -0.004931
6.376278 -0.030730
6.381279 -0.046121
6.386280 -0.036944
6.391281 -0.020740
6.396282 -0.007716
6.401283 -0.001956
6.406284 -0.004543
6.411285 -0.006850
6.416286 -0.006692
6.421287 0.007906
6.426288 0.026185
6.431289 0.032496
6.436290 0.016071
6.441291 -0.016554
6.446292 -0.034757
6.451293 -0.035385
6.456294 -0.029076
6.461295 -0.014435
6.466296 0.007622
6.471297 0.023885
6.476298 0.040758
6.481299 0.042728
6.486300 0.034856
6.491301 0.038153
6.496302 0.027849
6.501303 0.017603
6.506304 0.001349
6.511305 -0.016363
6.516306 -0.023472
6.521307 -0.033687
6.526308 -0.028061
6.531309 -0.021205
6.536310 -0.016618
6.541311 0.002544
6.546312 0.029443
6.551313 0.038531
6.556314 0.026262
6.561315 0.013327
6.566316 0.003975
6.571317 0.011638
6.576318 0.019970
6.581319 0.007777
6.586320 -0.018877
6.591321 -0.037505
6.596322 -0.031993
6.601323 -0.014119
6.606324 0.006721
6.611325 0.002857
6.616326 -0.013275
6.621327 -0.012130
6.626328 0.001269
6.631329 0.036504
6.636330 0.065670
6.641331 0.075395
6.646332 0.063312
6.651333 0.029123
6.656334 0.011023
6.661335 -0.001207
6.666336 -0.012542
6.671337 -0.030270
6.676338 -0.059980
6.681339 -0.079170
6.686340 -0.081683
6.691341 -0.068021
6.696342 -0.047063
6.701343 -0.027081
6.706344 -0.021062
6.711345 -0.017373
6.716346 0.001507
6.721347 0.021302
6.726348 0.032516
6.731349 0.035820
6.736350 0.035152
6.741351 0.038809
6.746352 0.042731
6.751353 0.041179
6.756354 0.024191
6.761355 0.005470
6.766356 0.000473
6.771357 -0.000471
6.776358 0.013640
6.781359 0.014907
6.786360 0.000797
6.791361 0.001666
6.796362 -0.004947
6.801363 -0.013672
6.806364 -0.023078
6.811365 -0.028708
6.816366 -0.025474
6.821367 -0.028016
6.826368 -0.018622
6.831369 -0.008842
6.836370 -0.000900
6.841371 0.002345
6.846372 -0.005798
6.851373 -0.002834
6.856374 0.004391
6.861375 0.025034
6.866376 0.043855
6.871377 0.034554
6.876378 0.020593
6.881379 0.010421
6.886380 0.009382
6.891381 0.016880
6.896382 0.008610
6.901383 0.000586
6.906384 -0.003425
6.911385 -0.014097
6.916386 -0.009783
6.921387 -0.018819
6.926388 -0.041846
6.931389 -0.068662
6.936390 -0.091420
6.941391 -0.078147
6.946392 -0.049544
6.951393 -0.014131
6.956394 0.001650
6.961395 0.001225
6.966396 0.008395
6.971397 0.012867
6.976398 0.024966
6.981399 0.022899
6.986400 0.000990
6.991401 -0.035672
6.996402 -0.069861
7.001403 -0.085917
7.006404 -0.091274
7.011405 -0.090783
7.016406 -0.123120
7.021407 -0.166138
7.026408 -0.202164
7.031409 -0.227069
7.036410 -0.228512
7.041411 -0.231305
7.046412 -0.239739
7.051413 -0.277018
7.056414 -0.315971
7.061415 -0.329185
7.066416 -0.318537
7.071417 -0.283755
7.076418 -0.243682
7.081419 -0.197359
7.086420 -0.150922
7.091421 -0.087416
7.096422 -0.006306
7.101423 0.097977
7.106424 0.198679
7.111425 0.256629
7.116426 0.295862
7.121427 0.316498
7.126428 0.359174
7.131429 0.412231
7.136430 0.451787
7.141431 0.476000
7.146432 0.445595
7.151433 0.391784
7.156434 0.326094
7.161435 0.261278
7.166436 0.185796
7.171437 0.096919
7.176438 0.006744
7.181439 -0.094040
7.186440 -0.151686
7.191441 -0.178358
7.196442 -0.178019
7.201443 -0.146761
7.206444 -0.120777
7.211445 -0.093803
7.216446 -0.060966
7.221447 -0.019065
7.226448 0.039419
7.231449 0.113853
7.236450 0.185047
7.241451 0.256061
7.246452 0.309370
7.251453 0.337735
7.256454 0.356642
7.261455 0.351126
7.266456 0.325574
7.271457 0.269689
7.276458 0.188666
7.281459 0.087743
7.286460 -0.032535
7.291461 -0.156577
7.296462 -0.273832
7.301463 -0.357698
7.306464 -0.402291
7.311465 -0.394315
7.316466 -0.349712
7.321467 -0.281927
7.326468 -0.194581
7.331469 -0.131890
7.336470 -0.072560
7.341471 -0.014855
7.346472 0.036985
7.351473 0.092890
7.356474 0.127980
7.361475 0.152753
7.366476 0.159297
7.371477 0.145688
7.376478 0.124993
7.381479 0.098683
7.386480 0.069879
7.391481 0.034496
7.396482 -0.011118
7.401483 -0.065798
7.406484 -0.106773
7.411485 -0.129713
7.416486 -0.144801
7.421487 -0.148374
7.426488 -0.150128
7.431489 -0.145346
7.436490 -0.125736
7.441491 -0.092529
7.446492 -0.050842
7.451493 -0.015056
7.456494 0.015712
7.461495 0.037516
7.466496 0.054243
7.471497 0.074374
7.476498 0.094758
7.481499 0.110882
7.486500 0.115464
7.491501 0.111105
7.496502 0.091741
7.501503 0.063651
7.506504 0.030361
7.511505 -0.012446
7.516506 -0.054576
7.521507 -0.089426
7.526508 -0.098811
7.531509 -0.092587
7.536510 -0.075559
7.541511 -0.049153
7.546512 -0.031977
7.551513 -0.011061
7.556514 0.017028
7.561515 0.034554
7.566516 0.052660
7.571517 0.074689
7.576518 0.087723
7.581519 0.105390
7.586520 0.108264
7.591521 0.110097
7.596522 0.109546
7.601523 0.094681
7.606524 0.083685
7.611525 0.047797
7.616526 0.015726
7.621527 -0.018719
7.626528 -0.054805
7.631529 -0.067456
7.636530 -0.084499
7.641531 -0.084797
7.646532 -0.066387
7.651533 -0.028925
7.656534 0.006894
7.661535 0.024915
7.666536 0.040763
7.671537 0.029974
7.676538 0.021014
7.681539 0.024010
7.686540 0.038018
7.691541 0.066146
7.696542 0.072389
7.701543 0.067765
7.706544 0.047575
7.711545 0.009634
7.716546 -0.029776
7.721547 -0.063775
7.726548 -0.085541
7.731549 -0.098365
7.736550 -0.107244
7.741551 -0.115194
7.746552 -0.117222
7.751553 -0.133609
7.756554 -0.159362
7.761555 -0.177639
7.766556 -0.189906
7.771557 -0.187690
7.776558 -0.172106
7.781559 -0.140228
7.786560 -0.102892
7.791561 -0.080539
7.796562 -0.049150
7.801563 0.000495
7.806564 0.051488
7.811565 0.114726
7.816566 0.165558
7.821567 0.209709
7.826568 0.246663
7.831569 0.253044
7.836570 0.240045
7.841571 0.203779
7.846572 0.159188
7.851573 0.094514
7.856574 0.026632
7.861575 -0.030078
7.866576 -0.075915
7.871577 -0.102630
7.876578 -0.125976
7.881579 -0.131207
7.886580 -0.133776
7.891581 -0.137017
7.896582 -0.134830
7.901583 -0.129601
7.906584 -0.113323
7.911585 -0.094606
7.916586 -0.084829
7.921587 -0.079763
7.926588 -0.070250
7.931589 -0.062251
7.936590 -0.044350
7.941592 -0.014379
7.946593 0.031908
7.951594 0.088008
7.956595 0.134106
7.961596 0.174040
7.966597 0.199226
7.971598 0.209487
7.976599 0.206876
7.981600 0.190457
7.986601 0.164481
7.991602 0.123621
7.996603 0.079517
8.001604 0.037271
8.006605 -0.008740
8.011606 -0.040056
8.016607 -0.065176
8.021608 -0.084851
8.026609 -0.089730
8.031610 -0.104374
8.036611 -0.110716
8.041612 -0.121184
8.046613 -0.130683
8.051614 -0.122049
8.056615 -0.120367
8.061616 -0.086572
8.066617 -0.043810
8.071618 -0.000651
8.076619 0.048181
8.081620 0.077834
8.086621 0.104005
8.091622 0.106183
8.096623 0.101105
8.101624 0.088046
8.106625 0.076355
8.111626 0.083654
8.116627 0.095586
8.121628 0.123300
8.126629 0.139417
8.131630 0.146166
8.136631 0.141252
8.141632 0.121248
8.146633 0.095397
8.151634 0.063544
8.156635 0.043598
8.161636 0.018869
8.166637 0.002788
8.171638 -0.009753
8.176639 -0.029875
8.181640 -0.045834
8.186641 -0.067215
8.191642 -0.083548
8.196643 -0.099631
8.201644 -0.107677
8.206645 -0.108945
8.211646 -0.111435
8.216647 -0.108712
8.221648 -0.097854
8.226649 -0.083784
8.231650 -0.074160
8.236651 -0.060336
8.241652 -0.043443
8.246653 -0.024797
8.251654 -0.012392
8.256655 0.005083
8.261656 0.016086
8.266657 0.022598
8.271658 0.031152
8.276659 0.020506
8.281660 0.010570
8.286661 -0.007121
8.291662 -0.030968
8.296663 -0.059896
8.301664 -0.093385
8.306665 -0.127906
8.311666 -0.159091
8.316667 -0.173107
8.321668 -0.183561
8.326669 -0.178188
8.331670 -0.164422
8.336671 -0.150340
8.341672 -0.133799
8.346673 -0.119331
8.351674 -0.111216
8.356675 -0.120154
8.361676 -0.120078
8.366677 -0.106523
8.371678 -0.077421
8.376679 -0.020099
8.381680 0.044767
8.386681 0.109129
8.391682 0.157526
8.396683 0.190983
8.401684 0.222602
8.406685 0.238125
8.411686 0.244648
8.416687 0.243335
8.421688 0.222094
8.426689 0.197444
8.431690 0.170386
8.436691 0.127406
8.441692 0.093514
8.446693 0.066426
8.451694 0.032906
8.456695 0.005170
8.461696 -0.020723
8.466697 -0.041040
8.471698 -0.058112
8.476699 -0.073829
8.481700 -0.076593
8.486701 -0.063705
8.491702 -0.049869
8.496703 -0.035615
8.501704 -0.012341
8.506705 0.009409
8.511706 0.031954
8.516707 0.051236
8.521708 0.063730
8.526709 0.069497
8.531710 0.077134
8.536711 0.085375
8.541712 0.080321
8.546713 0.079337
8.551714 0.071816
8.556715 0.057839
8.561716 0.038252
8.566717 0.002721
8.571718 -0.030582
8.576719 -0.070619
8.581720 -0.105909
8.586721 -0.133185
8.591722 -0.159215
8.596723 -0.169035
8.601724 -0.165598
8.606725 -0.148240
8.611726 -0.128603
8.616727 -0.105285
8.621728 -0.085948
8.626729 -0.075308
8.631730 -0.059904
8.636731 -0.042596
8.641732 -0.015732
8.646733 0.004616
8.651734 0.021547
8.656735 0.046072
8.661736 0.070907
8.666737 0.099582
8.671738 0.125518
8.676739 0.145768
8.681740 0.151747
8.686741 0.151144
8.691742 0.140705
8.696743 0.120191
8.701744 0.108743
8.706745 0.093018
8.711746 0.078611
8.716747 0.060506
8.721748 0.039017
8.726749 0.020204
8.731750 -0.001603
8.736751 -0.015467
8.741752 -0.030135
8.746753 -0.042735
8.751754 -0.064179
8.756755 -0.079280
8.761756 -0.077954
8.766757 -0.079580
8.771758 -0.068129
8.776759 -0.049156
8.781760 -0.024491
8.786761 0.002984
8.791762 0.030116
8.796763 0.053520
8.801764 0.069338
8.806765 0.077433
8.811766 0.062615
8.816767 0.036471
8.821768 -0.004289
8.826769 -0.049535
8.831770 -0.080997
8.836771 -0.106183
8.841772 -0.107103
8.846773 -0.087212
8.851774 -0.054333
8.856775 -0.015729
8.861776 0.009937
8.866777 0.026884
8.871778 0.034991
8.876779 0.035854
8.881780 0.030641
8.886781 0.029533
8.891782 0.029568
8.896783 0.023275
8.901784 0.019824
8.906785 0.014509
8.911786 0.014692
8.916787 0.009740
8.921788 0.010390
8.926789 0.017947
8.931790 0.016884
8.936791 0.021153
8.941792 0.021578
8.946793 0.021050
8.951794 0.012461
8.956795 -0.003572
8.961796 -0.022971
8.966797 -0.042108
8.971798 -0.050471
8.976799 -0.057602
8.981800 -0.048172
8.986801 -0.038597
8.991802 -0.030522
8.996803 -0.015193
9.001804 -0.006824
9.006805 0.021358
9.011806 0.051251
9.016807 0.072373
9.021808 0.091237
9.026809 0.099184
9.031810 0.101966
9.036811 0.091601
9.041812 0.081856
9.046813 0.058439
9.051814 0.027612
9.056815 0.004198
9.061816 -0.020253
9.066817 -0.035628
9.071818 -0.042563
9.076819 -0.038993
9.081820 -0.044833
9.086821 -0.033768
9.091822 -0.013494
9.096823 -0.009708
9.101824 -0.002735
9.106825 0.001279
9.111826 0.011261
9.116827 0.011124
9.121828 0.008465
9.126829 -0.004493
9.131830 -0.021351
9.136831 -0.027368
9.141832 -0.045463
9.146833 -0.040935
9.151834 -0.043737
9.156835 -0.057294
9.161836 -0.051590
9.166837 -0.055110
9.171838 -0.048556
9.176839 -0.036687
9.181840 -0.024531
9.186841 -0.006204
9.191842 0.009831
9.196843 0.023225
9.201844 0.014456
9.206845 -0.001916
9.211846 -0.026843
9.216847 -0.054685
9.221848 -0.077386
9.226849 -0.098915
9.231850 -0.103302
9.236851 -0.113670
9.241852 -0.104601
9.246853 -0.084637
9.251854 -0.067129
9.256855 -0.030110
9.261856 0.000374
9.266857 0.027589
9.271858 0.044174
9.276859 0.057542
9.281860 0.066276
9.286861 0.069228
9.291862 0.068999
9.296863 0.060621
9.301864 0.050304
9.306865 0.028457
9.311866 0.008680
9.316867 -0.018296
9.321868 -0.041222
9.326869 -0.049379
9.331870 -0.061899
9.336871 -0.069914
9.341872 -0.072626
9.346873 -0.077637
9.351874 -0.082216
9.356875 -0.083079
9.361876 -0.081155
9.366877 -0.077286
9.371878 -0.071112
9.376879 -0.062445
9.381880 -0.049220
9.386881 -0.036223
9.391882 -0.026765
9.396883 -0.008616
9.401884 0.001231
9.406885 0.002203
9.411886 0.009617
9.416887 0.009815
9.421888 0.010878
9.426889 0.014688
9.431890 0.019749
9.436891 0.025095
9.441892 0.031975
9.446893 0.050667
9.451894 0.065256
9.456895 0.075495
9.461896 0.092163
9.466897 0.105531
9.471898 0.111251
9.476899 0.113956
9.481900 0.112461
9.486901 0.107252
9.491902 0.098272
9.496903 0.087938
9.501904 0.077427
9.506905 0.066925
9.511906 0.063916
9.516907 0.058915
9.521908 0.055755
9.526909 0.058493
9.531910 0.052548
9.536911 0.046838
9.541912 0.034928
9.546913 0.017271
9.551914 0.002107
9.556915 -0.025936
9.561916 -0.048359
9.566917 -0.065405
9.571918 -0.087847
9.576919 -0.102508
9.581920 -0.108116
9.586921 -0.110779
9.591922 -0.109827
9.596923 -0.095558
9.601924 -0.081766
9.606925 -0.068390
9.611926 -0.047599
9.616927 -0.026514
9.621928 -0.003985
9.626929 0.022987
9.631930 0.045378
9.636931 0.061979
9.641932 0.071721
9.646933 0.066646
9.651934 0.061692
9.656935 0.050636
9.661936 0.031000
9.666937 0.014519
9.671938 -0.002384
9.676939 -0.019880
9.681940 -0.025861
9.686941 -0.022654
9.691942 -0.026960
9.696943 -0.034772
9.701944 -0.046246
9.706945 -0.058765
9.711946 -0.071641
9.716947 -0.081614
9.721948 -0.086356
9.726949 -0.085936
9.731950 -0.073116
9.736951 -0.062234
9.741952 -0.043820
9.746953 -0.009052
9.751954 0.022868
9.756955 0.056661
9.761956 0.084310
9.766957 0.105347
9.771958 0.118192
9.776959 0.109356
9.781960 0.101863
9.786961 0.081517
9.791962 0.050427
9.796963 0.016678
9.801964 -0.026682
9.806965 -0.055451
9.811966 -0.083205
9.816967 -0.099156
9.821968 -0.093032
9.826969 -0.080048
9.831970 -0.050555
9.836971 -0.014953
9.841972 0.019071
9.846973 0.063034
9.851974 0.099218
9.856975 0.127955
9.861976 0.160590
9.866977 0.174990
9.871978 0.177029
9.876979 0.167220
9.881980 0.145955
9.886981 0.124648
9.891982 0.095480
9.896983 0.063283
9.901984 0.035627
9.906985 0.007462
9.911986 -0.021827
9.916987 -0.041883
9.921988 -0.056929
9.926989 -0.063230
9.931990 -0.057132
9.936991 -0.056660
9.941992 -0.055156
9.946993 -0.045668
9.951994 -0.045542
9.956995 -0.043989
9.961996 -0.031871
9.966997 -0.026449
9.971998 -0.012368
9.976999 0.006373
9.982000 0.020077
9.987001 0.041875
9.992002 0.054100
9.997003 0.059208
10.002004 0.056584
10.007005 0.040054
10.012006 0.016360
10.017007 -0.018600
10.022008 -0.049164
10.027009 -0.085739
10.032010 -0.122397
10.037011 -0.148113
10.042012 -0.176294
10.047013 -0.186363
10.052014 -0.187614
10.057015 -0.185297
10.062016 -0.174142
10.067017 -0.158167
10.072018 -0.138611
10.077019 -0.117697
10.082020 -0.095239
10.087021 -0.073760
10.092022 -0.052765
10.097023 -0.037355
10.102024 -0.020794
10.107025 -0.004223
10.112026 0.007440
10.117027 0.010663
10.122028 0.022406
10.127029 0.031139
10.132030 0.034373
10.137031 0.049092
10.142032 0.064164
10.147033 0.085986
10.152034 0.105101
10.157035 0.122828
10.162036 0.132871
10.167037 0.150800
10.172038 0.169240
10.177039 0.170971
10.182040 0.180119
10.187041 0.182111
10.192042 0.174372
10.197043 0.157919
10.202044 0.138726
10.207046 0.115208
10.212047 0.082317
10.217048 0.052752
10.222049 0.023501
10.227050 -0.008165
10.232051 -0.037709
10.237052 -0.061590
10.242053 -0.074694
10.247054 -0.078990
10.252055 -0.079073
10.257056 -0.060640
10.262057 -0.042136
10.267058 -0.016983
10.272059 0.023670
10.277060 0.058369
10.282061 0.097830
10.287062 0.129153
10.292063 0.152011
10.297064 0.160732
10.302065 0.162510
10.307066 0.153590
10.312067 0.132257
10.317068 0.111846
10.322069 0.075159
10.327070 0.041317
10.332071 0.000948
10.337072 -0.041418
10.342073 -0.074542
10.347074 -0.107074
10.352075 -0.131789
10.357076 -0.146412
10.362077 -0.154700
10.367078 -0.157467
10.372079 -0.152476
10.377080 -0.147879
10.382081 -0.135457
10.387082 -0.122251
10.392083 -0.111597
10.397084 -0.101519
10.402085 -0.096737
10.407086 -0.092545
10.412087 -0.086553
10.417088 -0.087828
10.422089 -0.088239
10.427090 -0.076439
10.432091 -0.067825
10.437092 -0.047224
10.442093 -0.026874
10.447094 -0.010860
10.452095 0.011459
10.457096 0.024206
10.462097 0.035752
10.467098 0.042698
10.472099 0.049503
10.477100 0.047671
10.482101 0.040858
10.487102 0.040420
10.492103 0.034900
10.497104 0.019939
10.502105 0.005203
10.507106 0.003414
10.512107 -0.009506
10.517108 -0.017483
10.522109 -0.014497
10.527110 -0.014024
10.532111 -0.007313
10.537112 -0.006375
10.542113 0.000469
10.547114 0.006996
10.552115 0.010657
10.557116 0.022400
10.562117 0.029139
10.567118 0.038051
10.572119 0.050022
10.577120 0.055512
10.582121 0.056392
10.587122 0.052315
10.592123 0.045251
10.597124 0.034172
10.602125 0.018523
10.607126 0.005799
10.612127 -0.001346
10.617128 -0.006823
10.622129 -0.014519
10.627130 -0.011343
10.632131 -0.009179
10.637132 -0.016349
10.642133 -0.015167
10.647134 -0.023953
10.652135 -0.029393
10.657136 -0.035585
10.662137 -0.050036
10.667138 -0.059118
10.672139 -0.076899
10.677140 -0.091852
10.682141 -0.110949
10.687142 -0.119581
10.692143 -0.122355
10.697144 -0.127248
10.702145 -0.116670
10.707146 -0.103585
10.712147 -0.080715
10.717148 -0.057083
10.722149 -0.030507
10.727150 -0.006273
10.732151 0.017045
10.737152 0.041060
10.742153 0.053701
10.747154 0.070941
10.752155 0.077325
10.757156 0.078800
10.762157 0.073324
10.767158 0.060486
10.772159 0.049218
10.777160 0.023209
10.782161 -0.003433
10.787162 -0.031199
10.792163 -0.058656
10.797164 -0.084819
10.802165 -0.108182
10.807166 -0.115725
10.812167 -0.120170
10.817168 -0.124556
10.822169 -0.114549
10.827170 -0.096476
10.832171 -0.077562
10.837172 -0.048923
10.842173 -0.013492
10.847174 0.022171
10.852175 0.058371
10.857176 0.091869
10.862177 0.120247
10.867178 0.149098
10.872179 0.170568
10.877180 0.187319
10.882181 0.196233
10.887182 0.196955
10.892183 0.197062
10.897184 0.188572
10.902185 0.174465
10.907186 0.155460
10.912187 0.137774
10.917188 0.107837
10.922189 0.076568
10.927190 0.049445
10.932191 0.015057
10.937192 -0.011252
10.942193 -0.036973
10.947194 -0.058840
10.952195 -0.074572
10.957196 -0.081806
10.962197 -0.081538
10.967198 -0.071289
10.972199 -0.046423
10.977200 -0.023186
10.982201 0.007100
10.987202 0.035668
10.992203 0.060294
10.997204 0.077321
11.002205 0.081268
11.007206 0.089101
11.012207 0.080595
11.017208 0.077677
11.022209 0.070034
11.027210 0.055088
11.032211 0.050236
11.037212 0.034713
11.042213 0.032593
11.047214 0.024905
11.052215 0.017912
11.057216 0.014147
11.062217 0.007187
11.067218 0.001534
11.072219 -0.009279
11.077220 -0.014807
11.082221 -0.028919
11.087222 -0.033420
11.092223 -0.043305
11.097224 -0.057139
11.102225 -0.058456
11.107226 -0.072383
11.112227 -0.078454
11.117228 -0.080821
11.122229 -0.090551
11.127230 -0.090657
11.132231 -0.091731
11.137232 -0.086294
11.142233 -0.078651
11.147234 -0.073863
11.152235 -0.063138
11.157236 -0.060957
11.162237 -0.053201
11.167238 -0.047969
11.172239 -0.044550
11.177240 -0.045959
11.182241 -0.054981
11.187242 -0.054384
11.192243 -0.059805
11.197244 -0.058681
11.202245 -0.064874
11.207246 -0.062487
11.212247 -0.050531
11.217248 -0.053449
11.222249 -0.044299
11.227250 -0.042216
11.232251 -0.043614
11.237252 -0.046619
11.242253 -0.055457
11.247254 -0.060956
11.252255 -0.072577
11.257256 -0.078053
11.262257 -0.079113
11.267258 -0.074913
11.272259 -0.057714
11.277260 -0.045236
11.282261 -0.024692
11.287262 0.012395
11.292263 0.040567
11.297264 0.076077
11.302265 0.114226
11.307266 0.146175
11.312267 0.183501
11.317268 0.201351
11.322269 0.214536
11.327270 0.224560
11.332271 0.217723
11.337272 0.212730
11.342273 0.192465
11.347274 0.168139
11.352275 0.145297
11.357276 0.110869
11.362277 0.085722
11.367278 0.059865
11.372279 0.040068
11.377280 0.024391
11.382281 0.011188
11.387282 0.014781
11.392283 0.012459
11.397284 0.012016
11.402285 0.017288
11.407286 0.023650
11.412287 0.021644
11.417288 0.018344
11.422289 0.018595
11.427290 0.006179
11.432291 0.000666
11.437292 -0.005797
11.442293 -0.016122
11.447294 -0.018161
11.452295 -0.019681
11.457296 -0.020907
11.462297 -0.015806
11.467298 -0.017046
11.472299 -0.018461
11.477300 -0.021950
11.482301 -0.035288
11.487302 -0.044537
11.492303 -0.061033
11.497304 -0.081113
11.502305 -0.101561
11.507306 -0.114537
11.512307 -0.128655
11.517308 -0.142297
11.522309 -0.139516
11.527310 -0.135190
11.532311 -0.117809
11.537312 -0.096783
11.542313 -0.079015
11.547314 -0.048816
11.552315 -0.026354
11.557316 -0.004566
11.562317 0.011682
11.567318 0.020122
11.572319 0.035803
11.577320 0.035694
11.582321 0.039201
11.587322 0.040048
11.592323 0.033859
11.597324 0.031651
11.602325 0.022332
11.607326 0.018738
11.612327 0.013133
11.617328 0.012060
11.622329 0.011326
11.627330 0.010645
11.632331 0.013152
11.637332 0.012612
11.642333 0.016094
11.647334 0.009930
11.652335 0.003772
11.657336 -0.006431
11.662337 -0.025171
11.667338 -0.042087
11.672339 -0.064270
11.677340 -0.081102
11.682341 -0.098285
11.687342 -0.105981
11.692343 -0.104048
11.697344 -0.101103
11.702345 -0.083253
11.707346 -0.066760
11.712347 -0.042491
11.717348 -0.017000
11.722349 0.001361
11.727350 0.026983
11.732351 0.038006
11.737352 0.042491
11.742353 0.050573
11.747354 0.048231
11.752355 0.043482
11.757356 0.035776
11.762357 0.024630
11.767358 0.015248
11.772359 0.002082
11.777360 -0.007171
11.782361 -0.011635
11.787362 -0.016247
11.792363 -0.018081
11.797364 -0.021363
11.802365 -0.018850
11.807366 -0.006911
11.812367 -0.003219
11.817368 0.002718
11.822369 0.012782
11.827370 0.016062
11.832371 0.024004
11.837372 0.028212
11.842373 0.024418
11.847374 0.017849
11.852375 0.010853
11.857376 -0.001936
11.862377 -0.014836
11.867378 -0.022172
11.872379 -0.030957
11.877380 -0.034553
11.882381 -0.037147
11.887382 -0.035419
11.892383 -0.028533
11.897384 -0.025158
11.902385 -0.018560
11.907386 -0.007140
11.912387 -0.000820
11.917388 0.004595
11.922389 0.009646
11.927390 0.011288
11.932391 0.012923
11.937392 0.009298
11.942393 0.006285
11.947394 0.001294
11.952395 0.002212
11.957396 0.001083
11.962397 -0.003388
11.967398 0.005676
11.972399 0.013665
11.977400 0.023517
11.982401 0.034652
11.987402 0.052123
11.992403 0.066292
11.997404 0.075116
12.002405 0.087380
12.007406 0.091345
12.012407 0.094545
12.017408 0.090865
12.022409 0.084636
12.027410 0.081516
12.032411 0.070449
12.037412 0.057214
12.042413 0.047861
12.047414 0.036037
12.052415 0.022673
12.057416 0.009421
12.062417 -0.004012
12.067418 -0.015424
12.072419 -0.027887
12.077420 -0.032671
12.082421 -0.037687
12.087422 -0.044072
12.092423 -0.040924
12.097424 -0.042585
12.102425 -0.035630
12.107426 -0.026566
12.112427 -0.023857
12.117428 -0.010286
12.122429 -0.001662
12.127430 0.011885
12.132431 0.029489
12.137432 0.041111
12.142433 0.059591
12.147434 0.076282
12.152435 0.083293
12.157436 0.087560
12.162437 0.085789
12.167438 0.076796
12.172439 0.060342
12.177440 0.034086
12.182441 0.010531
12.187442 -0.019266
12.192443 -0.050449
12.197444 -0.078162
12.202445 -0.103139
12.207446 -0.118029
12.212447 -0.124887
12.217448 -0.123321
12.222449 -0.118224
12.227450 -0.100181
12.232451 -0.076677
12.237452 -0.051322
12.242453 -0.025889
12.247454 -0.002199
12.252455 0.022102
12.257456 0.034947
12.262457 0.045168
12.267458 0.046891
12.272459 0.040806
12.277460 0.036303
12.282461 0.019160
12.287462 0.003233
12.292463 -0.001037
12.297464 -0.014063
12.302465 -0.016301
12.307466 -0.012465
12.312467 -0.016162
12.317468 -0.007120
12.322469 -0.003723
12.327470 0.003004
12.332471 0.011766
12.337472 0.010278
12.342473 0.018279
12.347474 0.024294
12.352475 0.022396
12.357476 0.024352
12.362477 0.028158
12.367478 0.029708
12.372479 0.030868
12.377480 0.035931
12.382481 0.038224
12.387482 0.041025
12.392483 0.050261
12.397484 0.048518
12.402485 0.045010
12.407486 0.046279
12.412487 0.043690
12.417488 0.034392
12.422489 0.028194
12.427490 0.025537
12.432491 0.010525
12.437492 0.000232
12.442493 -0.007124
12.447494 -0.017126
12.452495 -0.021716
12.457496 -0.026984
12.462497 -0.031316
12.467498 -0.030198
12.472499 -0.029295
12.477501 -0.032059
12.482502 -0.030020
12.487503 -0.028152
12.492504 -0.028674
12.497505 -0.031399
12.502506 -0.031997
12.507507 -0.032017
12.512508 -0.037174
12.517509 -0.039061
12.522510 -0.044939
12.527511 -0.048128
12.532512 -0.055168
12.537513 -0.059808
12.542514 -0.056914
12.547515 -0.062423
12.552516 -0.060126
12.557517 -0.058881
12.562518 -0.058456
12.567519 -0.055626
12.572520 -0.058964
12.577521 -0.059561
12.582522 -0.055493
12.587523 -0.057071
12.592524 -0.060468
12.597525 -0.056036
12.602526 -0.054387
12.607527 -0.055461
12.612528 -0.049150
12.617529 -0.045554
12.622530 -0.044489
12.627531 -0.030654
12.632532 -0.021736
12.637533 -0.011076
12.642534 0.003520
12.647535 0.016383
12.652536 0.033387
12.657537 0.043444
12.662538 0.056052
12.667539 0.065132
12.672540 0.072948
12.677541 0.074674
12.682542 0.070273
12.687543 0.070694
12.692544 0.060724
12.697545 0.051001
12.702546 0.040683
12.707547 0.027103
12.712548 0.016470
12.717549 0.002718
12.722550 -0.005724
12.727551 -0.010798
12.732552 -0.015642
12.737553 -0.012965
12.742554 -0.014677
12.747555 -0.016371
12.752556 -0.003825
12.757557 -0.002597
12.762558 0.002913
12.767559 0.017141
12.772560 0.016639
12.777561 0.027237
12.782562 0.035757
12.787563 0.041963
12.792564 0.047734
12.797565 0.051835
12.802566 0.060058
12.807567 0.057225
12.812568 0.064955
12.817569 0.066855
12.822570 0.061333
12.827571 0.068931
12.832572 0.068100
12.837573 0.063534
12.842574 0.069719
12.847575 0.067577
12.852576 0.061359
12.857577 0.062263
12.862578 0.051481
12.867579 0.043120
12.872580 0.036398
12.877581 0.019164
12.882582 0.002712
12.887583 -0.013652
12.892584 -0.028159
12.897585 -0.046607
12.902586 -0.066010
12.907587 -0.072972
12.912588 -0.082135
12.917589 -0.089566
12.922590 -0.088912
12.927591 -0.090681
12.932592 -0.084117
12.937593 -0.079883
12.942594 -0.077723
12.947595 -0.068452
12.952596 -0.061683
12.957597 -0.053780
12.962598 -0.045325
12.967599 -0.035200
12.972600 -0.019961
12.977601 -0.007454
12.982602 0.009989
12.987603 0.028782
12.992604 0.036585
12.997605 0.053207
13.002606 0.063311
13.007607 0.066706
13.012608 0.074441
13.017609 0.067757
13.022610 0.062914
13.027611 0.056683
13.032612 0.041895
13.037613 0.032334
13.042614 0.017726
13.047615 -0.001826
13.052616 -0.013078
13.057617 -0.030467
13.062618 -0.046476
13.067619 -0.054068
13.072620 -0.066482
13.077621 -0.069673
13.082622 -0.071322
13.087623 -0.073796
13.092624 -0.066113
13.097625 -0.060461
13.102626 -0.059964
13.107627 -0.050016
13.112628 -0.037140
13.117629 -0.036640
13.122630 -0.030213
13.127631 -0.015953
13.132632 -0.010135
13.137633 -0.002814
13.142634 0.011737
13.147635 0.020893
13.152636 0.031405
13.157637 0.044236
13.162638 0.049591
13.167639 0.055465
13.172640 0.061045
13.177641 0.059288
13.182642 0.055634
13.187643 0.050624
13.192644 0.038334
13.197645 0.024102
13.202646 0.009129
13.207647 -0.008165
13.212648 -0.028180
13.217649 -0.043573
13.222650 -0.056968
13.227651 -0.068205
13.232652 -0.074353
13.237653 -0.076264
13.242654 -0.069863
13.247655 -0.059047
13.252656 -0.039566
13.257657 -0.025220
13.262658 -0.003957
13.267659 0.017897
13.272660 0.035695
13.277661 0.057750
13.282662 0.064158
13.287663 0.079537
13.292664 0.088236
13.297665 0.086217
13.302666 0.089895
13.307667 0.085950
13.312668 0.079581
13.317669 0.067690
13.322670 0.059732
13.327671 0.048361
13.332672 0.027780
13.337673 0.017374
13.342674 0.006480
13.347675 -0.003602
13.352676 -0.011519
13.357677 -0.020983
13.362678 -0.020226
13.367679 -0.021569
13.372680 -0.024664
13.377681 -0.024165
13.382682 -0.022456
13.387683 -0.018950
13.392684 -0.020592
13.397685 -0.018843
13.402686 -0.010060
13.407687 -0.009530
13.412688 -0.004591
13.417689 0.006421
13.422690 0.005989
13.427691 0.016080
13.432692 0.024379
13.437693 0.024387
13.442694 0.031099
13.447695 0.027982
13.452696 0.022944
13.457697 0.015789
13.462698 0.007472
13.467699 -0.005595
13.472700 -0.021971
13.477701 -0.032992
13.482702 -0.050042
13.487703 -0.053113
13.492704 -0.059316
13.497705 -0.069364
13.502706 -0.064261
13.507707 -0.057633
13.512708 -0.045870
13.517709 -0.039979
13.522710 -0.023621
13.527711 -0.006595
13.532712 0.001351
13.537713 0.014578
13.542714 0.020943
13.547715 0.026960
13.552716 0.025799
13.557717 0.022837
13.562718 0.018423
13.567719 0.011039
13.572720 0.002764
13.577721 -0.006461
13.582722 -0.012509
13.587723 -0.025362
13.592724 -0.028009
13.597725 -0.033368
13.602726 -0.041092
13.607727 -0.038818
13.612728 -0.040708
13.617729 -0.035091
13.622730 -0.033813
13.627731 -0.031389
13.632732 -0.021433
13.637733 -0.021085
13.642734 -0.015730
13.647735 -0.013058
13.652736 -0.013689
13.657737 -0.005362
13.662738 -0.007148
13.667739 -0.006339
13.672740 -0.003979
13.677741 -0.007584
13.682742 -0.001726
13.687743 -0.002906
13.692744 0.001669
13.697745 0.001805
13.702746 0.001642
13.707747 0.010405
13.712748 0.004696
13.717749 0.008712
13.722750 0.007619
13.727751 0.008881
13.732752 0.009383
13.737753 0.003019
13.742754 0.005352
13.747755 0.000856
13.752756 0.003639
13.757757 -0.000735
13.762758 0.001707
13.767759 0.009757
13.772760 0.008494
13.777761 0.022004
13.782762 0.028601
13.787763 0.036633
13.792764 0.052741
13.797765 0.056429
13.802766 0.062298
13.807767 0.071273
13.812768 0.069763
13.817769 0.062916
13.822770 0.061504
13.827771 0.055031
13.832772 0.042876
13.837773 0.034907
13.842774 0.023580
13.847775 0.014696
13.852776 0.008062
13.857777 0.002259
13.862778 -0.003422
13.867779 -0.004614
13.872780 -0.000878
13.877781 -0.003895
13.882782 -0.002346
13.887783 0.002675
13.892784 0.007405
13.897785 0.003514
13.902786 0.000921
13.907787 0.005134
13.912788 -0.005952
13.917789 -0.011275
13.922790 -0.014386
13.927791 -0.024438
13.932792 -0.025482
13.937793 -0.031461
13.942794 -0.034840
13.947795 -0.029694
13.952796 -0.028919
13.957797 -0.024334
13.962798 -0.016983
13.967799 -0.011416
13.972800 -0.001420
13.977801 0.006953
13.982802 0.011962
13.987803 0.021101
13.992804 0.022111
13.997805 0.022969
14.002806 0.023456
14.007807 0.017690
14.012808 0.010321
14.017809 -0.000029
14.022810 -0.007654
14.027811 -0.021532
14.032812 -0.027132
14.037813 -0.038205
14.042814 -0.048822
14.047815 -0.048687
14.052816 -0.052797
14.057817 -0.051755
14.062818 -0.055291
14.067819 -0.048643
14.072820 -0.048686
14.077821 -0.045911
14.082822 -0.036944
14.087823 -0.035214
14.092824 -0.024150
14.097825 -0.024526
14.102826 -0.014122
14.107827 -0.001719
14.112828 0.002263
14.117829 0.011277
14.122830 0.020875
14.127831 0.029780
14.132832 0.034432
14.137833 0.047390
14.142834 0.053398
14.147835 0.057812
14.152836 0.064556
14.157837 0.067553
14.162838 0.070238
14.167839 0.068181
14.172840 0.068602
14.177841 0.062030
14.182842 0.051906
14.187843 0.044962
14.192844 0.034747
14.197845 0.020055
14.202846 0.006586
14.207847 -0.003399
14.212848 -0.020977
14.217849 -0.032120
14.222850 -0.038312
14.227851 -0.048969
14.232852 -0.048772
14.237853 -0.053886
14.242854 -0.054505
14.247855 -0.048276
14.252856 -0.043790
14.257857 -0.033210
14.262858 -0.028223
14.267859 -0.012197
14.272860 -0.000689
14.277861 0.005543
14.282862 0.016794
14.287863 0.021272
14.292864 0.030220
14.297865 0.033415
14.302866 0.033117
14.307867 0.031033
14.312868 0.031405
14.317869 0.028910
14.322870 0.022437
14.327871 0.024013
14.332872 0.019572
14.337873 0.019026
14.342874 0.014537
14.347875 0.011856
14.352876 0.012848
14.357877 0.004501
14.362878 0.006324
14.367879 0.000700
14.372880 -0.006003
14.377881 -0.010745
14.382882 -0.018966
14.387883 -0.022329
14.392884 -0.030194
14.397885 -0.038039
14.402886 -0.042744
14.407887 -0.046099
14.412888 -0.051494
14.417889 -0.054878
14.422890 -0.057822
14.427891 -0.055960
14.432892 -0.056050
14.437893 -0.055048
14.442894 -0.052162
14.447895 -0.046684
14.452896 -0.039072
14.457897 -0.039225
14.462898 -0.033893
14.467899 -0.029820
14.472900 -0.019803
14.477901 -0.018823
14.482902 -0.017926
14.487903 -0.008124
14.492904 -0.009642
14.497905 -0.008654
14.502906 -0.003284
14.507907 -0.002273
14.512908 -0.007037
14.517909 -0.004526
14.522910 -0.008427
14.527911 -0.009498
14.532912 -0.008168
14.537913 -0.015235
14.542914 -0.014290
14.547915 -0.010115
14.552916 -0.008875
14.557917 -0.009856
14.562918 -0.000226
14.567919 0.006428
14.572920 0.013381
14.577921 0.025010
14.582922 0.036019
14.587923 0.049117
14.592924 0.053629
14.597925 0.067427
14.602926 0.075511
14.607927 0.077108
14.612928 0.083252
14.617929 0.078903
14.622930 0.081248
14.627931 0.075122
14.632932 0.064057
14.637933 0.058265
14.642934 0.043510
14.647935 0.034092
14.652936 0.020487
14.657937 0.010125
14.662938 0.002183
14.667939 -0.010940
14.672940 -0.016303
14.677941 -0.021124
14.682942 -0.024274
14.687943 -0.027331
14.692944 -0.023029
14.697945 -0.023057
14.702946 -0.025433
14.707947 -0.012625
14.712948 -0.008463
14.717949 -0.005301
14.722950 0.003347
14.727951 0.006508
14.732952 0.016482
14.737953 0.020014
14.742954 0.025418
14.747956 0.038550
14.752957 0.036313
14.757958 0.040565
14.762959 0.047861
14.767960 0.048058
14.772961 0.049442
14.777962 0.050678
14.782963 0.046228
14.787964 0.045197
14.792965 0.045184
14.797966 0.034339
14.802967 0.030711
14.807968 0.022580
14.812969 0.017386
14.817970 0.009499
14.822971 -0.002767
14.827972 -0.007162
14.832973 -0.016301
14.837974 -0.023374
14.842975 -0.031328
14.847976 -0.034227
14.852977 -0.041832
14.857978 -0.047029
14.862979 -0.048460
14.867980 -0.052812
14.872981 -0.054348
14.877982 -0.058806
14.882983 -0.058209
14.887984 -0.060825
14.892985 -0.057228
14.897986 -0.062560
14.902987 -0.064777
14.907988 -0.053474
14.912989 -0.059848
14.917990 -0.055806
14.922991 -0.049520
14.927992 -0.046027
14.932993 -0.037845
14.937994 -0.037449
14.942995 -0.032666
14.947996 -0.024615
14.952997 -0.022181
14.957998 -0.021785
14.962999 -0.017755
14.968000 -0.016332
14.973001 -0.013940
14.978002 -0.016144
14.983003 -0.016417
14.988004 -0.013219
14.993005 -0.015854
14.998006 -0.012915
15.003007 -0.012375
15.008008 -0.007948
15.013009 -0.004646
15.018010 -0.004166
15.023011 0.004875
15.028012 0.008929
15.033013 0.010926
15.038014 0.014595
15.043015 0.019538
15.048016 0.022087
15.053017 0.019400
15.058018 0.024636
15.063019 0.025082
15.068020 0.019000
15.073021 0.024738
15.078022 0.021931
15.083023 0.020749
15.088024 0.023565
15.093025 0.023453
15.098026 0.025931
15.103027 0.024383
15.108028 0.032188
15.113029 0.029973
15.118030 0.033175
15.123031 0.036511
15.128032 0.034354
15.133033 0.039496
15.138034 0.034478
15.143035 0.035209
15.148036 0.032155
15.153037 0.028824
15.158038 0.023883
15.163039 0.020121
15.168040 0.015550
15.173041 0.009723
15.178042 0.007235
15.183043 -0.003661
15.188044 -0.006001
15.193045 -0.008307
15.198046 -0.012930
15.203047 -0.015348
15.208048 -0.014791
15.213049 -0.009616
15.218050 -0.007091
15.223051 -0.001949
15.228052 0.010074
15.233053 0.018208
15.238054 0.028691
15.243055 0.042874
15.248056 0.048605
15.253057 0.060632
15.258058 0.065809
15.263059 0.070514
15.268060 0.078721
15.273061 0.073089
15.278062 0.076232
15.283063 0.072186
15.288064 0.062433
15.293065 0.058380
15.298066 0.044381
15.303067 0.035702
15.308068 0.025811
15.313069 0.011781
15.318070 0.000099
15.323071 -0.014307
15.328072 -0.024983
15.333073 -0.034272
15.338074 -0.042663
15.343075 -0.051318
15.348076 -0.055589
15.353077 -0.053676
15.358078 -0.058147
15.363079 -0.058678
15.368080 -0.051874
15.373081 -0.048989
15.378082 -0.047800
15.383083 -0.040151
15.388084 -0.034548
15.393085 -0.031652
15.398086 -0.022753
15.403087 -0.020836
15.408088 -0.014057
15.413089 -0.006747
15.418090 -0.007205
15.423091 -0.003578
15.428092 0.000373
15.433093 0.001899
15.438094 -0.002639
15.443095 -0.003970
15.448096 -0.008691
15.453097 -0.016261
15.458098 -0.020182
15.463099 -0.029073
15.468100 -0.036633
15.473101 -0.044499
15.478102 -0.049509
15.483103 -0.056357
15.488104 -0.058846
15.493105 -0.053703
15.498106 -0.060610
15.503107 -0.054403
15.508108 -0.044239
15.513109 -0.040755
15.518110 -0.028356
15.523111 -0.020638
15.528112 -0.006164
15.533113 0.007328
15.538114 0.012916
15.543115 0.026025
15.548116 0.034768
15.553117 0.039789
15.558118 0.048650
15.563119 0.046687
15.568120 0.049789
15.573121 0.051526
15.578122 0.042752
15.583123 0.041495
15.588124 0.037246
15.593125 0.032971
15.598126 0.022202
15.603127 0.013089
15.608128 0.010128
15.613129 -0.000836
15.618130 -0.008743
15.623131 -0.016675
15.628132 -0.024664
15.633133 -0.029152
15.638134 -0.038273
15.643135 -0.039927
15.648136 -0.043975
15.653137 -0.051128
15.658138 -0.046281
15.663139 -0.052773
15.668140 -0.053614
15.673141 -0.046589
15.678142 -0.045070
15.683143 -0.043533
15.688144 -0.038102
15.693145 -0.027526
15.698146 -0.026704
15.703147 -0.014370
15.708148 -0.005834
15.713149 -0.001668
15.718150 0.010781
15.723151 0.011070
15.728152 0.020255
15.733153 0.021872
15.738154 0.022236
15.743155 0.029247
15.748156 0.020869
15.753157 0.020169
15.758158 0.018943
15.763159 0.013595
15.768160 0.008014
15.773161 0.005751
15.778162 0.000629
15.783163 -0.006308
15.788164 -0.005290
15.793165 -0.014353
15.798166 -0.009618
15.803167 -0.012782
15.808168 -0.015107
15.813169 -0.004783
15.818170 -0.010381
15.823171 -0.003979
15.828172 0.000384
15.833173 0.005376
15.838174 0.008256
15.843175 0.010840
15.848176 0.019947
15.853177 0.021487
15.858178 0.026136
15.863179 0.029928
15.868180 0.036778
15.873181 0.039489
15.878182 0.042320
15.883183 0.045319
15.888184 0.047536
15.893185 0.050450
15.898186 0.046522
15.903187 0.044451
15.908188 0.043295
15.913189 0.040308
15.918190 0.033352
15.923191 0.029582
15.928192 0.026789
15.933193 0.020894
15.938194 0.015170
15.943195 0.016887
15.948196 0.013638
15.953197 0.006368
15.958198 0.011775
15.963199 0.010746
15.968200 0.011982
15.973201 0.014275
15.978202 0.010676
15.983203 0.015085
15.988204 0.017899
15.993205 0.015926
15.998206 0.016038
16.003207 0.015354
16.008208 0.013985
16.013209 0.014494
16.018210 0.008502
16.023211 0.006154
16.028212 0.004794
16.033213 -0.001800
16.038214 -0.002364
16.043215 -0.007677
16.048216 -0.010486
16.053217 -0.014459
16.058218 -0.016819
16.063219 -0.018650
16.068220 -0.026811
16.073221 -0.023187
16.078222 -0.034359
16.083223 -0.037780
16.088224 -0.036599
16.093225 -0.048213
16.098226 -0.045711
16.103227 -0.053994
16.108228 -0.052049
16.113229 -0.052440
16.118230 -0.056834
16.123231 -0.048855
16.128232 -0.048469
16.133233 -0.039220
16.138234 -0.036234
16.143235 -0.031677
16.148236 -0.021553
16.153237 -0.018739
16.158238 -0.015358
16.163239 -0.009483
16.168240 -0.008761
16.173241 -0.011559
16.178242 -0.011458
16.183243 -0.017030
16.188244 -0.016809
16.193245 -0.020095
16.198246 -0.028952
16.203247 -0.026671
16.208248 -0.030766
16.213249 -0.031266
16.218250 -0.025094
16.223251 -0.029283
16.228252 -0.018666
16.233253 -0.013396
16.238254 -0.014219
16.243255 0.001920
16.248256 0.006168
16.253257 0.010544
16.258258 0.017695
16.263259 0.024557
16.268260 0.029944
16.273261 0.032825
16.278262 0.040845
16.283263 0.040301
16.288264 0.045484
16.293265 0.049467
16.298266 0.048480
16.303267 0.051704
16.308268 0.053390
16.313269 0.052803
16.318270 0.049295
16.323271 0.051284
16.328272 0.046097
16.333273 0.041144
16.338274 0.040414
16.343275 0.028765
16.348276 0.025109
16.353277 0.021320
16.358278 0.011098
16.363279 0.009451
16.368280 0.002200
16.373281 0.002364
16.378282 0.003365
16.383283 -0.000568
16.388284 0.009077
16.393285 0.011070
16.398286 0.014369
16.403287 0.020201
16.408288 0.028345
16.413289 0.030873
16.418290 0.028938
16.423291 0.040066
16.428292 0.034209
16.433293 0.035103
16.438294 0.036632
16.443295 0.026907
16.448296 0.029219
16.453297 0.020317
16.458298 0.012957
16.463299 0.009889
16.468300 0.003094
16.473301 -0.000175
16.478302 -0.011207
16.483303 -0.018628
16.488304 -0.015165
16.493305 -0.021931
16.498306 -0.031048
16.503307 -0.031084
16.508308 -0.035566
16.513309 -0.040230
16.518310 -0.040709
16.523311 -0.046313
16.528312 -0.045552
16.533313 -0.044635
16.538314 -0.051817
16.543315 -0.044528
16.548316 -0.040354
16.553317 -0.039960
16.558318 -0.034534
16.563319 -0.029379
16.568320 -0.021335
16.573321 -0.015201
16.578322 -0.006241
16.583323 -0.002858
16.588324 0.003945
16.593325 0.013078
16.598326 0.013514
16.603327 0.016829
16.608328 0.023235
16.613329 0.026160
16.618330 0.024302
16.623331 0.024651
16.628332 0.025925
16.633333 0.023398
16.638334 0.018657
16.643335 0.016692
16.648336 0.013799
16.653337 0.009460
16.658338 0.008000
16.663339 0.001434
16.668340 -0.000406
16.673341 -0.001537
16.678342 -0.006722
16.683343 -0.005284
16.688344 -0.011726
16.693345 -0.015029
16.698346 -0.015192
16.703347 -0.019334
16.708348 -0.017835
16.713349 -0.020852
16.718350 -0.022978
16.723351 -0.024311
16.728352 -0.022583
16.733353 -0.021704
16.738354 -0.022241
16.743355 -0.020878
16.748356 -0.019774
16.753357 -0.011858
16.758358 -0.016301
16.763359 -0.013616
16.768360 -0.005364
16.773361 -0.012150
16.778362 -0.009222
16.783363 -0.004642
16.788364 -0.007491
16.793365 -0.006255
16.798366 -0.005355
16.803367 -0.008544
16.808368 -0.007242
16.813369 -0.006200
16.818370 -0.007518
16.823371 -0.008390
16.828372 -0.007208
16.833373 -0.006919
16.838374 -0.006035
16.843375 -0.004748
16.848376 -0.005929
16.853377 -0.001787
16.858378 -0.003859
16.863379 -0.001719
16.868380 0.001927
16.873381 -0.002234
16.878382 -0.000217
16.883383 -0.000653
16.888384 0.000988
16.893385 0.001458
16.898386 -0.000368
16.903387 0.000968
16.908388 0.001189
16.913389 0.002908
16.918390 0.003980
16.923391 0.006748
16.928392 0.007397
16.933393 0.009595
16.938394 0.014269
16.943395 0.016328
16.948396 0.019336
16.953397 0.017999
16.958398 0.019954
16.963399 0.021351
16.968400 0.020339
16.973401 0.022010
16.978402 0.018781
16.983403 0.019340
16.988404 0.019892
16.993405 0.018725
16.998406 0.018494
17.003407 0.017649
17.008408 0.019984
17.013410 0.019976
17.018411 0.014917
17.023412 0.016086
17.028413 0.018252
17.033414 0.014363
17.038415 0.016864
17.043416 0.015307
17.048417 0.013802
17.053418 0.015627
17.058419 0.013952
17.063420 0.016193
17.068421 0.015625
17.073422 0.016095
17.078423 0.015099
17.083424 0.012699
17.088425 0.014389
17.093426 0.011932
17.098427 0.010167
17.103428 0.006536
17.108429 0.000859
17.113430 -0.000162
17.118431 -0.006411
17.123432 -0.013995
17.128433 -0.017827
17.133434 -0.025035
17.138435 -0.029900
17.143436 -0.036577
17.148437 -0.039908
17.153438 -0.043665
17.158439 -0.051182
17.163440 -0.047929
17.168441 -0.051013
17.173442 -0.051233
17.178443 -0.047967
17.183444 -0.050872
17.188445 -0.046570
17.193446 -0.039895
17.198447 -0.035644
17.203448 -0.034936
17.208449 -0.028088
17.213450 -0.022524
17.218451 -0.021822
17.223452 -0.014180
17.228453 -0.010980
17.233454 -0.005484
17.238455 -0.002194
17.243456 -0.003742
17.248457 0.004343
17.253458 0.005556
17.258459 0.007273
17.263460 0.009503
17.268461 0.010447
17.273462 0.013877
17.278463 0.013993
17.283464 0.018415
17.288465 0.019704
17.293466 0.021430
17.298467 0.023013
17.303468 0.027388
17.308469 0.031197
17.313470 0.031698
17.318471 0.035322
17.323472 0.037575
17.328473 0.038684
17.333474 0.038469
17.338475 0.041394
17.343476 0.037766
17.348477 0.037802
17.353478 0.037977
17.358479 0.030135
17.363480 0.030300
17.368481 0.021852
17.373482 0.015882
17.378483 0.014213
17.383484 0.002668
17.388485 0.000061
17.393486 -0.006231
17.398487 -0.013201
17.403488 -0.011137
17.408489 -0.018688
17.413490 -0.018965
17.418491 -0.015395
17.423492 -0.017914
17.428493 -0.014718
17.433494 -0.012586
17.438495 -0.009760
17.443496 -0.007017
17.448497 -0.002765
17.453498 0.000430
17.458499 0.003642
17.463500 0.005859
17.468501 0.008765
17.473502 0.011599
17.478503 0.008402
17.483504 0.012565
17.488505 0.007996
17.493506 0.006842
17.498507 0.007506
17.503508 0.001960
17.508509 0.000625
17.513510 -0.005007
17.518511 -0.003715
17.523512 -0.011056
17.528513 -0.013453
17.533514 -0.011108
17.538515 -0.017466
17.543516 -0.020018
17.548517 -0.021401
17.553518 -0.016929
17.558519 -0.021951
17.563520 -0.020979
17.568521 -0.016448
17.573522 -0.019231
17.578523 -0.014310
17.583524 -0.013905
17.588525 -0.011192
17.593526 -0.007950
17.598527 -0.005785
17.603528 -0.002259
17.608529 -0.001597
17.613530 -0.000228
17.618531 0.004305
17.623532 0.007384
17.628533 0.004551
17.633534 0.007233
17.638535 0.007331
17.643536 0.007906
17.648537 0.010278
17.653538 0.008142
17.658539 0.008853
17.663540 0.007260
17.668541 0.007590
17.673542 0.006651
17.678543 0.004076
17.683544 0.004414
17.688545 0.006157
17.693546 0.004988
17.698547 0.003105
17.703548 0.003996
17.708549 0.005492
17.713550 0.009272
17.718551 0.004731
17.723552 0.006542
17.728553 0.013836
17.733554 0.012487
17.738555 0.011160
17.743556 0.013363
17.748557 0.017121
17.753558 0.013268
17.758559 0.012027
17.763560 0.011357
17.768561 0.008181
17.773562 0.006172
17.778563 -0.001139
17.783564 -0.003277
17.788565 -0.002581
17.793566 -0.011859
17.798567 -0.015242
17.803568 -0.014238
17.808569 -0.018661
17.813570 -0.017362
17.818571 -0.021054
17.823572 -0.019683
17.828573 -0.016124
17.833574 -0.018713
17.838575 -0.018712
17.843576 -0.015036
17.848577 -0.008153
17.853578 -0.013647
17.858579 -0.007006
17.863580 0.000001
17.868581 -0.001607
17.873582 0.005621
17.878583 0.005970
17.883584 0.010163
17.888585 0.012762
17.893586 0.014720
17.898587 0.013988
17.903588 0.012882
17.908589 0.013984
17.913590 0.011600
17.918591 0.007818
17.923592 0.001350
17.928593 0.005674
17.933594 -0.002719
17.938595 -0.008828
17.943596 -0.007374
17.948597 -0.013387
17.953598 -0.012103
17.958599 -0.017515
17.963600 -0.015527
17.968601 -0.014026
17.973602 -0.016154
17.978603 -0.012734
17.983604 -0.014594
17.988605 -0.008668
17.993606 -0.006660
17.998607 -0.008599
18.003608 -0.007262
18.008609 -0.004196
18.013610 -0.001008
18.018611 -0.004783
18.023612 0.000782
18.028613 -0.001090
18.033614 0.002421
18.038615 0.010086
18.043616 0.001605
18.048617 0.012459
18.053618 0.012777
18.058619 0.013283
18.063620 0.021662
18.068621 0.018957
18.073622 0.025975
18.078623 0.021143
18.083624 0.021797
18.088625 0.025297
18.093626 0.018846
18.098627 0.016413
18.103628 0.014179
18.108629 0.009701
18.113630 0.004162
18.118631 -0.000020
18.123632 -0.007631
18.128633 -0.008862
18.133634 -0.013378
18.138635 -0.017690
18.143636 -0.016178
18.148637 -0.020815
18.153638 -0.018618
18.158639 -0.016736
18.163640 -0.019067
18.168641 -0.015711
18.173642 -0.014207
18.178643 -0.013955
18.183644 -0.012506
18.188645 -0.011567
18.193646 -0.009214
18.198647 -0.008916
18.203648 -0.008861
18.208649 -0.008322
18.213650 -0.007464
18.218651 -0.009698
18.223652 -0.008055
18.228653 -0.000100
18.233654 -0.005201
18.238655 -0.004207
18.243656 0.001861
18.248657 -0.001680
18.253658 0.005842
18.258659 0.007772
18.263660 0.005661
18.268661 0.011375
18.273662 0.011217
18.278663 0.011743
18.283664 0.013297
18.288665 0.014951
18.293666 0.013614
18.298667 0.011519
18.303668 0.008424
18.308669 0.007321
18.313670 0.007834
18.318671 -0.001807
18.323672 -0.004012
18.328673 -0.003517
18.333674 -0.009041
18.338675 -0.013597
18.343676 -0.016654
18.348677 -0.014692
18.353678 -0.017775
18.358679 -0.020404
18.363680 -0.015181
18.368681 -0.017611
18.373682 -0.016251
18.378683 -0.009268
18.383684 -0.010317
18.388685 -0.005065
18.393686 0.000216
18.398687 0.000779
18.403688 0.003657
18.408689 0.008128
18.413690 0.013585
18.418691 0.016170
18.423692 0.015744
18.428693 0.018660
18.433694 0.021407
18.438695 0.020500
18.443696 0.016902
18.448697 0.013559
18.453698 0.014385
18.458699 0.008039
18.463700 0.003856
18.468701 -0.001102
18.473702 -0.005812
18.478703 -0.008383
18.483704 -0.015920
18.488705 -0.015204
18.493706 -0.019254
18.498707 -0.020570
18.503708 -0.018092
18.508709 -0.021823
18.513710 -0.017150
18.518711 -0.016107
18.523712 -0.015431
18.528713 -0.010006
18.533714 -0.010240
18.538715 -0.007890
18.543716 -0.007277
18.548717 -0.005619
18.553718 -0.002845
18.558719 -0.005072
18.563720 -0.005440
18.568721 -0.005822
18.573722 -0.006470
18.578723 -0.007607
18.583724 -0.011913
18.588725 -0.008760
18.593726 -0.007152
18.598727 -0.016382
18.603728 -0.014049
18.608729 -0.012654
18.613730 -0.015505
18.618731 -0.013208
18.623732 -0.015980
18.628733 -0.016298
18.633734 -0.011895
18.638735 -0.016033
18.643736 -0.018227
18.648737 -0.007073
18.653738 -0.010673
18.658739 -0.012093
18.663740 -0.004564
18.668741 -0.003618
18.673742 -0.000642
18.678743 0.000382
18.683744 0.004439
18.688745 0.008144
18.693746 0.011808
18.698747 0.012393
18.703748 0.017881
18.708749 0.021788
18.713750 0.022838
18.718751 0.028025
18.723752 0.025838
18.728753 0.031012
18.733754 0.030509
18.738755 0.028930
18.743756 0.029769
18.748757 0.027312
18.753758 0.026724
18.758759 0.023300
18.763760 0.021993
18.768761 0.017480
18.773762 0.016425
18.778763 0.013721
18.783764 0.010965
18.788765 0.006877
18.793766 0.007591
18.798767 0.009132
18.803768 0.000314
18.808769 0.008113
18.813770 0.006223
18.818771 0.004317
18.823772 0.014012
18.828773 0.009841
18.833774 0.014728
18.838775 0.018608
18.843776 0.018505
18.848777 0.019902
18.853778 0.021085
18.858779 0.023393
18.863780 0.020390
18.868781 0.021212
18.873782 0.017500
18.878783 0.013185
18.883784 0.014195
18.888785 0.007632
18.893786 0.004386
18.898787 0.003339
18.903788 -0.005590
18.908789 -0.005655
18.913790 -0.009591
18.918791 -0.017204
18.923792 -0.016994
18.928793 -0.019182
18.933794 -0.022283
18.938795 -0.025981
18.943796 -0.024330
18.948797 -0.028763
18.953798 -0.028520
18.958799 -0.028450
18.963800 -0.029953
18.968801 -0.027028
18.973802 -0.030625
18.978803 -0.026561
18.983804 -0.026653
18.988805 -0.023742
18.993806 -0.024189
18.998807 -0.020599
19.003808 -0.014897
19.008809 -0.016632
19.013810 -0.012437
19.018811 -0.012737
19.023812 -0.007972
19.028813 -0.007006
19.033814 -0.004799
19.038815 -0.003434
19.043816 -0.001039
19.048817 -0.002633
19.053818 -0.003079
19.058819 0.005600
19.063820 -0.001944
19.068821 0.004010
19.073822 0.005114
19.078823 -0.000174
19.083824 0.008455
19.088825 0.005750
19.093826 0.005873
19.098827 0.008148
19.103828 0.007756
19.108829 0.009405
19.113830 0.011366
19.118831 0.010032
19.123832 0.006399
19.128833 0.010605
19.133834 0.009839
19.138835 0.004798
19.143836 0.008184
19.148837 0.007798
19.153838 0.003941
19.158839 0.002388
19.163840 0.002204
19.168841 -0.000084
19.173842 -0.006546
19.178843 -0.007110
19.183844 -0.007847
19.188845 -0.014753
19.193846 -0.015403
19.198847 -0.017488
19.203848 -0.023584
19.208849 -0.018095
19.213850 -0.018943
19.218851 -0.019738
19.223852 -0.018982
19.228853 -0.017870
19.233854 -0.007936
19.238855 -0.010906
19.243856 -0.005988
19.248857 -0.001586
19.253858 -0.000154
19.258859 0.004861
19.263860 0.005795
19.268861 0.012859
19.273862 0.012986
19.278863 0.014801
19.283865 0.015503
19.288866 0.018500
19.293867 0.021178
19.298868 0.016889
19.303869 0.021106
19.308870 0.020389
19.313871 0.015961
19.318872 0.018377
19.323873 0.014304
19.328874 0.011772
19.333875 0.012482
19.338876 0.005523
19.343877 0.007689
19.348878 0.004774
19.353879 0.000725
19.358880 0.002442
19.363881 -0.005813
19.368882 -0.002367
19.373883 0.000806
19.378884 -0.004112
19.383885 -0.006034
19.388886 -0.001709
19.393887 0.001560
19.398888 -0.002275
19.403889 0.002453
19.408890 0.003530
19.413891 0.006781
19.418892 0.009432
19.423893 0.007405
19.428894 0.012086
19.433895 0.013173
19.438896 0.013304
19.443897 0.012258
19.448898 0.014058
19.453899 0.012457
19.458900 0.011442
19.463901 0.012264
19.468902 0.007449
19.473903 0.005130
19.478904 0.003673
19.483905 0.002651
19.488906 -0.001865
19.493907 -0.000075
19.498908 -0.002134
19.503909 -0.007667
19.508910 -0.003286
19.513911 -0.002672
19.518912 -0.003016
19.523913 -0.001650
19.528914 0.000784
19.533915 0.001355
19.538916 0.001976
19.543917 0.004009
19.548918 0.006215
19.553919 0.007427
19.558920 0.005302
19.563921 0.009889
19.568922 0.010751
19.573923 0.007325
19.578924 0.009423
19.583925 0.005479
19.588926 0.007010
19.593927 0.006399
19.598928 0.002135
19.603929 0.003506
19.608930 -0.002134
19.613931 -0.000573
19.618932 -0.005410
19.623933 -0.008832
19.628934 -0.002615
19.633935 -0.009895
19.638936 -0.010692
19.643937 -0.009055
19.648938 -0.010360
19.653939 -0.008996
19.658940 -0.010874
19.663941 -0.008949
19.668942 -0.007851
19.673943 -0.007817
19.678944 -0.006662
19.683945 -0.004831
19.688946 -0.008348
19.693947 -0.007434
19.698948 -0.001175
19.703949 -0.010150
19.708950 -0.004613
19.713951 -0.003176
19.718952 -0.012560
19.723953 -0.002629
19.728954 -0.009640
19.733955 -0.012882
19.738956 -0.007745
19.743957 -0.013860
19.748958 -0.014591
19.753959 -0.017547
19.758960 -0.016314
19.763961 -0.020499
19.768962 -0.022690
19.773963 -0.023350
19.778964 -0.025025
19.783965 -0.022652
19.788966 -0.027377
19.793967 -0.021263
19.798968 -0.027515
19.803969 -0.023377
19.808970 -0.016981
19.813971 -0.022365
19.818972 -0.011024
19.823973 -0.013929
19.828974 -0.009837
19.833975 -0.004000
19.838976 -0.003816
19.843977 -0.000424
19.848978 0.002948
19.853979 0.006266
19.858980 0.005906
19.863981 0.009627
19.868982 0.009582
19.873983 0.010967
19.878984 0.009809
19.883985 0.010440
19.888986 0.010240
19.893987 0.008436
19.898988 0.009581
19.903989 0.004277
19.908990 0.004270
19.913991 0.005911
19.918992 0.001450
19.923993 -0.001246
19.928994 -0.001158
19.933995 -0.002754
19.938996 -0.005251
19.943997 -0.003978
19.948998 -0.007983
19.953999 -0.006903
19.959000 -0.004435
19.964001 -0.012071
19.969002 -0.005177
19.974003 -0.005158
19.979004 -0.005538
19.984005 0.000170
19.989006 -0.002594
19.994007 0.002000
19.999008 0.002282
20.004009 0.007058
20.009010 0.010046
20.014011 0.008407
20.019012 0.013656
20.024013 0.012438
20.029014 0.011957
20.034015 0.017443
20.039016 0.015611
20.044017 0.011904
20.049018 0.016540
20.054019 0.015489
20.059020 0.010513
20.064021 0.011503
20.069022 0.014003
20.074023 0.012683
20.079024 0.010250
20.084025 0.010643
20.089026 0.012760
20.094027 0.016036
20.099028 0.012897
20.104029 0.014468
20.109030 0.019281
20.114031 0.017204
20.119032 0.019020
20.124033 0.021799
20.129034 0.023287
20.134035 0.022183
20.139036 0.025617
20.144037 0.026088
20.149038 0.022905
20.154039 0.025644
20.159040 0.021362
20.164041 0.019940
20.169042 0.020739
20.174043 0.015575
20.179044 0.010245
20.184045 0.006161
20.189046 0.004921
20.194047 0.001228
20.199048 -0.005318
20.204049 -0.007079
20.209050 -0.010495
20.214051 -0.014793
20.219052 -0.016264
20.224053 -0.017893
20.229054 -0.014378
20.234055 -0.019702
20.239056 -0.020175
20.244057 -0.014139
20.249058 -0.017564
20.254059 -0.013792
20.259060 -0.016849
20.264061 -0.015450
20.269062 -0.012566
20.274063 -0.019205
20.279064 -0.014393
20.284065 -0.017973
20.289066 -0.020592
20.294067 -0.018289
20.299068 -0.024209
20.304069 -0.023134
20.309070 -0.023509
20.314071 -0.026520
20.319072 -0.029806
20.324073 -0.033634
20.329074 -0.029462
20.334075 -0.033532
20.339076 -0.037748
20.344077 -0.035177
20.349078 -0.037839
20.354079 -0.038157
20.359080 -0.036280
20.364081 -0.036850
20.369082 -0.037309
20.374083 -0.031762
20.379084 -0.033716
20.384085 -0.032597
20.389086 -0.024435
20.394087 -0.025773
20.399088 -0.021799
20.404089 -0.015804
20.409090 -0.014225
20.414091 -0.007155
20.419092 -0.003678
20.424093 -0.001107
20.429094 0.007763
20.434095 0.007569
20.439096 0.010315
20.444097 0.015434
20.449098 0.019209
20.454099 0.021536
20.459100 0.021864
20.464101 0.028110
20.469102 0.026896
20.474103 0.029964
20.479104 0.032484
20.484105 0.028490
20.489106 0.032036
20.494107 0.030803
20.499108 0.028644
20.504109 0.029972
20.509110 0.025288
20.514111 0.027682
20.519112 0.026208
20.524113 0.022275
20.529114 0.025937
20.534115 0.020845
20.539116 0.018322
20.544117 0.019207
20.549118 0.019145
20.554119 0.019381
20.559120 0.015972
20.564121 0.013941
20.569122 0.017427
20.574123 0.016270
20.579124 0.013286
20.584125 0.016376
20.589126 0.017125
20.594127 0.016011
20.599128 0.017655
20.604129 0.017953
20.609130 0.014741
20.614131 0.019020
20.619132 0.016365
20.624133 0.014172
20.629134 0.020589
20.634135 0.015437
20.639136 0.013702
20.644137 0.015235
20.649138 0.014278
20.654139 0.014892
20.659140 0.013181
20.664141 0.009075
20.669142 0.011858
20.674143 0.012424
20.679144 0.007922
20.684145 0.011555
20.689146 0.008693
20.694147 0.008717
20.699148 0.008696
20.704149 0.006673
20.709150 0.009694
20.714151 0.007315
20.719152 0.006092
20.724153 0.005634
20.729154 0.005398
20.734155 0.002521
20.739156 0.002538
20.744157 0.001207
20.749158 -0.000282
20.754159 0.000789
20.759160 -0.001477
20.764161 -0.003512
20.769162 -0.004238
20.774163 -0.000451
20.779164 -0.007377
20.784165 -0.004901
20.789166 -0.002427
20.794167 -0.010694
20.799168 -0.006728
20.804169 -0.010072
20.809170 -0.009688
20.814171 -0.012686
20.819172 -0.016414
20.824173 -0.014307
20.829174 -0.018350
20.834175 -0.019968
20.839176 -0.021504
20.844177 -0.022590
20.849178 -0.024517
20.854179 -0.021364
20.859180 -0.026091
20.864181 -0.024040
20.869182 -0.021007
20.874183 -0.027298
20.879184 -0.018455
20.884185 -0.019254
20.889186 -0.019178
20.894187 -0.016490
20.899188 -0.016052
20.904189 -0.013316
20.909190 -0.015796
20.914191 -0.010864
20.919192 -0.014539
20.924193 -0.016134
20.929194 -0.010736
20.934195 -0.014691
20.939196 -0.016139
20.944197 -0.013862
20.949198 -0.015212
20.954199 -0.016526
20.959200 -0.016251
20.964201 -0.018696
20.969202 -0.014749
20.974203 -0.016128
20.979204 -0.019616
20.984205 -0.014495
20.989206 -0.015268
20.994207 -0.016776
20.999208 -0.016627
21.004209 -0.015680
21.009210 -0.015764
21.014211 -0.013997
21.019212 -0.013607
21.024213 -0.013056
21.029214 -0.011863
21.034215 -0.013256
21.039216 -0.008566
21.044217 -0.007852
21.049218 -0.006394
21.054219 -0.004065
21.059220 -0.004426
21.064221 -0.003463
21.069222 0.002058
21.074223 0.003704
21.079224 -0.001255
21.084225 0.005026
21.089226 0.003979
21.094227 0.002766
21.099228 0.006323
21.104229 0.001841
21.109230 0.001409
21.114231 0.003734
21.119232 0.002365
21.124233 -0.000041
21.129234 0.002092
21.134235 0.003108
21.139236 0.004350
21.144237 0.000664
21.149238 0.001108
21.154239 0.008663
21.159240 0.005388
21.164241 0.008372
21.169242 0.014640
21.174243 0.012333
21.179244 0.016819
21.184245 0.019071
21.189246 0.023870
21.194247 0.027905
21.199248 0.022405
21.204249 0.032131
21.209250 0.031748
21.214251 0.030374
21.219252 0.034643
21.224253 0.030375
21.229254 0.033578
21.234255 0.031176
21.239256 0.034245
21.244257 0.030730
21.249258 0.028731
21.254259 0.030336
21.259260 0.026878
21.264261 0.027948
21.269262 0.023013
21.274263 0.027649
21.279264 0.021493
21.284265 0.020313
21.289266 0.025402
21.294267 0.019398
21.299268 0.020606
21.304269 0.016446
21.309270 0.016935
21.314271 0.013321
21.319272 0.011023
21.324273 0.008845
21.329274 0.004040
21.334275 0.002281
21.339276 -0.006385
21.344277 -0.003296
21.349278 -0.011545
21.354279 -0.018310
21.359280 -0.016375
21.364281 -0.024292
21.369282 -0.024050
21.374283 -0.026572
21.379284 -0.031911
21.384285 -0.030033
21.389286 -0.031359
21.394287 -0.035037
21.399288 -0.031880
21.404289 -0.033952
21.409290 -0.034050
21.414291 -0.031819
21.419292 -0.031615
21.424293 -0.027633
21.429294 -0.025372
21.434295 -0.024859
21.439296 -0.024787
21.444297 -0.016706
21.449298 -0.016533
21.454299 -0.014979
21.459300 -0.010762
21.464301 -0.013802
21.469302 -0.006038
21.474303 -0.003399
21.479304 -0.004887
21.484305 -0.005255
21.489306 -0.000053
21.494307 0.002520
21.499308 -0.003121
21.504309 0.002685
21.509310 0.000819
21.514311 0.001082
21.519312 0.001743
21.524313 -0.002566
21.529314 0.002862
21.534315 -0.002111
21.539316 -0.002442
21.544317 -0.001608
21.549319 -0.003253
21.554320 -0.000964
21.559321 -0.004715
21.564322 -0.001292
21.569323 -0.000034
21.574324 -0.001684
21.579325 -0.001000
21.584326 0.000693
21.589327 0.006061
21.594328 0.003967
21.599329 0.003099
21.604330 0.009161
21.609331 0.007947
21.614332 0.008081
21.619333 0.008394
21.624334 0.005685
21.629335 0.008203
21.634336 0.007892
21.639337 0.006117
21.644338 0.004501
21.649339 0.004399
21.654340 0.003513
21.659341 0.001457
21.664342 -0.000557
21.669343 -0.002388
21.674344 -0.001183
21.679345 -0.003455
21.684346 -0.003234
21.689347 -0.004234
21.694348 -0.003366
21.699349 0.001882
21.704350 -0.001129
21.709351 0.002530
21.714352 0.009358
21.719353 0.009127
21.724354 0.011397
21.729355 0.015329
21.734356 0.017711
21.739357 0.018063
21.744358 0.020626
21.749359 0.017926
21.754360 0.015961
21.759361 0.021082
21.764362 0.013882
21.769363 0.010641
21.774364 0.013083
21.779365 0.004976
21.784366 0.001375
21.789367 0.002753
21.794368 -0.001496
21.799369 -0.004609
21.804370 -0.003945
21.809371 -0.006166
21.814372 -0.009060
21.819373 -0.008614
21.824374 -0.007152
21.829375 -0.008170
21.834376 -0.005771
21.839377 -0.005736
21.844378 -0.005728
21.849379 -0.003035
21.854380 -0.003729
21.859381 -0.000711
21.864382 -0.000159
21.869383 0.000821
21.874384 0.005135
21.879385 0.004679
21.884386 0.005310
21.889387 0.010938
21.894388 0.010966
21.899389 0.012054
21.904390 0.010924
21.909391 0.012806
21.914392 0.019271
21.919393 0.009136
21.924394 0.015010
21.929395 0.016912
21.934396 0.007581
21.939397 0.013583
21.944398 0.009187
21.949399 0.008602
21.954400 0.008571
21.959401 0.004351
21.964402 0.004649
21.969403 0.003222
21.974404 0.002832
21.979405 0.000064
21.984406 0.000967
21.989407 -0.001117
21.994408 -0.004183
21.999409 -0.002229
22.004410 -0.003701
22.009411 -0.001793
22.014412 -0.001069
22.019413 -0.004343
22.024414 -0.002109
22.029415 0.001560
22.034416 -0.001022
22.039417 0.000257
22.044418 0.004024
22.049419 0.001312
22.054420 0.002363
22.059421 0.003366
22.064422 0.004314
22.069423 0.002099
22.074424 0.001868
22.079425 0.004748
22.084426 -0.000879
22.089427 0.000339
22.094428 0.001229
22.099429 -0.002132
22.104430 -0.005735
22.109431 -0.005370
22.114432 -0.004588
22.119433 -0.012496
22.124434 -0.009530
22.129435 -0.007649
22.134436 -0.012247
22.139437 -0.013019
22.144438 -0.013764
22.149439 -0.007985
22.154440 -0.008926
22.159441 -0.013745
22.164442 -0.010277
22.169443 -0.008992
22.174444 -0.007252
22.179445 -0.009171
22.184446 -0.007779
22.189447 -0.002647
22.194448 -0.006339
22.199449 -0.005859
22.204450 -0.003905
22.209451 -0.003422
22.214452 -0.002374
22.219453 -0.005826
22.224454 -0.008943
22.229455 -0.009211
22.234456 -0.008270
22.239457 -0.012461
22.244458 -0.015481
22.249459 -0.013518
22.254460 -0.018209
22.259461 -0.021441
22.264462 -0.018195
22.269463 -0.021144
22.274464 -0.021979
22.279465 -0.018065
22.284466 -0.021305
22.289467 -0.019363
22.294468 -0.016734
22.299469 -0.017853
22.304470 -0.011955
22.309471 -0.009639
22.314472 -0.011310
22.319473 -0.006142
22.324474 -0.006687
22.329475 -0.002650
22.334476 0.004694
22.339477 -0.008579
22.344478 0.000685
22.349479 0.007125
22.354480 -0.003057
22.359481 0.004725
22.364482 0.002263
22.369483 0.002330
22.374484 0.002301
22.379485 0.003333
22.384486 0.002361
22.389487 -0.000487
22.394488 0.005785
22.399489 0.001751
22.404490 0.003869
22.409491 0.006195
22.414492 0.005744
22.419493 0.009481
22.424494 0.007479
22.429495 0.008536
22.434496 0.015182
22.439497 0.014857
22.444498 0.010952
22.449499 0.017278
22.454500 0.018082
22.459501 0.015501
22.464502 0.018239
22.469503 0.017842
22.474504 0.016361
22.479505 0.016448
22.484506 0.018096
22.489507 0.013122
22.494508 0.017080
22.499509 0.017396
22.504510 0.011389
22.509511 0.016900
22.514512 0.012691
22.519513 0.014324
22.524514 0.014531
22.529515 0.013198
22.534516 0.013476
22.539517 0.011253
22.544518 0.016355
22.549519 0.014610
22.554520 0.016999
22.559521 0.014795
22.564522 0.014318
22.569523 0.015405
22.574524 0.013391
22.579525 0.016900
22.584526 0.011278
22.589527 0.012815
22.594528 0.011768
22.599529 0.007769
22.604530 0.011969
22.609531 0.005960
22.614532 0.004892
22.619533 0.002484
22.624534 -0.001361
22.629535 0.001328
22.634536 -0.005045
22.639537 -0.006837
22.644538 -0.010412
22.649539 -0.014063
22.654540 -0.013702
22.659541 -0.017546
22.664542 -0.017117
22.669543 -0.021468
22.674544 -0.022651
22.679545 -0.021644
22.684546 -0.024328
22.689547 -0.019851
22.694548 -0.021934
22.699549 -0.022965
22.704550 -0.017344
22.709551 -0.015691
22.714552 -0.013584
22.719553 -0.011889
22.724554 -0.009372
22.729555 -0.006069
22.734556 -0.002553
22.739557 -0.004548
22.744558 -0.003871
22.749559 0.000449
22.754560 -0.002437
22.759561 -0.003935
22.764562 -0.004782
22.769563 -0.005388
22.774564 -0.005203
22.779565 -0.007195
22.784566 -0.012693
22.789567 -0.010381
22.794568 -0.007120
22.799569 -0.014155
22.804570 -0.013867
22.809571 -0.011212
22.814572 -0.011142
22.819573 -0.012187
22.824574 -0.012717
22.829575 -0.011994
22.834576 -0.012625
22.839577 -0.010325
22.844578 -0.013518
22.849579 -0.014111
22.854580 -0.011801
22.859581 -0.011575
22.864582 -0.011181
22.869583 -0.012112
22.874584 -0.008633
22.879585 -0.012109
22.884586 -0.009782
22.889587 -0.002037
22.894588 -0.006711
22.899589 -0.004909
22.904590 -0.001035
22.909591 -0.002729
22.914592 0.001419
22.919593 0.003274
22.924594 -0.001367
22.929595 0.004458
22.934596 0.007337
22.939597 0.000768
22.944598 0.005939
22.949599 0.008394
22.954600 0.007720
22.959601 0.009392
22.964602 0.010965
22.969603 0.012067
22.974604 0.010522
22.979605 0.015089
22.984606 0.014491
22.989607 0.015240
22.994608 0.017313
22.999609 0.014800
23.004610 0.016717
23.009611 0.015148
23.014612 0.016484
23.019613 0.016820
23.024614 0.012190
23.029615 0.015135
23.034616 0.014306
23.039617 0.009798
23.044618 0.010321
23.049619 0.010176
23.054620 0.009567
23.059621 0.007384
23.064622 0.008852
23.069623 0.009848
23.074624 0.006201
23.079625 0.007840
23.084626 0.009564
23.089627 0.006843
23.094628 0.010635
23.099629 0.007629
23.104630 0.004043
23.109631 0.012295
23.114632 0.005021
23.119633 0.005176
23.124634 0.008209
23.129635 0.004081
23.134636 0.007212
23.139637 0.003673
23.144638 0.002969
23.149639 0.004923
23.154640 0.003943
23.159641 -0.001996
23.164642 -0.000034
23.169643 -0.000145
23.174644 -0.003937
23.179645 -0.004238
23.184646 -0.009144
23.189647 -0.010521
23.194648 -0.011036
23.199649 -0.013037
23.204650 -0.017881
23.209651 -0.016466
23.214652 -0.019858
23.219653 -0.017809
23.224654 -0.019311
23.229655 -0.022998
23.234656 -0.015202
23.239657 -0.019942
23.244658 -0.015680
23.249659 -0.014107
23.254660 -0.012980
23.259661 -0.010985
23.264662 -0.009077
23.269663 -0.003656
23.274664 -0.009064
23.279665 -0.003657
23.284666 -0.003974
23.289667 -0.002787
23.294668 -0.000083
23.299669 -0.003808
23.304670 0.000176
23.309671 0.002089
23.314672 0.003021
23.319673 0.001662
23.324674 0.004091
23.329675 0.006913
23.334676 0.006695
23.339677 0.004393
23.344678 0.007368
23.349679 0.010578
23.354680 0.005102
23.359681 0.009618
23.364682 0.009785
23.369683 0.005610
23.374684 0.011585
23.379685 0.006715
23.384686 0.004651
23.389687 0.008662
23.394688 0.006957
23.399689 0.009617
23.404690 0.004570
23.409691 0.009330
23.414692 0.011221
23.419693 0.007669
23.424694 0.013744
23.429695 0.009459
23.434696 0.012750
23.439697 0.011814
23.444698 0.011808
23.449699 0.014262
23.454700 0.009790
23.459701 0.011583
23.464702 0.010901
23.469703 0.009523
23.474704 0.006814
23.479705 0.008768
23.484706 0.006083
23.489707 0.002915
23.494708 0.004769
23.499709 0.000515
23.504710 -0.000247
23.509711 -0.002113
23.514712 -0.003279
23.519713 -0.006162
23.524714 -0.009104
23.529715 -0.007238
23.534716 -0.012551
23.539717 -0.010027
23.544718 -0.011828
23.549719 -0.015121
23.554720 -0.009963
23.559721 -0.016104
23.564722 -0.014601
23.569723 -0.015282
23.574724 -0.013002
23.579725 -0.014041
23.584726 -0.019429
23.589727 -0.013838
23.594728 -0.017549
23.599729 -0.016072
23.604730 -0.019470
23.609731 -0.017356
23.614732 -0.014612
23.619733 -0.020683
23.624734 -0.015871
23.629735 -0.015629
23.634736 -0.013924
23.639737 -0.016406
23.644738 -0.013111
23.649739 -0.009039
23.654740 -0.013703
23.659741 -0.007331
23.664742 -0.007342
23.669743 -0.008199
23.674744 -0.003194
23.679745 -0.005144
23.684746 -0.004884
23.689747 -0.000187
23.694748 0.000446
23.699749 0.000800
23.704750 -0.000356
23.709751 0.002904
23.714752 0.007148
23.719753 0.002723
23.724754 0.007732
23.729755 0.009641
23.734756 0.007074
23.739757 0.011559
23.744758 0.010106
23.749759 0.011323
23.754760 0.012009
23.759761 0.008495
23.764762 0.011102
23.769763 0.009984
23.774764 0.008250
23.779765 0.007400
23.784766 0.002667
23.789767 0.004581
23.794768 0.003362
23.799769 -0.000966
23.804770 -0.002730
23.809771 -0.003551
23.814772 -0.001626
23.819774 -0.007060
23.824775 -0.007589
23.829776 -0.004535
23.834777 -0.009348
23.839778 -0.007697
23.844779 -0.008266
23.849780 -0.009291
23.854781 -0.006100
23.859782 -0.010040
23.864783 -0.008425
23.869784 -0.006604
23.874785 -0.004316
23.879786 -0.005709
23.884787 -0.006618
23.889788 0.002320
23.894789 -0.004381
23.899790 -0.003987
23.904791 0.001736
23.909792 0.000128
23.914793 0.001600
23.919794 -0.000670
23.924795 0.004338
23.929796 0.003633
23.934797 0.000902
23.939798 0.005310
23.944799 0.002113
23.949800 0.004484
23.954801 0.004889
23.959802 0.003232
23.964803 0.005968
23.969804 0.001742
23.974805 0.005536
23.979806 0.007434
23.984807 0.003026
23.989808 0.004271
23.994809 0.007737
23.999810 0.008811
24.004811 0.006017
24.009812 0.008866
24.014813 0.011117
24.019814 0.009991
24.024815 0.013194
24.029816 0.013987
24.034817 0.013765
24.039818 0.016661
24.044819 0.014989
24.049820 0.018705
24.054821 0.019355
24.059822 0.014040
24.064823 0.020202
24.069824 0.020448
24.074825 0.015367
24.079826 0.016767
24.084827 0.016279
24.089828 0.014433
24.094829 0.013356
24.099830 0.012494
24.104831 0.009018
24.109832 0.008078
24.114833 0.008382
24.119834 0.006388
24.124835 0.003761
24.129836 0.000548
24.134837 0.005578
24.139838 0.001051
24.144839 -0.002365
24.149840 0.000589
24.154841 -0.000192
24.159842 -0.000047
24.164843 -0.004153
24.169844 0.000757
24.174845 -0.001984
24.179846 -0.002375
24.184847 -0.000090
24.189848 -0.005889
24.194849 -0.002089
24.199850 -0.000804
24.204851 -0.004959
24.209852 -0.006294
24.214853 -0.002384
24.219854 -0.005431
24.224855 -0.004594
24.229856 -0.001775
24.234857 -0.005087
24.239858 -0.003744
24.244859 -0.005981
24.249860 -0.005990
24.254861 -0.004392
24.259862 -0.004757
24.264863 -0.008046
24.269864 -0.008858
24.274865 -0.005834
24.279866 -0.010480
24.284867 -0.009894
24.289868 -0.007595
24.294869 -0.010503
24.299870 -0.009413
24.304871 -0.010422
24.309872 -0.009569
24.314873 -0.009384
24.319874 -0.011744
24.324875 -0.009580
24.329876 -0.008900
24.334877 -0.009118
24.339878 -0.009121
24.344879 -0.007777
24.349880 -0.007107
24.354881 -0.008783
24.359882 -0.005669
24.364883 -0.005383
24.369884 -0.008440
24.374885 -0.002504
24.379886 -0.007000
24.384887 -0.009780
24.389888 -0.002466
24.394889 -0.005610
24.399890 -0.006831
24.404891 -0.007614
24.409892 -0.004460
24.414893 -0.005785
24.419894 -0.007175
24.424895 -0.005289
24.429896 -0.009608
24.434897 -0.005573
24.439898 -0.006158
24.444899 -0.009823
24.449900 -0.005201
24.454901 -0.006006
24.459902 -0.009857
24.464903 -0.005174
24.469904 -0.006835
24.474905 -0.007345
24.479906 -0.005631
24.484907 -0.005624
24.489908 -0.002888
24.494909 -0.007782
24.499910 -0.005842
24.504911 -0.004374
24.509912 -0.000022
24.514913 -0.002292
24.519914 -0.008136
24.524915 -0.000567
24.529916 -0.002995
24.534917 -0.000604
24.539918 -0.002583
24.544919 -0.005974
24.549920 -0.000270
24.554921 -0.002967
24.559922 -0.002199
24.564923 -0.002288
24.569924 -0.001348
24.574925 -0.000931
24.579926 -0.000015
24.584927 0.001643
24.589928 0.000964
24.594929 0.001935
24.599930 0.003802
24.604931 0.004877
24.609932 0.000299
24.614933 0.004936
24.619934 0.002095
24.624935 0.003130
24.629936 0.002668
24.634937 -0.003424
24.639938 0.004168
24.644939 -0.004979
24.649940 -0.000820
24.654941 0.001185
24.659942 -0.007947
24.664943 -0.004395
24.669944 -0.003002
24.674945 -0.004961
24.679946 -0.008084
24.684947 -0.004081
24.689948 -0.005585
24.694949 -0.002435
24.699950 -0.003399
24.704951 -0.007173
24.709952 -0.002285
24.714953 -0.000187
24.719954 -0.000434
24.724955 -0.000980
24.729956 0.001002
24.734957 0.001721
24.739958 0.006302
24.744959 0.003876
24.749960 0.009411
24.754961 0.012860
24.759962 0.007061
24.764963 0.014329
24.769964 0.014894
24.774965 0.016479
24.779966 0.018805
24.784967 0.014131
24.789968 0.019040
24.794969 0.022021
24.799970 0.013376
24.804971 0.018238
24.809972 0.020038
24.814973 0.012341
24.819974 0.016418
24.824975 0.012548
24.829976 0.015188
24.834977 0.013846
24.839978 0.006912
24.844979 0.013328
24.849980 0.011533
24.854981 0.011306
24.859982 0.009383
24.864983 0.013212
24.869984 0.010249
24.874985 0.008178
24.879986 0.017243
24.884987 0.009224
24.889988 0.014981
24.894989 0.015575
24.899990 0.011466
24.904991 0.015569
24.909992 0.015172
24.914993 0.017209
24.919994 0.013247
24.924995 0.016984
24.929996 0.015475
24.934997 0.013437
24.939998 0.014929
24.944999 0.012664
24.950000 0.014220
